/*--------------------------------*- C++ -*----------------------------------*\
  =========                 |
  \\      /  F ield         | OpenFOAM: The Open Source CFD Toolbox
   \\    /   O peration     | Website:  https://openfoam.org
    \\  /    A nd           | Version:  13
     \\/     M anipulation  |
\*---------------------------------------------------------------------------*/
FoamFile
{
    format      ascii;
    class       volVectorField;
    location    "25";
    object      U;
}
// * * * * * * * * * * * * * * * * * * * * * * * * * * * * * * * * * * * * * //

dimensions      [0 1 -1 0 0 0 0];

internalField   nonuniform List<vector> 
1515
(
(0.166808 -0.00495598 0.000664958)
(0.153406 -0.00722527 0.011921)
(0.139962 -0.0131392 0.0272937)
(0.151455 -0.00802855 0.0103595)
(0.126528 0.00869188 0.0180818)
(0.151446 -0.00802981 0.0103563)
(0.147897 -0.014824 0.028853)
(0.171655 -0.0309537 0.0365035)
(0.182752 -0.00123741 0.0065269)
(0.154677 -0.00815553 0.00929943)
(0.169582 -0.00683205 -0.00504828)
(0.154608 -0.00813152 0.00942578)
(0.175678 0.00420874 0.00354337)
(0.115338 0.0146981 -0.00463588)
(0.169277 0.00552538 0.00701511)
(0.163065 -0.0163531 0.0329079)
(0.169622 -0.00676562 -0.00508091)
(0.121119 -0.0123977 0.0260243)
(0.169975 -0.00697072 -0.00494079)
(0.172609 0.0014078 0.00407251)
(0.174664 -0.0383576 0.0312203)
(0.17128 -0.0313439 0.0366439)
(0.164752 0.00376027 0.00882463)
(0.153247 0.0040051 0.0242988)
(0.172768 -0.00429448 -0.00130712)
(0.165094 -0.0350854 0.0150614)
(0.171574 -9.56923e-05 -0.00176543)
(0.125945 -0.0158285 -0.00708631)
(0.180655 -0.00248407 -0.00552214)
(0.180041 -0.00961177 -0.0023494)
(0.181606 -0.00611669 0.00527577)
(0.177501 0.00401687 -0.00111311)
(0.180011 0.00544788 0.00279326)
(0.175322 -0.00297227 -0.00434473)
(0.182269 -0.00144805 0.00660875)
(0.152401 -0.0210209 -0.00308155)
(0.16706 -0.00510391 0.000736915)
(0.164394 -0.030853 0.035198)
(0.175388 0.00408355 0.003619)
(0.151468 -0.0082944 0.0103064)
(0.176125 -0.00570466 0.00429727)
(0.126518 0.00869007 0.0180786)
(0.174636 -0.0383513 0.0312189)
(0.181479 -0.00615267 0.00529401)
(0.172505 -0.037166 0.0319004)
(0.152541 -0.00765156 0.0102678)
(0.131598 -0.0178391 0.0203093)
(0.15364 -0.0210669 -0.00384417)
(0.154676 -0.0081126 0.00928619)
(0.178637 -0.00575733 -0.00228748)
(0.115353 0.0146926 -0.00463447)
(0.153892 -0.0100257 0.00722256)
(0.151532 -0.0082959 0.010314)
(0.151572 -0.00856801 0.00990282)
(0.16505 -0.0350816 0.0150665)
(0.169919 -0.0373867 0.0397275)
(0.182693 -0.00523605 0.00604896)
(0.115805 0.00343561 -0.0159608)
(0.178632 -0.00575667 -0.00228819)
(0.153841 -0.00722679 0.0100738)
(0.180037 -0.00961151 -0.00234763)
(0.152316 -0.00678644 0.0113377)
(0.114554 -0.0274049 0.00691129)
(0.140669 -0.0155855 0.0245018)
(0.176565 -0.00063092 0.00177447)
(0.169636 0.00527461 0.00696427)
(0.179907 -0.000127641 -0.00407429)
(0.178699 -0.00579888 -0.00225184)
(0.140636 -0.0156038 0.0245155)
(0.130137 -0.0217274 0.0199587)
(0.151578 -0.00856888 0.00990145)
(0.175678 0.00421029 0.00354166)
(0.140676 -0.0155853 0.0245061)
(0.175167 0.00310459 0.00313634)
(0.17193 4.39968e-06 -0.00192814)
(0.172883 0.000447477 0.00540473)
(0.174588 -0.0383373 0.0312537)
(0.152606 0.00191883 0.0207429)
(0.180004 0.00544732 0.00279467)
(0.174411 -0.0015035 -0.00241941)
(0.173756 0.00371311 0.00395757)
(0.175418 0.00451484 0.00316277)
(0.182492 -0.00155211 0.00623137)
(0.15221 0.0039253 0.0232534)
(0.175228 0.00357393 0.00258856)
(0.179845 0.00446494 0.00159033)
(0.180693 0.00551511 0.00247671)
(0.131862 -0.0178005 0.0202848)
(0.1735 -0.0326975 0.0367197)
(0.179998 0.00544971 0.00279744)
(0.121069 -0.0261749 0.0122739)
(0.151573 -0.0201559 -0.00103114)
(0.154802 -0.00816335 0.00940512)
(0.213966 -0.000823895 0.0101722)
(0.181854 -0.00350743 0.00461862)
(0.153909 -0.0100511 0.00724908)
(0.171816 0.00242125 0.00124925)
(0.152297 -0.0067817 0.0113293)
(0.152255 -0.0112488 0.00692555)
(0.130142 -0.0217438 0.0199567)
(0.14043 -0.0156478 0.0245543)
(0.165139 -0.0310311 0.0351559)
(0.17387 -0.0380329 0.0305933)
(0.153755 -0.0208656 -0.00359561)
(0.156426 -0.0109304 0.0121665)
(0.139994 -0.0267576 0.0138021)
(0.125926 -0.0158175 -0.007082)
(0.164979 -0.0350341 0.0151255)
(0.180216 -0.00985057 -0.00209996)
(0.16236 -0.0326711 0.0163823)
(0.115395 0.0146867 -0.00463009)
(0.163054 -0.0163621 0.0329093)
(0.163147 -0.0163156 0.033027)
(0.180077 0.00273598 0.010654)
(0.18208 -0.00120745 0.00635757)
(0.11524 0.014388 -0.00481313)
(0.163693 -0.0366554 0.0317997)
(0.17436 -0.00143204 -0.00247402)
(0.175433 0.00450924 0.00317189)
(0.1693 -0.0069098 -0.00488574)
(0.180714 0.0055217 0.00263144)
(0.169392 -0.0383796 0.0389169)
(0.172612 0.00141056 0.00407323)
(0.151533 -0.00808752 0.0104063)
(0.182509 -0.00166173 0.00616833)
(0.115472 0.0146073 -0.00457651)
(0.126504 0.00865048 0.0181109)
(0.179969 0.00547994 0.00276595)
(0.180705 -0.00254347 -0.00547434)
(0.121138 -0.0123811 0.0260045)
(0.181587 -0.004188 0.00391919)
(0.18088 0.00542232 0.00280729)
(0.152628 -0.0199933 -0.00146382)
(0.180434 0.00461449 0.00116066)
(0.130075 -0.0200724 0.0216567)
(0.182498 -0.00132919 0.00599765)
(0.165058 -0.0350856 0.0150575)
(0.165651 -0.0351416 0.0307932)
(0.181657 -0.00385044 0.00424873)
(0.13179 -0.0178824 0.0204172)
(0.178375 0.00183187 -0.00238926)
(0.16507 -0.0350825 0.0150647)
(0.178621 -0.00575497 -0.00228684)
(0.172487 0.00136044 0.0045431)
(0.172826 0.00143998 0.00441518)
(0.181585 -0.00612593 0.00526014)
(0.126525 0.00868884 0.0180779)
(0.173362 -0.0374201 0.0304643)
(0.179601 -0.00908738 0.00125626)
(0.117068 0.0140651 -0.00175173)
(0.153866 -0.0072223 0.0100701)
(0.180123 0.00279966 0.0100069)
(0.162543 -0.0166341 0.0324442)
(0.172854 0.00124983 0.00474309)
(0.17875 -0.00807729 0.00222998)
(0.163022 -0.0163535 0.0329045)
(0.172692 0.00136671 0.00426603)
(0.179081 -0.00666639 -0.00282541)
(0.165083 -0.0350965 0.0150642)
(0.213911 -0.000905313 0.0102324)
(0.213131 0.00106042 0.0120707)
(0.178474 -0.00817868 0.00233066)
(0.173578 0.00755442 -0.000842373)
(0.21414 0.00115367 0.0122175)
(0.174649 -0.0383692 0.0312328)
(0.163697 -0.0366492 0.0318064)
(0.153412 -0.00724801 0.0118921)
(0.162559 -0.0166367 0.0324431)
(0.140664 -0.0155838 0.0245042)
(0.15269 -0.00769212 0.0103534)
(0.152651 -0.0198681 -0.00142636)
(0.170676 -0.00565145 0.0109372)
(0.174656 -0.0383508 0.0312177)
(0.170065 -0.0398609 0.0371139)
(0.15253 -0.00764919 0.0102722)
(0.151518 -0.00808312 0.0104096)
(0.171407 -0.00248434 -0.000166923)
(0.152724 -0.0102907 0.00935957)
(0.153419 -0.00722553 0.0119202)
(0.152535 0.00190582 0.0207541)
(0.18072 0.00552195 0.00262312)
(0.154614 -0.0081742 0.00944239)
(0.125918 -0.0158149 -0.00708672)
(0.174626 -0.0383384 0.0312153)
(0.170174 -0.0398991 0.0370923)
(0.152666 -0.0207011 -0.00191422)
(0.181638 -0.00388493 0.00428862)
(0.15472 -0.00823365 0.009263)
(0.179901 -0.00012724 -0.00407327)
(0.166718 -0.00492427 0.000623178)
(0.175691 0.00420958 0.00354093)
(0.169935 -0.0373152 0.0397146)
(0.153316 -0.00958281 0.00845364)
(0.153862 -0.00722199 0.0100698)
(0.151446 -0.00802806 0.0103601)
(0.174443 0.00245325 0.00153242)
(0.173085 -0.032831 0.0364868)
(0.153994 -0.00732835 0.0100403)
(0.165651 -0.0351847 0.0308299)
(0.173471 -0.0326816 0.0367097)
(0.163042 -0.0163526 0.0329071)
(0.153786 -0.0207649 -0.00361063)
(0.175002 -0.0385352 0.0311038)
(0.154732 -0.00823294 0.00925994)
(0.180192 -0.00159043 -0.00498499)
(0.213996 -0.000842308 0.0101846)
(0.181586 -0.00611832 0.00527742)
(0.174657 -0.0383546 0.0312219)
(0.153585 -0.0208631 -0.0035474)
(0.213951 -0.000824924 0.0101721)
(0.172829 0.00143913 0.00442039)
(0.140675 -0.0155866 0.0245072)
(0.121059 -0.0261843 0.0122743)
(0.175749 -0.0379478 0.0320126)
(0.182744 -0.00124145 0.00652754)
(0.179843 -0.000195261 -0.00400972)
(0.153213 -0.00728964 0.0119574)
(0.140822 -0.0160569 0.0238591)
(0.179998 0.00264278 0.013573)
(0.115024 -0.00718331 0.0266717)
(0.163026 -0.0163811 0.032932)
(0.164509 -0.0307457 0.0351477)
(0.126707 0.00895727 0.0185477)
(0.153522 -0.0205523 -0.00085089)
(0.17921 0.005888 0.00834353)
(0.154103 0.00543515 0.0227382)
(0.153896 -0.0211217 -0.00393879)
(0.174429 0.00250801 0.00146676)
(0.172582 0.00118733 0.00444731)
(0.152614 -0.0206431 -0.00196544)
(0.175085 0.00437503 0.00324805)
(0.130005 -0.0201003 0.0216468)
(0.125988 -0.0153122 -0.00668193)
(0.131921 -0.0176714 0.0202618)
(0.15531 -0.00845452 0.00983886)
(0.154628 -0.0081781 0.00943723)
(0.152517 -0.00763597 0.010263)
(0.13206 -0.0177111 0.0203609)
(0.213948 -0.00126969 0.00981091)
(0.170166 -0.0399254 0.0371366)
(0.164973 -0.0351886 0.030565)
(0.126556 0.00870079 0.0180784)
(0.17272 0.00137502 0.00424671)
(0.171496 0.000214037 0.00247111)
(0.182768 -0.0012397 0.00652574)
(0.125934 -0.0159442 -0.00713854)
(0.169678 -0.0390993 0.0381581)
(0.173119 0.00133791 0.00459338)
(0.16948 -0.03832 0.0389232)
(0.171283 -0.03134 0.0366546)
(0.125915 -0.0158156 -0.00708099)
(0.152308 -0.011228 0.00689924)
(0.172532 0.00134838 0.00456695)
(0.173596 -0.0326786 0.0367863)
(0.149628 0.00792011 0.0295433)
(0.152574 0.00198587 0.0206594)
(0.153722 -0.0211263 -0.00388407)
(0.173518 -0.0326983 0.03672)
(0.17147 0.000191225 0.00250809)
(0.165422 0.0130681 0.00924702)
(0.11536 0.0146992 -0.00464094)
(0.152731 -0.0199029 -0.00135608)
(0.178819 -0.00596063 -0.00217442)
(0.169318 -0.00705215 -0.00508821)
(0.152067 -0.00685454 0.0113713)
(0.179513 -0.00969509 -0.00220631)
(0.165075 -0.0350836 0.015066)
(0.179835 0.00406775 0.000195329)
(0.163842 -0.0320624 0.0364785)
(0.173863 -0.0380244 0.030596)
(0.175283 0.00441273 0.00295976)
(0.180222 0.00535932 0.00297502)
(0.181601 -0.0042192 0.00395002)
(0.180401 0.00465359 0.00113907)
(0.173493 -0.0326966 0.0367128)
(0.169578 -0.00683061 -0.00504413)
(0.173431 -0.0374507 0.0304638)
(0.17146 0.00317543 0.00185434)
(0.126495 0.00862304 0.0180099)
(0.213956 -0.000822169 0.0101702)
(0.172515 0.00134826 0.00456943)
(0.174315 -0.00152599 -0.00238985)
(0.12104 -0.0262072 0.0122733)
(0.178666 -0.00575863 -0.00229419)
(0.121055 -0.0123461 0.0260225)
(0.154517 -0.0212623 -0.00329274)
(0.125955 0.00671625 0.0154147)
(0.153412 -0.00722475 0.0119227)
(0.163893 -0.0320493 0.036491)
(0.16672 -0.00492491 0.000622655)
(0.155461 -0.0084395 0.00980858)
(0.171676 0.00298159 0.00226833)
(0.16305 -0.0163546 0.0329083)
(0.214049 -0.0119028 -0.000771959)
(0.126567 -0.0185079 -0.00895302)
(0.181579 -0.00611758 0.00527778)
(0.180708 0.00552222 0.0026305)
(0.213223 0.00103903 0.0120815)
(0.152297 -0.00678047 0.0113269)
(0.177432 0.00192195 -0.00235608)
(0.126543 0.00869411 0.0180807)
(0.213426 -0.0124866 -0.00132833)
(0.154725 -0.00924185 0.00825293)
(0.151341 -0.00984627 0.00877806)
(0.152643 -0.0198463 -0.00140497)
(0.133077 -0.0208386 0.0174147)
(0.172227 -0.000331916 -0.00147958)
(0.162591 -0.0166237 0.0324632)
(0.175237 0.00360896 0.00262747)
(0.169612 -0.00696987 -0.00525062)
(0.182354 -0.00599018 0.00147388)
(0.153733 -0.0208451 -0.00359482)
(0.16776 -0.00636836 -0.000521468)
(0.153909 0.00394302 0.0211293)
(0.165851 -0.0353481 0.015053)
(0.154002 -0.00970416 0.0075003)
(0.162311 -0.0164151 0.032584)
(0.171721 -0.0309512 0.0365347)
(0.213981 -0.000822935 0.0101704)
(0.152675 -0.0205609 -0.00183003)
(0.180765 0.00455455 0.00356743)
(0.125938 -0.0158142 -0.00708336)
(0.178801 -0.00804705 0.00220983)
(0.132775 -0.0205437 0.0173618)
(0.152539 -0.0076503 0.0102687)
(0.1727 0.00136813 0.00426578)
(0.176482 0.00416865 -0.000856143)
(0.125902 -0.0158558 -0.00704819)
(0.152562 -0.00765003 0.0102677)
(0.203837 -0.0139139 0.0170584)
(0.149193 -0.00839137 0.010215)
(0.132891 -0.0207285 0.0173701)
(0.171854 0.00212533 0.000148435)
(0.154673 -0.00815691 0.00929834)
(0.1548 -0.00816341 0.00940401)
(0.140699 -0.0155868 0.0245065)
(0.151509 -0.00808486 0.0104089)
(0.175782 -0.0031076 0.00654051)
(0.172505 0.00134669 0.0045701)
(0.181571 -0.00611591 0.00527684)
(0.172475 -0.0319221 0.0371224)
(0.173509 -0.03271 0.0367319)
(0.152875 0.00498845 0.0229922)
(0.181715 -0.00427406 0.00330356)
(0.182089 -0.00205543 0.00658677)
(0.175234 -0.00300254 -0.00430189)
(0.166748 -0.00492411 0.000618181)
(0.178802 -0.00804783 0.00221016)
(0.181583 -0.00418928 0.00392036)
(0.180131 0.00279863 0.0100074)
(0.152644 -0.0198453 -0.00140248)
(0.175233 0.00360557 0.00262646)
(0.169654 -0.0390529 0.0381556)
(0.172825 0.00143956 0.00441438)
(0.115378 0.0147018 -0.00464607)
(0.155179 -0.00847615 0.00977557)
(0.154886 -0.00934017 0.00833357)
(0.18274 -0.00123805 0.00652746)
(0.175419 0.00451453 0.0031609)
(0.182593 -0.001 0.00627301)
(0.171454 -0.00245971 -0.000175902)
(0.173501 -0.0326888 0.0367262)
(0.182605 -0.00100321 0.00628052)
(0.165315 -0.0309341 0.035114)
(0.166708 -0.00492299 0.000624422)
(0.153904 0.00394473 0.0211294)
(0.213431 -0.0124969 -0.00135151)
(0.166702 -0.0049182 0.000620552)
(0.169916 -0.0373534 0.0396985)
(0.164458 -0.0307849 0.0351509)
(0.115345 0.0146969 -0.00463937)
(0.17146 -0.0024599 -0.000176823)
(0.157689 0.00595944 0.0269996)
(0.175671 0.00417229 0.0034989)
(0.174682 -0.0383737 0.0312233)
(0.171848 0.00212628 0.000150504)
(0.128203 -0.00480427 -0.00334453)
(0.153265 -0.00803375 0.0105943)
(0.178049 0.00267758 -0.00200058)
(0.152185 -0.0107474 0.00754852)
(0.151553 -0.00856201 0.00989923)
(0.181055 -0.00626439 0.00542577)
(0.132907 -0.020645 0.0173986)
(0.154605 -0.00817585 0.00944224)
(0.178833 -0.00804624 0.0022048)
(0.18003 0.00544987 0.00279375)
(0.181454 -0.00424813 0.00396379)
(0.174598 0.00264308 0.00171682)
(0.163031 -0.0163607 0.0329013)
(0.174559 -0.00197619 -0.00342117)
(0.164831 -0.035185 0.0305926)
(0.153435 -0.00722277 0.0119201)
(0.151448 -0.00808545 0.0104014)
(0.151453 -0.00808454 0.0104007)
(0.16505 -0.0351083 0.0150922)
(0.154726 -0.00823509 0.00926065)
(0.152567 0.00198471 0.0206587)
(0.178052 0.00267464 -0.00200437)
(0.164659 -0.00764561 -0.00276969)
(0.172688 -0.00423487 -0.00135587)
(0.169629 0.00527659 0.00696611)
(0.171453 -0.00251382 -0.000117939)
(0.15231 -0.00678683 0.0113379)
(0.182506 -0.00596423 0.00142632)
(0.17992 0.00409355 0.000140298)
(0.180108 -0.00964646 -0.00242428)
(0.153704 0.00401286 0.0211093)
(0.150457 -0.0086575 0.0106651)
(0.133176 -0.0207121 0.0173155)
(0.164897 -0.0352333 0.0306465)
(0.154805 -0.0081632 0.00940618)
(0.180721 0.00552121 0.00262281)
(0.182758 -0.00135142 0.00646054)
(0.179573 -0.00178913 0.00693886)
(0.178789 -0.00804564 0.00221041)
(0.151599 -0.0098041 0.00868957)
(0.175426 0.00450902 0.00317271)
(0.182497 -0.00154899 0.00623119)
(0.172594 0.00142477 0.00405135)
(0.174366 -0.00143074 -0.00247595)
(0.153751 -0.0208658 -0.0035936)
(0.154799 -0.0081621 0.00940566)
(0.214015 -0.000820123 0.0101656)
(0.15046 -0.00849204 0.0105723)
(0.126684 0.00895142 0.0185582)
(0.172504 0.00134588 0.00457124)
(0.165544 -0.0354713 0.0148424)
(0.153954 -0.00727265 0.0101582)
(0.179848 0.00419267 0.000315859)
(0.153845 -0.00722699 0.0100754)
(0.150562 -0.0085532 0.0106167)
(0.11585 0.0160703 -0.00335609)
(0.178137 0.00203303 -0.00258075)
(0.165732 -0.0151038 0.0352921)
(0.179801 -0.0115773 -0.000407393)
(0.173529 -0.0327021 0.0367273)
(0.213387 -0.0124434 -0.00132027)
(0.17177 0.00290123 0.000731214)
(0.151515 -0.00808758 0.0104064)
(0.126542 0.00868853 0.0180806)
(0.182599 -0.0010036 0.00628136)
(0.126629 0.00901564 0.0185725)
(0.173861 -0.037646 0.0303294)
(0.169262 -0.00702777 -0.00505934)
(0.180437 0.00461764 0.00116116)
(0.171682 -0.00280696 -0.000235348)
(0.175708 0.00421234 0.00353978)
(0.179811 -0.000161543 -0.00406292)
(0.17122 -0.0311001 0.0362396)
(0.171594 0.00043521 0.00269767)
(0.176128 -0.00125243 0.000793784)
(0.152281 -0.00683816 0.0111831)
(0.178797 -0.00804891 0.00220485)
(0.125952 -0.0158144 -0.00709317)
(0.182594 -0.000999256 0.00627607)
(0.178616 -0.00575057 -0.00228625)
(0.151452 -0.00802859 0.0103608)
(0.175657 -0.0320398 0.03791)
(0.172822 0.00143937 0.0044202)
(0.152349 -0.00755105 0.0122918)
(0.18242 -0.00786927 0.00335308)
(0.154606 -0.00817711 0.00944006)
(0.174696 0.0085427 0.0117954)
(0.184063 -0.00667615 -0.0154775)
(0.178897 0.0104694 0.00303891)
(0.128069 -0.0096836 -0.00837757)
(0.130007 0.013306 0.0125919)
(0.12736 -0.00805766 0.0191603)
(0.129589 -0.000357055 0.0139779)
(0.130275 0.0115338 0.00480001)
(0.178268 -0.00635449 0.030148)
(0.172285 0.0223153 0.022715)
(0.150995 0.0118198 -0.00320104)
(0.158195 0.00105404 0.0146973)
(0.162067 0.0241945 0.0143464)
(0.163159 0.0109903 0.0148091)
(0.148598 0.00426531 0.0341671)
(0.176767 0.00641535 0.0155255)
(0.166694 -0.035351 0.015384)
(0.166074 -0.0349101 0.0156627)
(0.170494 0.00669345 0.0103976)
(0.177538 0.00422606 0.000125599)
(0.154986 0.00529034 0.0234309)
(0.166382 -0.0360215 0.0158811)
(0.211367 0.00257438 -0.000839033)
(0.177364 0.00419238 -0.000653474)
(0.154329 0.00540227 0.0229934)
(0.211485 0.00249887 -0.000757897)
(0.214238 0.00108666 0.0122205)
(0.17723 0.00432541 -0.000809541)
(0.154203 0.00547115 0.022912)
(0.211489 0.002516 -0.000773749)
(0.21397 -0.00129094 0.00985262)
(0.177187 0.00436475 -0.000856646)
(0.177171 0.00437545 -0.000867222)
(0.154165 0.00548777 0.0228892)
(0.21232 -0.000277638 0.0133)
(0.155045 0.020534 -0.0111967)
(0.177165 0.00438047 -0.000868386)
(0.154152 0.00549382 0.0228836)
(0.143038 -0.0191669 -0.00698482)
(0.143025 -0.0191129 -0.0069763)
(0.164015 0.00916045 3.21307e-05)
(0.149626 0.00384383 0.0234975)
(0.177164 0.00438049 -0.000868614)
(0.154149 0.00549585 0.0228835)
(0.154153 0.00549474 0.0228838)
(0.152085 0.00449953 0.0236576)
(0.149792 0.00404728 0.0233919)
(0.17717 0.00437862 -0.000869928)
(0.154156 0.0054929 0.0228826)
(0.152113 0.00445273 0.023726)
(0.152123 0.00444719 0.0237341)
(0.177162 0.0043726 -0.000871357)
(0.154135 0.00548577 0.0228814)
(0.152123 0.00444615 0.0237339)
(0.152052 0.00442316 0.0237426)
(0.177077 0.00433729 -0.000858074)
(0.153969 0.00544227 0.0228805)
(0.169087 0.00609619 0.00817992)
(0.180177 0.00427001 0.0125086)
(0.115881 -0.00739367 0.027013)
(0.173678 0.00079152 -0.00765585)
(0.117161 0.00164808 -0.014218)
(0.153244 0.0040022 0.0242974)
(0.152205 0.00392502 0.0232496)
(0.156474 -0.0120404 0.0109047)
(0.152082 0.00444722 0.0237288)
(0.149757 0.00404434 0.0234011)
(0.149173 -0.0102263 0.00837385)
(0.181144 -0.00196922 -0.00371689)
(0.154319 0.00336044 0.0212391)
(0.152101 0.00444501 0.0237324)
(0.152186 0.00380975 0.0231577)
(0.177828 0.00372859 -0.000948542)
(0.154268 0.00534454 0.0228194)
(0.125733 -0.0152057 -0.00674065)
(0.139938 -0.0131621 0.0272726)
(0.17727 0.00431022 -0.000842596)
(0.154182 0.00548601 0.0228972)
(0.152287 0.00388083 0.0233091)
(0.152207 0.00392387 0.0232477)
(0.177194 0.00437336 -0.000859229)
(0.154178 0.00550044 0.0228889)
(0.152112 0.00436485 0.0236465)
(0.151467 -0.0081387 0.0102694)
(0.177251 0.00440925 -0.000877374)
(0.177691 0.00302667 -0.00176046)
(0.154341 0.00542329 0.0229038)
(0.171453 0.00301795 0.000890315)
(0.178107 0.00197416 -0.00253371)
(0.151597 -0.00985382 0.00877701)
(0.180278 -0.00106238 -0.00460659)
(0.17194 -4.0375e-05 -0.00184658)
(0.154594 -0.00917101 0.00824789)
(0.152041 0.00442388 0.0237419)
(0.151838 0.00435456 0.0237581)
(0.153577 0.00370719 0.0208449)
(0.12574 -0.0158219 -0.007132)
(0.140774 -0.0160611 0.023839)
(0.177594 0.00392263 -0.00110019)
(0.154116 0.00541983 0.0227384)
(0.15226 -0.00678595 0.0113272)
(0.149731 0.00406245 0.0234259)
(0.1772 0.00435808 -0.000893282)
(0.154132 0.00550219 0.0228717)
(0.15212 0.00435493 0.023666)
(0.124954 -0.0160357 -0.00612564)
(0.177157 0.00438038 -0.000869431)
(0.154135 0.00549727 0.0228823)
(0.137566 -0.0135476 0.0270331)
(0.15212 0.00442962 0.0237223)
(0.17715 0.00438153 -0.000867989)
(0.177145 0.00438282 -0.000867113)
(0.154133 0.0054956 0.0228826)
(0.1521 0.00443035 0.0237158)
(0.152126 0.00444828 0.023736)
(0.177153 0.00438937 -0.000866617)
(0.154132 0.00549762 0.0228828)
(0.152055 0.00444111 0.0237652)
(0.161613 -0.0178592 0.0375218)
(0.16161 -0.0178903 0.0375303)
(0.181141 0.00303333 0.01655)
(0.177222 0.00441449 -0.000874772)
(0.15415 0.0055046 0.0228844)
(0.154317 0.00542486 0.0229051)
(0.177636 0.00302038 -0.00173429)
(0.169686 0.00600402 0.00805971)
(0.114826 -0.0071916 0.0268018)
(0.180758 -0.00957861 0.00862863)
(0.146465 -0.0150979 0.0289505)
(0.151471 -0.00809973 0.0104057)
(0.140805 -0.0160649 0.0238365)
(0.118174 0.0136576 -0.00117351)
(0.149156 -0.00838288 0.0101901)
(0.152058 -0.00898625 0.00963515)
(0.137626 -0.0135511 0.027021)
(0.139943 -0.0131476 0.0272848)
(0.152073 0.00451106 0.0236477)
(0.15207 0.00451082 0.0236502)
(0.171088 -0.0406946 0.039718)
(0.152665 0.00361633 0.0228344)
(0.152074 0.00451211 0.0236461)
(0.112296 -0.00838279 0.0292302)
(0.147942 -0.0152551 0.0294037)
(0.152076 0.00450409 0.0236546)
(0.152065 0.00450711 0.0236566)
(0.182031 -0.00361203 0.00640899)
(0.155937 0.00282839 0.0254858)
(0.17845 0.00233941 -0.000839569)
(0.170037 0.0052653 0.00890017)
(0.177491 0.00401059 -0.00109717)
(0.180024 0.002733 0.0106589)
(0.152662 0.00361029 0.0228371)
(0.152555 0.00198569 0.0206607)
(0.153723 0.00400171 0.0211354)
(0.150052 0.00428009 0.0233369)
(0.152076 0.00451055 0.0236578)
(0.177156 0.00435951 -0.000884898)
(0.15409 0.00543245 0.0227471)
(0.154092 0.00549522 0.0228745)
(0.147979 -0.0289652 0.0147089)
(0.18006 0.00455554 0.0116248)
(0.177044 0.00434243 -0.000850366)
(0.15394 0.00544574 0.0228841)
(0.176864 0.00372996 0.0123733)
(0.182448 -0.00791667 0.00326685)
(0.176452 0.00417262 -0.000850432)
(0.152848 0.00498685 0.0229914)
(0.179994 0.00454375 0.0122282)
(0.180007 0.00451507 0.0122564)
(0.176076 -0.00125689 0.000786652)
(0.115817 0.0160542 -0.00336727)
(0.180007 0.00451436 0.012256)
(0.179963 0.00450263 0.0122587)
(0.125869 -0.0153225 -0.00671982)
(0.174989 -0.0385277 0.0311059)
(0.173589 0.00754469 -0.000234904)
(0.179992 0.00263677 0.0135713)
(0.115019 -0.0071954 0.0266797)
(0.182285 -0.00385964 0.00689319)
(0.147733 -0.0147426 0.028853)
(0.18003 0.00419896 0.0119957)
(0.179967 0.00454434 0.0122261)
(0.178358 0.00220686 -0.000764874)
(0.156143 0.00275069 0.0257039)
(0.169614 0.00231837 0.00128097)
(0.113832 -0.00674476 0.0270843)
(0.147776 -0.0146355 0.0289512)
(0.17683 0.00373398 0.0123772)
(0.179982 0.00451749 0.012252)
(0.117171 0.0141438 -0.00156839)
(0.182212 -0.00385101 0.00691638)
(0.155949 0.00283561 0.0257001)
(0.180009 0.00413063 0.011945)
(0.180207 0.00395738 0.0122448)
(0.177946 0.00361637 0.000119532)
(0.177439 0.00423859 -0.000717017)
(0.154893 0.00522139 0.0233315)
(0.180033 0.00419778 0.0119942)
(0.179981 0.00449701 0.0121822)
(0.177772 0.00301193 -0.00169517)
(0.154472 0.00535858 0.0229901)
(0.182586 -0.00107138 0.00622874)
(0.179949 0.00450754 0.0122552)
(0.173608 0.00754768 -0.000240131)
(0.179817 0.00446769 0.0122614)
(0.180716 0.00550613 0.00263418)
(0.154823 -0.00817879 0.00943305)
(0.153859 -0.00722905 0.010076)
(0.181556 -0.00418711 0.00391776)
(0.176806 0.00375537 0.0123851)
(0.179895 -0.000128014 -0.00406602)
(0.153901 0.00394413 0.021133)
(0.17805 0.0026801 -0.00200057)
(0.169625 0.00527744 0.00696803)
(0.177299 0.00194056 -0.00245417)
(0.152695 -0.0103724 0.00924209)
(0.179038 -0.00667836 -0.00281137)
(0.153267 -0.00958037 0.00843507)
(0.179999 0.00444157 0.0122444)
(0.179997 0.00450603 0.0122511)
(0.18241 -0.00595477 0.00201584)
(0.179984 0.00453255 0.0122225)
(0.179355 -0.0066821 0.00211438)
(0.180011 0.00451745 0.0122573)
(0.17997 0.00451185 0.0122718)
(0.152054 0.00442865 0.0237353)
(0.142417 0.00709726 0.0187313)
(0.151876 0.00435344 0.0237564)
(0.15106 0.00393426 0.0239294)
(0.128255 -0.00476772 -0.00334997)
(0.127963 0.00313499 0.00450396)
(0.141394 -0.00807159 0.0219965)
(0.150093 0.00428058 0.0233369)
(0.116698 0.0134715 -0.000969784)
(0.178931 0.00119752 0.00283448)
(0.154535 0.00476968 0.0238962)
(0.177575 0.00308211 -0.00178794)
(0.169405 0.00622851 0.00787135)
(0.114868 -0.00714108 0.0267444)
(0.147775 -0.0147299 0.0288533)
(0.117163 0.0141137 -0.00178283)
(0.139966 -0.0132497 0.0271935)
(0.11716 0.0140485 -0.00168387)
(0.182238 -0.00388734 0.00689112)
(0.15596 0.00282366 0.0256841)
(0.153326 0.00336251 0.0237176)
(0.152764 0.00137832 0.020082)
(0.177942 0.00360557 0.000111092)
(0.154864 0.0052112 0.0233268)
(0.144706 0.00948152 0.00320455)
(0.1521 0.00450676 0.0236574)
(0.177345 0.00420196 -0.00070478)
(0.154262 0.00542327 0.0229704)
(0.152126 0.00444597 0.0237335)
(0.152124 0.0044452 0.0237349)
(0.177192 0.00433429 -0.000809565)
(0.177159 0.00437457 -0.000854873)
(0.154166 0.00547823 0.0229098)
(0.152129 0.00444602 0.0237361)
(0.152123 0.004447 0.0237347)
(0.177219 0.0044086 -0.000873137)
(0.154155 0.00549664 0.0228887)
(0.152123 0.00444518 0.0237352)
(0.152128 0.00444563 0.0237359)
(0.177628 0.00301725 -0.00173461)
(0.154313 0.00542094 0.0229046)
(0.169679 0.00600071 0.00805919)
(0.114888 -0.00714114 0.0267442)
(0.147799 -0.0147263 0.0288479)
(0.152125 0.00444421 0.0237342)
(0.152117 0.00444327 0.0237353)
(0.117182 0.0140624 -0.00169517)
(0.182257 -0.00388953 0.00687926)
(0.177957 0.00359917 0.000107676)
(0.155966 0.00282218 0.0256788)
(0.152108 0.00444007 0.0237384)
(0.151861 0.00435478 0.0237581)
(0.177365 0.0041992 -0.000706366)
(0.15488 0.00520558 0.0233267)
(0.151028 0.00393816 0.0239269)
(0.149768 0.00404748 0.0233972)
(0.152192 0.00439742 0.0237924)
(0.152132 0.00442475 0.0237308)
(0.177203 0.00433369 -0.000812504)
(0.154275 0.00542474 0.0229693)
(0.154177 0.00547716 0.0229093)
(0.152132 0.00435618 0.0236568)
(0.152102 0.00445019 0.0237239)
(0.177174 0.00437234 -0.000857158)
(0.154168 0.00549338 0.0228888)
(0.152113 0.00443137 0.0237216)
(0.152133 0.00435923 0.0236582)
(0.177238 0.00440464 -0.000877303)
(0.154337 0.0054187 0.0229024)
(0.177687 0.00302443 -0.00176064)
(0.169709 0.00600398 0.00805117)
(0.178099 0.00198002 -0.00252836)
(0.151586 -0.00984961 0.0087797)
(0.180283 -0.00105546 -0.00460726)
(0.171932 -3.5984e-05 -0.001843)
(0.154591 -0.00916603 0.00825255)
(0.152616 0.0019082 0.0207199)
(0.152044 0.00442478 0.0237435)
(0.177678 0.00395443 -0.00111261)
(0.153594 0.00371358 0.0208444)
(0.151853 0.00435483 0.0237572)
(0.151033 0.00393611 0.0239316)
(0.152074 0.00450333 0.0236552)
(0.152095 0.00445151 0.0237279)
(0.177773 0.00302908 -0.00177933)
(0.154319 0.00535099 0.0227568)
(0.154785 -0.00815748 0.00939616)
(0.152104 0.00444257 0.0237314)
(0.152104 0.00442513 0.0237192)
(0.180699 0.00552496 0.00261227)
(0.153841 -0.00722497 0.0100692)
(0.15212 0.00433822 0.0236434)
(0.152658 0.00144084 0.0200467)
(0.179813 -0.000160931 -0.00406184)
(0.153701 0.00401383 0.0211103)
(0.151583 -0.00985039 0.0087775)
(0.144806 0.00942263 0.00328015)
(0.177495 0.00401613 -0.00111403)
(0.154099 0.00543483 0.0227376)
(0.163427 -0.0169389 0.0324765)
(0.15328 0.00391867 0.0242228)
(0.177193 0.00436703 -0.00089745)
(0.154147 0.00550659 0.0228695)
(0.152631 0.00191296 0.0207506)
(0.1521 0.00445096 0.0237219)
(0.177245 0.00441328 -0.000882478)
(0.177733 0.00305427 -0.00175671)
(0.154343 0.00542909 0.0229003)
(0.171412 0.00305831 0.000846031)
(0.152115 0.00442919 0.0237204)
(0.152137 0.00435819 0.0236576)
(0.152623 0.00190592 0.0207197)
(0.180648 0.00551934 0.00251079)
(0.153858 -0.00722924 0.0100324)
(0.152319 -0.00688368 0.0112532)
(0.152077 0.00449774 0.0236369)
(0.179824 -0.000170699 -0.0040814)
(0.153699 0.004011 0.0211009)
(0.152201 0.00392623 0.0232514)
(0.152607 0.00191652 0.0207377)
(0.177501 0.00401344 -0.0011163)
(0.154103 0.00543358 0.0227367)
(0.152313 -0.00680781 0.0113189)
(0.152156 0.00387663 0.023073)
(0.177188 0.00436115 -0.000897639)
(0.177154 0.00437667 -0.000873422)
(0.154125 0.00549824 0.0228681)
(0.152654 0.00144913 0.0200385)
(0.152086 0.00444714 0.0237318)
(0.177162 0.00438377 -0.000872633)
(0.154138 0.00549401 0.0228785)
(0.151855 0.00435461 0.0237571)
(0.15103 0.00393358 0.0239267)
(0.149778 0.00404644 0.0233959)
(0.15207 0.00444724 0.0237293)
(0.177242 0.00441299 -0.000882198)
(0.154159 0.00550136 0.0228801)
(0.154349 0.00542687 0.022901)
(0.177739 0.00305332 -0.00175564)
(0.169742 0.00602274 0.00804496)
(0.179814 -0.000165488 -0.00405905)
(0.152033 0.00442325 0.0237453)
(0.151022 0.00393851 0.0239299)
(0.171412 -0.00248695 -0.00016482)
(0.181611 -0.00422224 0.00395315)
(0.153692 0.0040083 0.0211099)
(0.14975 0.00404364 0.0234002)
(0.144806 0.00940819 0.00329337)
(0.177415 0.0039729 -0.00110371)
(0.153934 0.00538093 0.0227371)
(0.163964 -0.0166374 0.0330411)
(0.151363 -0.0080451 0.0103705)
(0.176525 0.00415057 -0.000883375)
(0.176124 -0.00127449 0.000780789)
(0.152869 0.00498866 0.0229782)
(0.151799 0.00442307 0.0236728)
(0.151003 0.00394955 0.0239285)
(0.149709 0.00408581 0.0233322)
(0.117093 0.0140135 -0.00167759)
(0.139921 -0.0131411 0.027285)
(0.153224 0.00400295 0.0242977)
(0.152181 0.00438917 0.0237862)
(0.152176 0.0039244 0.0232589)
(0.142436 0.00710664 0.0187832)
(0.116676 0.0134443 -0.000934987)
(0.163188 -0.017396 0.0331996)
(0.128257 -0.0047978 -0.00335005)
(0.127978 0.00313339 0.00451761)
(0.141375 -0.00805954 0.021985)
(0.152094 0.00445545 0.0237277)
(0.152107 0.00444662 0.0237342)
(0.178931 0.00120473 0.0028356)
(0.154542 0.00477297 0.0238974)
(0.177625 0.00309099 -0.00181049)
(0.169421 0.00623486 0.00786607)
(0.180044 -0.00962272 -0.00235879)
(0.17808 0.00198815 -0.00252882)
(0.152115 0.00444346 0.0237349)
(0.152132 0.00433978 0.0236437)
(0.171927 -3.80545e-05 -0.00184707)
(0.180256 -0.00105925 -0.00460501)
(0.154572 -0.00916194 0.00825201)
(0.152204 0.00381225 0.0231617)
(0.152672 0.0014398 0.0200457)
(0.152091 0.00450448 0.023655)
(0.152074 0.00431654 0.0236508)
(0.177574 0.00391925 -0.00110093)
(0.153559 0.003706 0.0208431)
(0.154103 0.00541615 0.0227349)
(0.151958 0.00371867 0.0231833)
(0.151618 0.000957901 0.0202283)
(0.177184 0.00435506 -0.000894872)
(0.154115 0.00549705 0.0228695)
(0.182755 -0.00603902 0.0051998)
(0.152147 0.00443934 0.0237448)
(0.177141 0.00437515 -0.000869627)
(0.154126 0.00549285 0.0228793)
(0.152136 0.00444726 0.0237388)
(0.152125 0.00444723 0.023736)
(0.177138 0.00437817 -0.000869967)
(0.154124 0.00549287 0.0228799)
(0.152123 0.00444397 0.0237364)
(0.152114 0.00444178 0.0237428)
(0.177139 0.00437865 -0.000868618)
(0.154132 0.00549246 0.0228804)
(0.151828 0.00448429 0.0238793)
(0.150798 0.00476144 0.0246823)
(0.17715 0.0043825 -0.000871137)
(0.177219 0.00440566 -0.000879619)
(0.154147 0.00549726 0.0228805)
(0.172231 0.00259413 0.00231143)
(0.154374 0.00233729 0.0258375)
(0.17763 0.00301357 -0.00174054)
(0.154316 0.00541753 0.0229)
(0.171443 0.00300741 0.000896311)
(0.114876 -0.00713413 0.0267426)
(0.147786 -0.0147286 0.028853)
(0.203865 -0.0139562 0.0171923)
(0.172584 0.00139742 0.00409613)
(0.117169 0.0140553 -0.00168734)
(0.182246 -0.00388968 0.00688925)
(0.155959 0.00282203 0.0256847)
(0.171463 0.00300528 0.000891908)
(0.171336 0.00339093 0.00191752)
(0.177955 0.00360444 0.000112666)
(0.177363 0.00420083 -0.000709634)
(0.154882 0.00521161 0.0233272)
(0.171311 0.00330357 0.00198193)
(0.171077 0.00316311 0.0020466)
(0.177206 0.00433418 -0.000812862)
(0.154276 0.00542354 0.0229682)
(0.169538 0.00270819 0.00229993)
(0.171801 0.00324885 0.00175952)
(0.20394 -0.013933 0.0171643)
(0.202478 -0.0161818 0.0195439)
(0.177174 0.00437399 -0.000856067)
(0.154175 0.00547838 0.0229094)
(0.154172 0.00549697 0.0228887)
(0.172356 0.00345432 0.00177023)
(0.214037 -0.00128534 0.00984642)
(0.177246 0.00441039 -0.000878482)
(0.154349 0.00542507 0.0229032)
(0.177735 0.00305361 -0.00175456)
(0.169738 0.00602179 0.00804749)
(0.180643 0.00551532 0.00250898)
(0.152312 -0.00688461 0.0112529)
(0.179818 -0.000167823 -0.00407817)
(0.153851 -0.00723099 0.0100307)
(0.179637 -0.00911667 0.00122719)
(0.177328 0.00194605 -0.0024643)
(0.172982 0.00049412 0.0049058)
(0.171872 0.00291161 0.000695921)
(0.177497 0.00401611 -0.00111345)
(0.153694 0.0040129 0.0211033)
(0.154101 0.00543527 0.0227381)
(0.203953 -0.0139278 0.017086)
(0.165554 -0.0354671 0.0148523)
(0.177185 0.00436277 -0.000896613)
(0.154125 0.00549866 0.0228688)
(0.175841 -0.0033076 0.00639998)
(0.172136 0.00187041 0.00140322)
(0.177152 0.0043781 -0.000872492)
(0.154137 0.00549385 0.0228798)
(0.175255 -0.0025974 -0.00336664)
(0.178004 0.00200695 -0.00263915)
(0.177162 0.00438395 -0.00087179)
(0.15416 0.00550175 0.0228801)
(0.172184 0.00159573 0.00393114)
(0.173473 0.00213823 -0.000605659)
(0.177242 0.00441325 -0.000882691)
(0.154347 0.00542621 0.0229008)
(0.177735 0.00305363 -0.00175567)
(0.169739 0.00602245 0.00804519)
(0.142368 0.00711596 0.0187695)
(0.129213 0.000735764 0.0266183)
(0.212389 -0.000307555 0.013311)
(0.169361 0.00623476 0.00797262)
(0.154124 0.00549636 0.0228678)
(0.176251 -0.00364293 0.00657692)
(0.203592 -0.0141419 0.0173075)
(0.177143 0.00437251 -0.000870927)
(0.154114 0.00548791 0.0228791)
(0.171357 0.00340182 0.00191372)
(0.171395 0.00334071 0.00195975)
(0.177056 0.00433764 -0.000857322)
(0.153955 0.00544071 0.0228806)
(0.1714 0.00333553 0.00196403)
(0.1714 0.00333322 0.0019664)
(0.176472 0.00416764 -0.000854882)
(0.152868 0.00498439 0.0229899)
(0.171402 0.00333611 0.00196559)
(0.171396 0.00333584 0.00196591)
(0.176106 -0.00126358 0.000780718)
(0.125884 -0.015326 -0.00673279)
(0.115836 0.0160553 -0.00337534)
(0.114872 -0.00714466 0.0267471)
(0.147786 -0.0147289 0.0288522)
(0.171397 0.00333568 0.00196643)
(0.171399 0.00333296 0.00196689)
(0.117166 0.0140552 -0.00168843)
(0.182249 -0.00388745 0.00688381)
(0.177954 0.00360116 0.000105484)
(0.155968 0.00282507 0.025679)
(0.171401 0.00333559 0.00196537)
(0.171398 0.00333335 0.00196576)
(0.17737 0.00419834 -0.00070652)
(0.154879 0.00520542 0.0233266)
(0.171396 0.00333365 0.00196471)
(0.17139 0.00333043 0.00196816)
(0.171373 0.00332682 0.00197205)
(0.171297 0.00329803 0.00199003)
(0.177213 0.00433239 -0.000815524)
(0.154283 0.00542459 0.0229688)
(0.154185 0.00547677 0.022908)
(0.171051 0.00316827 0.0020506)
(0.16951 0.00270853 0.00230379)
(0.177174 0.00436629 -0.000858763)
(0.154155 0.00548775 0.0228866)
(0.171745 0.00324957 0.00177096)
(0.203878 -0.0139213 0.0171565)
(0.177162 0.00437302 -0.000869332)
(0.154148 0.00548959 0.0228817)
(0.214117 0.00111471 0.0121766)
(0.175766 -0.00311661 0.00653582)
(0.177162 0.00437597 -0.000871795)
(0.154148 0.00549333 0.0228793)
(0.171663 0.00298148 0.00226616)
(0.171431 0.00327603 0.00201316)
(0.177161 0.00437757 -0.000872815)
(0.154148 0.00549218 0.0228804)
(0.171405 0.0033037 0.00195458)
(0.177183 0.00435947 -0.000898337)
(0.177164 0.00437712 -0.000872222)
(0.17716 0.00437676 -0.000873142)
(0.154147 0.00549251 0.0228798)
(0.180042 0.00458562 0.0116005)
(0.171334 0.00340594 0.00190902)
(0.17716 0.0043784 -0.000871383)
(0.154145 0.00549144 0.0228799)
(0.171381 0.00333928 0.00195775)
(0.171395 0.00331013 0.00194969)
(0.171459 0.00317996 0.00185415)
(0.171816 0.00241765 0.00124543)
(0.17716 0.00437927 -0.000870713)
(0.154144 0.00549401 0.0228806)
(0.154148 0.00549397 0.0228813)
(0.174447 -0.00153002 -0.00244866)
(0.175337 0.00436795 0.00301235)
(0.177164 0.00437809 -0.000872357)
(0.154149 0.00549255 0.0228801)
(0.180037 0.00458565 0.0116019)
(0.171329 0.00340576 0.00191205)
(0.177161 0.00437652 -0.000873027)
(0.154148 0.00549144 0.0228802)
(0.171352 0.00333425 0.00196835)
(0.171289 0.00330093 0.00199212)
(0.177165 0.0043781 -0.000872635)
(0.154151 0.0054949 0.0228794)
(0.171048 0.00316565 0.00205254)
(0.169506 0.00271072 0.00230836)
(0.177174 0.004383 -0.000874244)
(0.154171 0.0054997 0.0228809)
(0.171739 0.003249 0.0017755)
(0.203888 -0.0139172 0.0171557)
(0.177247 0.0044076 -0.000882339)
(0.177654 0.00301445 -0.00174296)
(0.154337 0.0054204 0.0229008)
(0.171469 0.00300773 0.000896003)
(0.114871 -0.00719455 0.0268132)
(0.146547 -0.0150907 0.0289383)
(0.171327 0.00339773 0.00191697)
(0.171371 0.00334229 0.00196247)
(0.118263 0.013699 -0.00120417)
(0.180802 -0.00960476 0.00860067)
(0.117395 0.0134331 -0.000727498)
(0.171371 0.00333367 0.00196741)
(0.171375 0.00332992 0.00196452)
(0.12495 -0.0160485 -0.00613374)
(0.166405 -0.0360306 0.0158886)
(0.127921 0.00313314 0.00452754)
(0.213194 0.00106426 0.0120794)
(0.214432 -0.00975228 0.0114195)
(0.161568 -0.0178661 0.0375332)
(0.171384 0.00330123 0.0019486)
(0.171451 0.00314419 0.00183511)
(0.171839 0.00223045 0.00110896)
(0.175151 -0.00251107 -0.00337591)
(0.179301 -0.000216376 0.00196754)
(0.141515 -0.00816069 0.0220039)
(0.154806 -0.00880369 0.0103427)
(0.180269 0.00479973 0.00105367)
(0.17497 0.00341695 0.00247636)
(0.171923 -0.000193252 -0.00206248)
(0.180197 -0.0011176 -0.00459616)
(0.154572 -0.00916681 0.00822833)
(0.169563 -0.00682234 -0.00504313)
(0.179933 0.00394001 0.0113015)
(0.151624 -0.00995304 0.00864811)
(0.176912 0.00370938 -0.00108483)
(0.153388 0.00365205 0.0208426)
(0.173383 0.00254686 0.000376461)
(0.12924 0.000737672 0.0266238)
(0.214373 -0.009748 0.0114415)
(0.175801 -0.00314978 0.00651836)
(0.176149 -0.00128363 0.000758484)
(0.152838 0.00491083 0.0228455)
(0.115827 0.0160606 -0.00338266)
(0.115815 0.0160677 -0.00337936)
(0.171754 0.00282987 0.00215259)
(0.125896 -0.0153406 -0.00674313)
(0.175044 -0.0385511 0.0311142)
(0.171865 0.00236385 0.00129511)
(0.174429 -0.00150988 -0.00241446)
(0.115083 -0.00719238 0.0266861)
(0.147994 -0.0148162 0.0288484)
(0.180043 0.00458633 0.0115993)
(0.171334 0.00340682 0.00190764)
(0.182777 -0.0052451 0.00600005)
(0.156475 -0.0109307 0.0120177)
(0.181219 0.00371871 0.00193023)
(0.173298 0.00311285 0.0030235)
(0.17218 -0.000486114 -0.00170153)
(0.153306 -0.00957844 0.00843496)
(0.171382 0.00333785 0.0019575)
(0.171398 0.00330706 0.00194911)
(0.152719 -0.0103876 0.00922211)
(0.179092 -0.00668195 -0.00281832)
(0.115209 0.0144094 -0.00482389)
(0.171464 0.00317899 0.00185267)
(0.171821 0.00241422 0.00124409)
(0.125785 -0.015818 -0.00714095)
(0.166104 -0.03491 0.0156524)
(0.171088 -0.0406992 0.0397255)
(0.174455 -0.00153181 -0.00245125)
(0.175344 0.00437028 0.00301246)
(0.112299 -0.0083871 0.0292236)
(0.182048 -0.00363366 0.00639262)
(0.147966 -0.0152547 0.0293869)
(0.171345 0.00338327 0.00189299)
(0.171446 0.00318496 0.00184781)
(0.178393 0.002293 -0.000827453)
(0.155937 0.00280643 0.0254817)
(0.169724 0.0024373 0.00121962)
(0.114894 -0.00714184 0.0267453)
(0.147822 -0.0147236 0.0288431)
(0.17181 0.00242101 0.00124859)
(0.174417 -0.00150995 -0.00242371)
(0.117201 0.0140772 -0.00170771)
(0.18228 -0.00390114 0.00687226)
(0.155984 0.00281291 0.0256789)
(0.175413 0.00448176 0.00313905)
(0.171489 0.00286694 0.000719188)
(0.177987 0.00359954 0.000106373)
(0.177391 0.00419655 -0.000716837)
(0.154907 0.00521005 0.0233246)
(0.1718 0.00230381 0.00105187)
(0.175157 -0.00250323 -0.00338247)
(0.177239 0.00433354 -0.000820722)
(0.1543 0.0054208 0.0229651)
(0.180047 0.00456623 0.0116194)
(0.171331 0.00339836 0.00191638)
(0.171355 0.00333509 0.00196919)
(0.171286 0.00329871 0.00199171)
(0.177264 0.00439508 -0.000871634)
(0.154214 0.00548207 0.0229063)
(0.154353 0.00541446 0.0229057)
(0.171049 0.00316631 0.00205236)
(0.169513 0.00270359 0.0023053)
(0.177692 0.00301282 -0.00176187)
(0.154667 -0.00816293 0.00930231)
(0.180356 0.00460358 0.00120396)
(0.175289 0.00356118 0.00268442)
(0.114839 -0.00713911 0.0267672)
(0.117273 0.0140208 -0.00162824)
(0.181422 -0.00452081 0.00731178)
(0.147647 -0.0147683 0.0288527)
(0.171761 0.00324978 0.00176582)
(0.2039 -0.0139219 0.0171566)
(0.180039 0.0045612 0.0116291)
(0.171317 0.00340129 0.0019201)
(0.171339 0.0033333 0.00197178)
(0.171275 0.0033006 0.00199561)
(0.171028 0.00316701 0.00205505)
(0.179387 0.00477067 0.0126905)
(0.169499 0.00271221 0.00230758)
(0.179828 0.00453611 0.012328)
(0.171726 0.00324679 0.00177792)
(0.20387 -0.0139163 0.0171508)
(0.179937 0.00392889 0.011311)
(0.180003 0.00451169 0.0122608)
(0.173377 0.00253874 0.000379716)
(0.180006 0.0045144 0.0122577)
(0.129211 0.000704339 0.0266156)
(0.180007 0.00451688 0.012257)
(0.214387 -0.00978041 0.0114725)
(0.179589 -0.00911462 0.00123986)
(0.115179 0.0143948 -0.00480738)
(0.180022 0.00451137 0.0122627)
(0.172157 -0.000463112 -0.00166812)
(0.180037 0.0044849 0.0122879)
(0.180111 0.00280201 0.0100059)
(0.113835 -0.027089 0.00672045)
(0.171836 -0.000747536 -0.00294502)
(0.174341 -0.00142993 -0.00247109)
(0.172824 0.00142839 0.00442885)
(0.17947 0.00214159 0.0103341)
(0.171299 0.00302988 0.000876665)
(0.17988 0.00408068 0.0119516)
(0.170978 0.00324243 0.00199932)
(0.179972 0.00444503 0.0122067)
(0.169477 0.00272903 0.00231276)
(0.171688 0.00328271 0.00181791)
(0.203883 -0.0137633 0.0173108)
(0.180057 0.00456558 0.0116214)
(0.203801 -0.0139153 0.0171178)
(0.17161 0.00329804 0.00173878)
(0.180006 0.00237956 0.0102947)
(0.16553 -0.0354632 0.0148514)
(0.180025 0.00413281 0.0119477)
(0.175738 -0.00311134 0.0065407)
(0.180004 0.00445459 0.0122082)
(0.171645 0.00298126 0.00227006)
(0.171423 0.00326133 0.00200456)
(0.171437 0.00317365 0.00186713)
(0.179993 0.00451456 0.0122568)
(0.171777 0.00241739 0.00126258)
(0.179984 0.00452115 0.0122532)
(0.177064 0.0038886 0.011748)
(0.17997 0.00454899 0.0122291)
(0.172291 0.00345591 0.00178413)
(0.180049 0.0045643 0.0116303)
(0.11472 -0.0274075 0.0070556)
(0.17339 0.00549093 0.00119032)
(0.202439 -0.0161569 0.0195363)
(0.12567 0.00837276 0.0192029)
(0.176121 -0.00363244 0.0066037)
(0.117411 0.0134552 -0.000726781)
(0.113017 -0.0295679 0.00857478)
(0.171688 -0.0406688 0.0400357)
(0.174483 0.00767014 -5.1985e-05)
(0.203499 -0.0141189 0.0172837)
(0.169652 0.0024917 0.00117821)
(0.171448 0.00301328 0.000901599)
(0.180003 0.00419875 0.0120021)
(0.171331 0.00340562 0.00192009)
(0.171373 0.00334475 0.001966)
(0.171381 0.00333527 0.00196978)
(0.180143 0.00426597 0.0125035)
(0.171389 0.00333111 0.0019675)
(0.179969 0.0026405 0.013572)
(0.171403 0.0033058 0.00194904)
(0.214074 0.00111826 0.0121796)
(0.171468 0.00314424 0.00183626)
(0.173072 -0.0328241 0.0364837)
(0.171862 0.00223315 0.00111022)
(0.114539 -0.0273997 0.00693196)
(0.173466 0.00753538 -0.000237984)
(0.175172 -0.00251481 -0.00337855)
(0.176904 0.00374739 0.0117671)
(0.115813 -0.0270256 0.00738735)
(0.173554 0.00760106 -0.000149053)
(0.171349 0.00339657 0.00191363)
(0.171385 0.00330281 0.00194754)
(0.171386 0.00310655 0.00185659)
(0.179411 0.00431347 0.012269)
(0.171539 0.00206313 0.0011897)
(0.179863 0.00454128 0.0116059)
(0.173369 -0.00311109 -0.00306882)
(0.182534 -0.00100695 0.00627793)
(0.170746 -0.0109886 0.00557898)
(0.203953 -0.0172592 0.01374)
(0.152209 0.00439943 0.0237956)
(0.171832 0.00213033 0.000147806)
(0.180272 -0.010187 -0.00245221)
(0.182412 -0.00790833 0.00328066)
(0.171452 0.00327938 0.00201535)
(0.126213 0.00866692 0.017899)
(0.171417 0.00332744 0.00197264)
(0.171409 0.00333678 0.00196856)
(0.171401 0.00333645 0.00196841)
(0.178524 0.00335287 0.00369405)
(0.1714 0.00333513 0.00196906)
(0.171408 0.00268169 0.000745176)
(0.114761 -0.0273517 0.0069906)
(0.173573 0.00753912 -0.000227703)
(0.171398 0.00333129 0.00197002)
(0.176826 0.00373525 0.0123746)
(0.171379 0.00332915 0.00197881)
(0.179428 0.00427639 0.0122975)
(0.171287 0.00333119 0.00201951)
(0.170945 0.00340217 0.00222971)
(0.168655 0.00408736 0.00345606)
(0.179936 0.00450703 0.0122573)
(0.155817 0.0111189 0.00791725)
(0.179953 0.00454322 0.0122287)
(0.217098 0.00492795 0.0127623)
(0.171437 0.0030105 0.000900872)
(0.11478 -0.0273531 0.00698996)
(0.170002 -0.00561621 0.0110003)
(0.169724 0.00599595 0.00805288)
(0.176845 0.00373027 0.0123753)
(0.169453 0.00627773 0.00809984)
(0.179445 0.00427571 0.0122925)
(0.16947 0.00622113 0.00814503)
(0.179833 0.00446517 0.0122611)
(0.169756 0.00614332 0.00825458)
(0.169813 0.00547652 0.00902016)
(0.170471 -0.00537528 0.0109461)
(0.179968 0.00454094 0.0122299)
(0.17003 0.0052322 0.00890642)
(0.171446 0.00301875 0.00088976)
(0.182399 -0.00594704 0.00201554)
(0.170406 -0.00494288 0.0104443)
(0.179983 0.00241165 0.0102641)
(0.167773 -0.00638455 -0.000534657)
(0.180064 0.00420168 0.0112904)
(0.170784 -0.00564382 0.0109053)
(0.164732 0.00372303 0.00867952)
(0.168961 0.00517154 0.00695796)
(0.181611 -0.00422996 0.00393779)
(0.172411 -0.0039695 -0.00132327)
(0.180074 0.00273516 0.0106512)
(0.164336 -0.000560394 0.00732992)
(0.180022 0.00420228 0.0119926)
(0.12986 -0.0268195 -0.000842263)
(0.162004 -0.0380949 0.0176678)
(0.165764 -0.0078759 0.0117509)
(0.180041 0.00457771 0.0115948)
(0.169709 0.00599913 0.00805463)
(0.182526 -0.00135251 0.00602248)
(0.181657 -0.00426949 0.00389041)
(0.16943 0.00628759 0.00808755)
(0.180086 0.00272562 0.0106428)
(0.169388 0.00626656 0.00809393)
(0.169383 0.00626285 0.00809482)
(0.169382 0.00626231 0.00809562)
(0.180005 0.00446192 0.0122159)
(0.169383 0.00626393 0.00809545)
(0.179993 0.00450893 0.0122443)
(0.169378 0.00626422 0.00809629)
(0.179976 0.00454557 0.0122222)
(0.169379 0.00626294 0.00809557)
(0.171419 0.00306294 0.000848284)
(0.169381 0.00626217 0.00809578)
(0.180107 0.00270641 0.0106832)
(0.169383 0.00626269 0.00809514)
(0.169381 0.00626298 0.00809512)
(0.169381 0.00626121 0.00809553)
(0.180015 0.00258513 0.0135307)
(0.169384 0.00625927 0.0080993)
(0.126454 0.00902464 0.0184491)
(0.169399 0.00625487 0.00810877)
(0.169447 0.00622169 0.0081493)
(0.169727 0.00614215 0.00825887)
(0.178534 0.00336213 0.00368831)
(0.169787 0.00548089 0.00902053)
(0.171408 0.00269409 0.000734685)
(0.170427 -0.00538005 0.0109658)
(0.182391 -0.00595136 0.00201887)
(0.164741 0.00375292 0.00881869)
(0.179989 0.00237844 0.0102946)
(0.169073 0.00609451 0.00817983)
(0.169326 0.00623921 0.00810437)
(0.169362 0.00625993 0.00808343)
(0.179987 0.00445149 0.0122075)
(0.169418 0.00629021 0.00808755)
(0.179983 0.00450323 0.0122472)
(0.169372 0.00626676 0.00809273)
(0.179981 0.00451249 0.0122544)
(0.169364 0.00626323 0.00808425)
(0.16936 0.00623593 0.00797317)
(0.169272 0.00552437 0.00701207)
(0.179968 0.00454171 0.0122294)
(0.171426 -0.00249524 -0.000198809)
(0.180047 0.0045565 0.0116276)
(0.114772 -0.0273555 0.0069966)
(0.173587 0.00754318 -0.000230033)
(0.169425 0.00628839 0.00809153)
(0.169388 0.00625886 0.00811065)
(0.169439 0.00622183 0.00815015)
(0.179446 0.00427496 0.0122977)
(0.169726 0.00614547 0.0082589)
(0.179834 0.00446686 0.0122608)
(0.169779 0.00548278 0.00902462)
(0.179947 0.00450753 0.0122557)
(0.170423 -0.00537992 0.0109687)
(0.169685 0.00599753 0.00805388)
(0.169401 0.00628442 0.0080898)
(0.17141 0.00306228 0.000850025)
(0.18252 -0.00135206 0.00602236)
(0.18165 -0.00426808 0.00389)
(0.169363 0.00626491 0.0080952)
(0.180078 0.002729 0.0106423)
(0.169354 0.00626242 0.00809707)
(0.169356 0.00626301 0.00809338)
(0.169352 0.0062608 0.00808396)
(0.180002 0.00446417 0.0122158)
(0.169354 0.00622911 0.007957)
(0.179992 0.00451021 0.0122454)
(0.16924 0.00534029 0.00687544)
(0.179977 0.00454422 0.0122247)
(0.172405 -0.00392531 -0.00131443)
(0.171416 0.0030627 0.000849108)
(0.164098 -0.000261899 0.00736943)
(0.180034 0.0041971 0.0119979)
(0.180005 0.00446021 0.0122168)
(0.129879 -0.0268224 -0.000834058)
(0.180017 0.00447677 0.0122801)
(0.162038 -0.0380807 0.0176613)
(0.180159 0.00426832 0.0125054)
(0.16475 0.0037482 0.00880619)
(0.169084 0.00606747 0.00805437)
(0.169245 0.00550127 0.00702367)
(0.1267 0.00895699 0.0185564)
(0.114768 -0.0273547 0.00699622)
(0.169417 0.00629019 0.00808687)
(0.169373 0.00626649 0.00809194)
(0.176841 0.00373333 0.0123747)
(0.169366 0.00626202 0.00808395)
(0.179444 0.00427745 0.0122931)
(0.169363 0.00623455 0.00797177)
(0.179841 0.00446409 0.0122623)
(0.169278 0.00552198 0.0070104)
(0.171435 -0.00249627 -0.000199389)
(0.169735 0.00602328 0.0080441)
(0.179995 0.00450948 0.0122591)
(0.169413 0.00629129 0.00807501)
(0.180001 0.00451205 0.012256)
(0.16936 0.00623801 0.00797214)
(0.180006 0.00451197 0.0122571)
(0.169273 0.00552558 0.00701527)
(0.171409 -0.00248514 -0.000170075)
(0.172804 0.00143167 0.00440243)
(0.180009 0.00451242 0.0122587)
(0.169729 0.00598892 0.00790697)
(0.180004 0.00451429 0.0122567)
(0.169302 0.00536754 0.00686754)
(0.180004 0.00451486 0.0122566)
(0.172426 -0.00392431 -0.00131642)
(0.169419 0.00628357 0.00809342)
(0.169391 0.00625763 0.00810999)
(0.18001 0.00451288 0.0122584)
(0.169436 0.00622181 0.00815095)
(0.180006 0.00451368 0.0122559)
(0.169725 0.00614313 0.00825824)
(0.180006 0.00451643 0.0122534)
(0.169786 0.00547775 0.00902286)
(0.170441 -0.00537959 0.0109608)
(0.169402 0.00628672 0.00809439)
(0.180074 0.00455733 0.0116309)
(0.114761 -0.0274169 0.00706142)
(0.173532 0.00551635 0.001153)
(0.169376 0.00625876 0.00811161)
(0.125664 0.00837726 0.0192098)
(0.163216 -0.0174026 0.0332112)
(0.142977 -0.0191475 -0.00699767)
(0.169423 0.00622191 0.00815219)
(0.178553 0.00338491 0.00308453)
(0.169706 0.00614485 0.00826168)
(0.182209 -0.00220691 0.00597479)
(0.180165 -0.0100243 -0.00275915)
(0.182476 -0.00603444 0.00196209)
(0.169774 0.00548414 0.0090224)
(0.180173 0.00212138 0.0105346)
(0.170411 -0.0053808 0.0109716)
(0.180014 0.00225151 0.0132573)
(0.164104 -0.000267642 0.00737)
(0.214127 0.00106358 0.0121333)
(0.129852 -0.0268144 -0.000798004)
(0.162043 -0.0380803 0.0177039)
(0.114611 -0.0274022 0.00692548)
(0.173148 -0.0328301 0.0365112)
(0.173716 0.00759255 -0.000884594)
(0.167722 -0.00638263 -0.000528552)
(0.179312 -0.00210037 0.00663093)
(0.180308 -0.0102571 -0.00251532)
(0.171445 -0.00246152 -0.000172371)
(0.175374 0.00450251 0.00316595)
(0.126256 0.00867393 0.0178924)
(0.163992 -0.0166275 0.0330405)
(0.171724 -0.0406694 0.0400516)
(0.16979 0.00598279 0.00810149)
(0.113048 -0.029571 0.00857201)
(0.174536 0.00769116 -8.38677e-05)
(0.169758 0.00617499 0.0082537)
(0.177109 0.00385876 0.0117736)
(0.114787 -0.0273525 0.0069903)
(0.173645 0.00756061 -0.000253196)
(0.169763 0.00549435 0.00903465)
(0.170387 -0.0053188 0.0110334)
(0.170069 0.00520183 0.00898124)
(0.179475 0.00427076 0.0122973)
(0.170388 -0.00537408 0.0109788)
(0.179857 0.00446573 0.0122581)
(0.164714 0.00375696 0.0088221)
(0.179959 0.0045289 0.0122316)
(0.169054 0.00609829 0.00818329)
(0.169306 0.00624375 0.00809836)
(0.169338 0.00623396 0.00798156)
(0.182525 -0.00158393 0.00626167)
(0.114809 -0.0273513 0.00701951)
(0.17367 0.00737413 -0.000107962)
(0.169274 0.00552126 0.00703065)
(0.170366 -0.00494103 0.0104722)
(0.169804 0.00613989 0.00844443)
(0.169477 0.0062139 0.00817238)
(0.169413 0.00625198 0.00811461)
(0.169392 0.00626065 0.00810146)
(0.169383 0.00626494 0.00809866)
(0.169382 0.00626593 0.00809821)
(0.169388 0.00626505 0.00809744)
(0.169389 0.00626052 0.00809789)
(0.169348 0.00623858 0.00810687)
(0.16567 -0.00787802 0.0117864)
(0.169402 0.00629233 0.00809279)
(0.172956 -0.00494249 -0.000502495)
(0.169626 0.0051909 0.00701591)
(0.169455 0.00618827 0.00800673)
(0.169406 0.0062601 0.00809543)
(0.169432 0.00628855 0.0080919)
(0.169714 0.00600594 0.00805344)
(0.172429 -0.00393075 -0.00131778)
(0.169261 0.005343 0.00687606)
(0.169369 0.00623244 0.00795958)
(0.16937 0.00626609 0.00808444)
(0.169367 0.00626559 0.00809774)
(0.169363 0.00626588 0.00809916)
(0.169363 0.00627051 0.00809846)
)
;

boundaryField
{
    inlet
    {
        type            fixedValue;
        value           uniform (0.1667 0 0);
    }
    Walls
    {
        type            noSlip;
    }
    outlet
    {
        type            zeroGradient;
    }
}


// ************************************************************************* //
