/*--------------------------------*- C++ -*----------------------------------*\
  =========                 |
  \\      /  F ield         | OpenFOAM: The Open Source CFD Toolbox
   \\    /   O peration     | Website:  https://openfoam.org
    \\  /    A nd           | Version:  13
     \\/     M anipulation  |
\*---------------------------------------------------------------------------*/
FoamFile
{
    format      ascii;
    class       volScalarField;
    location    "35";
    object      p;
}
// * * * * * * * * * * * * * * * * * * * * * * * * * * * * * * * * * * * * * //

dimensions      [0 2 -2 0 0 0 0];

internalField   nonuniform List<scalar> 
500
(
0.819004
0.761133
0.726097
0.682295
0.641816
0.600079
0.558818
0.517376
0.476004
0.434603
0.393219
0.351821
0.310438
0.269041
0.227656
0.186261
0.144872
0.103479
0.0620881
0.0206955
0.818985
0.761132
0.726097
0.682295
0.641816
0.600079
0.558818
0.517376
0.476004
0.434603
0.393219
0.351821
0.310438
0.269041
0.227656
0.186261
0.144872
0.103479
0.0620881
0.0206955
0.818977
0.761132
0.726098
0.682295
0.641816
0.600079
0.558818
0.517376
0.476004
0.434603
0.393219
0.351821
0.310438
0.269041
0.227656
0.186261
0.144872
0.103479
0.0620881
0.0206955
0.818985
0.761132
0.726097
0.682295
0.641816
0.600079
0.558818
0.517376
0.476004
0.434603
0.393219
0.351821
0.310438
0.269041
0.227656
0.186261
0.144872
0.103479
0.0620881
0.0206955
0.819004
0.761133
0.726097
0.682295
0.641816
0.600079
0.558818
0.517376
0.476004
0.434603
0.393219
0.351821
0.310438
0.269041
0.227656
0.186261
0.144872
0.103479
0.0620881
0.0206955
0.818985
0.761132
0.726097
0.682295
0.641816
0.600079
0.558818
0.517376
0.476004
0.434603
0.393219
0.351821
0.310438
0.269041
0.227656
0.186261
0.144872
0.103479
0.0620881
0.0206955
0.818963
0.761132
0.726098
0.682295
0.641816
0.600079
0.558818
0.517376
0.476004
0.434603
0.393219
0.351821
0.310438
0.269041
0.227656
0.186261
0.144872
0.103479
0.0620881
0.0206955
0.818955
0.761131
0.726098
0.682295
0.641816
0.600079
0.558818
0.517376
0.476004
0.434603
0.393219
0.351821
0.310438
0.269041
0.227656
0.186261
0.144872
0.103479
0.0620881
0.0206955
0.818963
0.761132
0.726098
0.682295
0.641816
0.600079
0.558818
0.517376
0.476004
0.434603
0.393219
0.351821
0.310438
0.269041
0.227656
0.186261
0.144872
0.103479
0.0620881
0.0206955
0.818985
0.761132
0.726097
0.682295
0.641816
0.600079
0.558818
0.517376
0.476004
0.434603
0.393219
0.351821
0.310438
0.269041
0.227656
0.186261
0.144872
0.103479
0.0620881
0.0206955
0.818977
0.761132
0.726098
0.682295
0.641816
0.600079
0.558818
0.517376
0.476004
0.434603
0.393219
0.351821
0.310438
0.269041
0.227656
0.186261
0.144872
0.103479
0.0620881
0.0206955
0.818955
0.761131
0.726098
0.682295
0.641816
0.600079
0.558818
0.517376
0.476004
0.434603
0.393219
0.351821
0.310438
0.269041
0.227656
0.186261
0.144872
0.103479
0.0620881
0.0206955
0.818946
0.761131
0.726098
0.682295
0.641816
0.600079
0.558818
0.517376
0.476004
0.434603
0.393219
0.351821
0.310438
0.269041
0.227656
0.186261
0.144872
0.103479
0.0620881
0.0206955
0.818955
0.761131
0.726098
0.682295
0.641816
0.600079
0.558818
0.517376
0.476004
0.434603
0.393219
0.351821
0.310438
0.269041
0.227656
0.186261
0.144872
0.103479
0.0620881
0.0206955
0.818977
0.761132
0.726098
0.682295
0.641816
0.600079
0.558818
0.517376
0.476004
0.434603
0.393219
0.351821
0.310438
0.269041
0.227656
0.186261
0.144872
0.103479
0.0620881
0.0206955
0.818985
0.761132
0.726097
0.682295
0.641816
0.600079
0.558818
0.517376
0.476004
0.434603
0.393219
0.351821
0.310438
0.269041
0.227656
0.186261
0.144872
0.103479
0.0620881
0.0206955
0.818963
0.761132
0.726098
0.682295
0.641816
0.600079
0.558818
0.517376
0.476004
0.434603
0.393219
0.351821
0.310438
0.269041
0.227656
0.186261
0.144872
0.103479
0.0620881
0.0206955
0.818955
0.761131
0.726098
0.682295
0.641816
0.600079
0.558818
0.517376
0.476004
0.434603
0.393219
0.351821
0.310438
0.269041
0.227656
0.186261
0.144872
0.103479
0.0620881
0.0206955
0.818963
0.761132
0.726098
0.682295
0.641816
0.600079
0.558818
0.517376
0.476004
0.434603
0.393219
0.351821
0.310438
0.269041
0.227656
0.186261
0.144872
0.103479
0.0620881
0.0206955
0.818985
0.761132
0.726097
0.682295
0.641816
0.600079
0.558818
0.517376
0.476004
0.434603
0.393219
0.351821
0.310438
0.269041
0.227656
0.186261
0.144872
0.103479
0.0620881
0.0206955
0.819004
0.761133
0.726097
0.682295
0.641816
0.600079
0.558818
0.517376
0.476004
0.434603
0.393219
0.351821
0.310438
0.269041
0.227656
0.186261
0.144872
0.103479
0.0620881
0.0206955
0.818985
0.761132
0.726097
0.682295
0.641816
0.600079
0.558818
0.517376
0.476004
0.434603
0.393219
0.351821
0.310438
0.269041
0.227656
0.186261
0.144872
0.103479
0.0620881
0.0206955
0.818977
0.761132
0.726098
0.682295
0.641816
0.600079
0.558818
0.517376
0.476004
0.434603
0.393219
0.351821
0.310438
0.269041
0.227656
0.186261
0.144872
0.103479
0.0620881
0.0206955
0.818985
0.761132
0.726097
0.682295
0.641816
0.600079
0.558818
0.517376
0.476004
0.434603
0.393219
0.351821
0.310438
0.269041
0.227656
0.186261
0.144872
0.103479
0.0620881
0.0206955
0.819004
0.761133
0.726097
0.682295
0.641816
0.600079
0.558818
0.517376
0.476004
0.434603
0.393219
0.351821
0.310438
0.269041
0.227656
0.186261
0.144872
0.103479
0.0620881
0.0206955
)
;

boundaryField
{
    inlet
    {
        type            zeroGradient;
    }
    outlet
    {
        type            fixedValue;
        value           uniform 0;
    }
    Walls
    {
        type            zeroGradient;
    }
}


// ************************************************************************* //
