/*--------------------------------*- C++ -*----------------------------------*\
  =========                 |
  \\      /  F ield         | OpenFOAM: The Open Source CFD Toolbox
   \\    /   O peration     | Website:  https://openfoam.org
    \\  /    A nd           | Version:  13
     \\/     M anipulation  |
\*---------------------------------------------------------------------------*/
FoamFile
{
    format      ascii;
    class       volScalarField;
    location    "34";
    object      p;
}
// * * * * * * * * * * * * * * * * * * * * * * * * * * * * * * * * * * * * * //

dimensions      [0 2 -2 0 0 0 0];

internalField   nonuniform List<scalar> 
500
(
21.2651
19.7494
18.8385
17.7085
16.6534
15.5728
14.5009
13.4261
12.3522
11.278
10.204
9.12976
8.05586
6.9816
5.90767
4.83347
3.75942
2.68528
1.61119
0.537048
21.2646
19.7494
18.8385
17.7085
16.6534
15.5728
14.5009
13.4261
12.3522
11.278
10.204
9.12976
8.05586
6.9816
5.90767
4.83347
3.75942
2.68528
1.61119
0.537048
21.2644
19.7493
18.8385
17.7085
16.6534
15.5728
14.5009
13.4261
12.3522
11.278
10.204
9.12976
8.05586
6.9816
5.90767
4.83347
3.75942
2.68528
1.61119
0.537048
21.2646
19.7494
18.8385
17.7085
16.6534
15.5728
14.5009
13.4261
12.3522
11.278
10.204
9.12976
8.05586
6.9816
5.90767
4.83347
3.75942
2.68528
1.61119
0.537048
21.2651
19.7494
18.8385
17.7085
16.6534
15.5728
14.5009
13.4261
12.3522
11.278
10.204
9.12976
8.05586
6.9816
5.90767
4.83347
3.75942
2.68528
1.61119
0.537048
21.2646
19.7494
18.8385
17.7085
16.6534
15.5728
14.5009
13.4261
12.3522
11.278
10.204
9.12976
8.05586
6.9816
5.90767
4.83347
3.75942
2.68528
1.61119
0.537048
21.264
19.7494
18.8385
17.7085
16.6534
15.5728
14.5009
13.4261
12.3522
11.278
10.204
9.12976
8.05586
6.9816
5.90767
4.83347
3.75942
2.68528
1.61119
0.537048
21.2638
19.7493
18.8385
17.7085
16.6534
15.5728
14.5009
13.4261
12.3522
11.278
10.204
9.12976
8.05586
6.9816
5.90767
4.83347
3.75942
2.68528
1.61119
0.537048
21.264
19.7494
18.8385
17.7085
16.6534
15.5728
14.5009
13.4261
12.3522
11.278
10.204
9.12976
8.05586
6.9816
5.90767
4.83347
3.75942
2.68528
1.61119
0.537048
21.2646
19.7494
18.8385
17.7085
16.6534
15.5728
14.5009
13.4261
12.3522
11.278
10.204
9.12976
8.05586
6.9816
5.90767
4.83347
3.75942
2.68528
1.61119
0.537048
21.2644
19.7493
18.8385
17.7085
16.6534
15.5728
14.5009
13.4261
12.3522
11.278
10.204
9.12976
8.05586
6.9816
5.90767
4.83347
3.75942
2.68528
1.61119
0.537048
21.2638
19.7493
18.8385
17.7085
16.6534
15.5728
14.5009
13.4261
12.3522
11.278
10.204
9.12976
8.05586
6.9816
5.90767
4.83347
3.75942
2.68528
1.61119
0.537048
21.2636
19.7493
18.8385
17.7085
16.6534
15.5728
14.5009
13.4261
12.3522
11.278
10.204
9.12976
8.05586
6.9816
5.90767
4.83347
3.75942
2.68528
1.61119
0.537048
21.2638
19.7493
18.8385
17.7085
16.6534
15.5728
14.5009
13.4261
12.3522
11.278
10.204
9.12976
8.05586
6.9816
5.90767
4.83347
3.75942
2.68528
1.61119
0.537048
21.2644
19.7493
18.8385
17.7085
16.6534
15.5728
14.5009
13.4261
12.3522
11.278
10.204
9.12976
8.05586
6.9816
5.90767
4.83347
3.75942
2.68528
1.61119
0.537048
21.2646
19.7494
18.8385
17.7085
16.6534
15.5728
14.5009
13.4261
12.3522
11.278
10.204
9.12976
8.05586
6.9816
5.90767
4.83347
3.75942
2.68528
1.61119
0.537048
21.264
19.7494
18.8385
17.7085
16.6534
15.5728
14.5009
13.4261
12.3522
11.278
10.204
9.12976
8.05586
6.9816
5.90767
4.83347
3.75942
2.68528
1.61119
0.537048
21.2638
19.7493
18.8385
17.7085
16.6534
15.5728
14.5009
13.4261
12.3522
11.278
10.204
9.12976
8.05586
6.9816
5.90767
4.83347
3.75942
2.68528
1.61119
0.537048
21.264
19.7494
18.8385
17.7085
16.6534
15.5728
14.5009
13.4261
12.3522
11.278
10.204
9.12976
8.05586
6.9816
5.90767
4.83347
3.75942
2.68528
1.61119
0.537048
21.2646
19.7494
18.8385
17.7085
16.6534
15.5728
14.5009
13.4261
12.3522
11.278
10.204
9.12976
8.05586
6.9816
5.90767
4.83347
3.75942
2.68528
1.61119
0.537048
21.2651
19.7494
18.8385
17.7085
16.6534
15.5728
14.5009
13.4261
12.3522
11.278
10.204
9.12976
8.05586
6.9816
5.90767
4.83347
3.75942
2.68528
1.61119
0.537048
21.2646
19.7494
18.8385
17.7085
16.6534
15.5728
14.5009
13.4261
12.3522
11.278
10.204
9.12976
8.05586
6.9816
5.90767
4.83347
3.75942
2.68528
1.61119
0.537048
21.2644
19.7493
18.8385
17.7085
16.6534
15.5728
14.5009
13.4261
12.3522
11.278
10.204
9.12976
8.05586
6.9816
5.90767
4.83347
3.75942
2.68528
1.61119
0.537048
21.2646
19.7494
18.8385
17.7085
16.6534
15.5728
14.5009
13.4261
12.3522
11.278
10.204
9.12976
8.05586
6.9816
5.90767
4.83347
3.75942
2.68528
1.61119
0.537048
21.2651
19.7494
18.8385
17.7085
16.6534
15.5728
14.5009
13.4261
12.3522
11.278
10.204
9.12976
8.05586
6.9816
5.90767
4.83347
3.75942
2.68528
1.61119
0.537048
)
;

boundaryField
{
    inlet
    {
        type            zeroGradient;
    }
    outlet
    {
        type            fixedValue;
        value           uniform 0;
    }
    Walls
    {
        type            zeroGradient;
    }
}


// ************************************************************************* //
