/*--------------------------------*- C++ -*----------------------------------*\
  =========                 |
  \\      /  F ield         | OpenFOAM: The Open Source CFD Toolbox
   \\    /   O peration     | Website:  https://openfoam.org
    \\  /    A nd           | Version:  13
     \\/     M anipulation  |
\*---------------------------------------------------------------------------*/
FoamFile
{
    format      ascii;
    class       volScalarField;
    location    "35";
    object      p;
}
// * * * * * * * * * * * * * * * * * * * * * * * * * * * * * * * * * * * * * //

dimensions      [0 2 -2 0 0 0 0];

internalField   nonuniform List<scalar> 
500
(
0.212491
0.197522
0.188434
0.177045
0.166557
0.155717
0.145015
0.134258
0.123523
0.112779
0.10204
0.0912976
0.0805586
0.0698161
0.0590766
0.0483347
0.0375942
0.0268527
0.0161119
0.00537047
0.212486
0.197522
0.188434
0.177045
0.166558
0.155717
0.145015
0.134258
0.123523
0.112779
0.10204
0.0912976
0.0805586
0.0698161
0.0590766
0.0483347
0.0375942
0.0268527
0.0161119
0.00537047
0.212484
0.197521
0.188434
0.177045
0.166558
0.155717
0.145015
0.134258
0.123523
0.112779
0.10204
0.0912976
0.0805586
0.0698161
0.0590766
0.0483347
0.0375942
0.0268527
0.0161119
0.00537047
0.212486
0.197522
0.188434
0.177045
0.166558
0.155717
0.145015
0.134258
0.123523
0.112779
0.10204
0.0912976
0.0805586
0.0698161
0.0590766
0.0483347
0.0375942
0.0268527
0.0161119
0.00537047
0.212491
0.197522
0.188434
0.177045
0.166557
0.155717
0.145015
0.134258
0.123523
0.112779
0.10204
0.0912976
0.0805586
0.0698161
0.0590766
0.0483347
0.0375942
0.0268527
0.0161119
0.00537047
0.212486
0.197522
0.188434
0.177045
0.166558
0.155717
0.145015
0.134258
0.123523
0.112779
0.10204
0.0912976
0.0805586
0.0698161
0.0590766
0.0483347
0.0375942
0.0268527
0.0161119
0.00537047
0.21248
0.197521
0.188434
0.177045
0.166558
0.155717
0.145015
0.134258
0.123523
0.112779
0.10204
0.0912976
0.0805586
0.0698161
0.0590766
0.0483347
0.0375942
0.0268527
0.0161119
0.00537047
0.212478
0.197521
0.188434
0.177045
0.166558
0.155717
0.145015
0.134258
0.123523
0.112779
0.10204
0.0912976
0.0805586
0.0698161
0.0590766
0.0483347
0.0375942
0.0268527
0.0161119
0.00537047
0.21248
0.197521
0.188434
0.177045
0.166558
0.155717
0.145015
0.134258
0.123523
0.112779
0.10204
0.0912976
0.0805586
0.0698161
0.0590766
0.0483347
0.0375942
0.0268527
0.0161119
0.00537047
0.212486
0.197522
0.188434
0.177045
0.166558
0.155717
0.145015
0.134258
0.123523
0.112779
0.10204
0.0912976
0.0805586
0.0698161
0.0590766
0.0483347
0.0375942
0.0268527
0.0161119
0.00537047
0.212484
0.197521
0.188434
0.177045
0.166558
0.155717
0.145015
0.134258
0.123523
0.112779
0.10204
0.0912976
0.0805586
0.0698161
0.0590766
0.0483347
0.0375942
0.0268527
0.0161119
0.00537047
0.212478
0.197521
0.188434
0.177045
0.166558
0.155717
0.145015
0.134258
0.123523
0.112779
0.10204
0.0912976
0.0805586
0.0698161
0.0590766
0.0483347
0.0375942
0.0268527
0.0161119
0.00537047
0.212476
0.197521
0.188434
0.177045
0.166558
0.155717
0.145015
0.134258
0.123523
0.112779
0.10204
0.0912976
0.0805586
0.0698161
0.0590766
0.0483347
0.0375942
0.0268527
0.0161119
0.00537047
0.212478
0.197521
0.188434
0.177045
0.166558
0.155717
0.145015
0.134258
0.123523
0.112779
0.10204
0.0912976
0.0805586
0.0698161
0.0590766
0.0483347
0.0375942
0.0268527
0.0161119
0.00537047
0.212484
0.197521
0.188434
0.177045
0.166558
0.155717
0.145015
0.134258
0.123523
0.112779
0.10204
0.0912976
0.0805586
0.0698161
0.0590766
0.0483347
0.0375942
0.0268527
0.0161119
0.00537047
0.212486
0.197522
0.188434
0.177045
0.166558
0.155717
0.145015
0.134258
0.123523
0.112779
0.10204
0.0912976
0.0805586
0.0698161
0.0590766
0.0483347
0.0375942
0.0268527
0.0161119
0.00537047
0.21248
0.197521
0.188434
0.177045
0.166558
0.155717
0.145015
0.134258
0.123523
0.112779
0.10204
0.0912976
0.0805586
0.0698161
0.0590766
0.0483347
0.0375942
0.0268527
0.0161119
0.00537047
0.212478
0.197521
0.188434
0.177045
0.166558
0.155717
0.145015
0.134258
0.123523
0.112779
0.10204
0.0912976
0.0805586
0.0698161
0.0590766
0.0483347
0.0375942
0.0268527
0.0161119
0.00537047
0.21248
0.197521
0.188434
0.177045
0.166558
0.155717
0.145015
0.134258
0.123523
0.112779
0.10204
0.0912976
0.0805586
0.0698161
0.0590766
0.0483347
0.0375942
0.0268527
0.0161119
0.00537047
0.212486
0.197522
0.188434
0.177045
0.166558
0.155717
0.145015
0.134258
0.123523
0.112779
0.10204
0.0912976
0.0805586
0.0698161
0.0590766
0.0483347
0.0375942
0.0268527
0.0161119
0.00537047
0.212491
0.197522
0.188434
0.177045
0.166557
0.155717
0.145015
0.134258
0.123523
0.112779
0.10204
0.0912976
0.0805586
0.0698161
0.0590766
0.0483347
0.0375942
0.0268527
0.0161119
0.00537047
0.212486
0.197522
0.188434
0.177045
0.166558
0.155717
0.145015
0.134258
0.123523
0.112779
0.10204
0.0912976
0.0805586
0.0698161
0.0590766
0.0483347
0.0375942
0.0268527
0.0161119
0.00537047
0.212484
0.197521
0.188434
0.177045
0.166558
0.155717
0.145015
0.134258
0.123523
0.112779
0.10204
0.0912976
0.0805586
0.0698161
0.0590766
0.0483347
0.0375942
0.0268527
0.0161119
0.00537047
0.212486
0.197522
0.188434
0.177045
0.166558
0.155717
0.145015
0.134258
0.123523
0.112779
0.10204
0.0912976
0.0805586
0.0698161
0.0590766
0.0483347
0.0375942
0.0268527
0.0161119
0.00537047
0.212491
0.197522
0.188434
0.177045
0.166557
0.155717
0.145015
0.134258
0.123523
0.112779
0.10204
0.0912976
0.0805586
0.0698161
0.0590766
0.0483347
0.0375942
0.0268527
0.0161119
0.00537047
)
;

boundaryField
{
    inlet
    {
        type            zeroGradient;
    }
    outlet
    {
        type            fixedValue;
        value           uniform 0;
    }
    Walls
    {
        type            zeroGradient;
    }
}


// ************************************************************************* //
