/*--------------------------------*- C++ -*----------------------------------*\
  =========                 |
  \\      /  F ield         | OpenFOAM: The Open Source CFD Toolbox
   \\    /   O peration     | Website:  https://openfoam.org
    \\  /    A nd           | Version:  13
     \\/     M anipulation  |
\*---------------------------------------------------------------------------*/
FoamFile
{
    format      ascii;
    class       volScalarField;
    location    "33";
    object      p;
}
// * * * * * * * * * * * * * * * * * * * * * * * * * * * * * * * * * * * * * //

dimensions      [0 2 -2 0 0 0 0];

internalField   nonuniform List<scalar> 
1372
(
22.759
21.5012
20.8976
19.9835
19.2109
18.3739
17.5661
16.7452
15.93
15.1124
14.2958
13.4787
12.6619
11.845
11.0281
10.2112
9.39436
8.57739
7.76057
6.94359
6.12677
5.3098
4.49298
3.67602
2.85918
2.04223
1.22538
0.40843
22.7582
21.5011
20.8977
19.9835
19.2109
18.3739
17.5661
16.7452
15.93
15.1124
14.2958
13.4787
12.6619
11.845
11.0281
10.2112
9.39436
8.57739
7.76057
6.94359
6.12677
5.3098
4.49298
3.67602
2.85918
2.04223
1.22538
0.40843
22.7578
21.5011
20.8977
19.9835
19.2109
18.3739
17.5661
16.7452
15.93
15.1124
14.2958
13.4787
12.6619
11.845
11.0281
10.2112
9.39436
8.57739
7.76057
6.94359
6.12677
5.3098
4.49298
3.67602
2.85918
2.04223
1.22538
0.40843
22.7577
21.5011
20.8977
19.9835
19.2109
18.3739
17.5661
16.7452
15.93
15.1124
14.2958
13.4787
12.6619
11.845
11.0281
10.2112
9.39436
8.57739
7.76057
6.94359
6.12677
5.3098
4.49298
3.67602
2.85918
2.04223
1.22538
0.40843
22.7578
21.5011
20.8977
19.9835
19.2109
18.3739
17.5661
16.7452
15.93
15.1124
14.2958
13.4787
12.6619
11.845
11.0281
10.2112
9.39436
8.57739
7.76057
6.94359
6.12677
5.3098
4.49298
3.67602
2.85918
2.04223
1.22538
0.40843
22.7582
21.5011
20.8977
19.9835
19.2109
18.3739
17.5661
16.7452
15.93
15.1124
14.2958
13.4787
12.6619
11.845
11.0281
10.2112
9.39436
8.57739
7.76057
6.94359
6.12677
5.3098
4.49298
3.67602
2.85918
2.04223
1.22538
0.40843
22.759
21.5012
20.8976
19.9835
19.2109
18.3739
17.5661
16.7452
15.93
15.1124
14.2958
13.4787
12.6619
11.845
11.0281
10.2112
9.39436
8.57739
7.76057
6.94359
6.12677
5.3098
4.49298
3.67602
2.85918
2.04223
1.22538
0.40843
22.7582
21.5011
20.8977
19.9835
19.2109
18.3739
17.5661
16.7452
15.93
15.1124
14.2958
13.4787
12.6619
11.845
11.0281
10.2112
9.39436
8.57739
7.76057
6.94359
6.12677
5.3098
4.49298
3.67602
2.85918
2.04223
1.22538
0.40843
22.7575
21.5011
20.8977
19.9835
19.2109
18.3739
17.5661
16.7452
15.93
15.1124
14.2958
13.4787
12.6619
11.845
11.0281
10.2112
9.39436
8.57739
7.76057
6.94359
6.12677
5.3098
4.49298
3.67602
2.85918
2.04223
1.22538
0.40843
22.757
21.5011
20.8977
19.9835
19.2109
18.3739
17.5661
16.7452
15.93
15.1124
14.2958
13.4787
12.6619
11.845
11.0281
10.2112
9.39436
8.57739
7.76057
6.94359
6.12677
5.3098
4.49298
3.67602
2.85918
2.04223
1.22538
0.40843
22.7569
21.5011
20.8977
19.9835
19.2109
18.3739
17.5661
16.7452
15.93
15.1124
14.2958
13.4787
12.6619
11.845
11.0281
10.2112
9.39436
8.57739
7.76057
6.94359
6.12677
5.3098
4.49298
3.67602
2.85918
2.04223
1.22538
0.40843
22.757
21.5011
20.8977
19.9835
19.2109
18.3739
17.5661
16.7452
15.93
15.1124
14.2958
13.4787
12.6619
11.845
11.0281
10.2112
9.39436
8.57739
7.76057
6.94359
6.12677
5.3098
4.49298
3.67602
2.85918
2.04223
1.22538
0.40843
22.7575
21.5011
20.8977
19.9835
19.2109
18.3739
17.5661
16.7452
15.93
15.1124
14.2958
13.4787
12.6619
11.845
11.0281
10.2112
9.39436
8.57739
7.76057
6.94359
6.12677
5.3098
4.49298
3.67602
2.85918
2.04223
1.22538
0.40843
22.7582
21.5011
20.8977
19.9835
19.2109
18.3739
17.5661
16.7452
15.93
15.1124
14.2958
13.4787
12.6619
11.845
11.0281
10.2112
9.39436
8.57739
7.76057
6.94359
6.12677
5.3098
4.49298
3.67602
2.85918
2.04223
1.22538
0.40843
22.7578
21.5011
20.8977
19.9835
19.2109
18.3739
17.5661
16.7452
15.93
15.1124
14.2958
13.4787
12.6619
11.845
11.0281
10.2112
9.39436
8.57739
7.76057
6.94359
6.12677
5.3098
4.49298
3.67602
2.85918
2.04223
1.22538
0.40843
22.757
21.5011
20.8977
19.9835
19.2109
18.3739
17.5661
16.7452
15.93
15.1124
14.2958
13.4787
12.6619
11.845
11.0281
10.2112
9.39436
8.57739
7.76057
6.94359
6.12677
5.3098
4.49298
3.67602
2.85918
2.04223
1.22538
0.40843
22.7566
21.5011
20.8977
19.9835
19.2109
18.3739
17.5661
16.7452
15.93
15.1124
14.2958
13.4787
12.6619
11.845
11.0281
10.2112
9.39436
8.57739
7.76057
6.94359
6.12677
5.3098
4.49298
3.67602
2.85918
2.04223
1.22538
0.40843
22.7564
21.5011
20.8977
19.9835
19.2109
18.3739
17.5661
16.7452
15.93
15.1124
14.2958
13.4787
12.6619
11.845
11.0281
10.2112
9.39436
8.57739
7.76057
6.94359
6.12677
5.3098
4.49298
3.67602
2.85918
2.04223
1.22538
0.40843
22.7566
21.5011
20.8977
19.9835
19.2109
18.3739
17.5661
16.7452
15.93
15.1124
14.2958
13.4787
12.6619
11.845
11.0281
10.2112
9.39436
8.57739
7.76057
6.94359
6.12677
5.3098
4.49298
3.67602
2.85918
2.04223
1.22538
0.40843
22.757
21.5011
20.8977
19.9835
19.2109
18.3739
17.5661
16.7452
15.93
15.1124
14.2958
13.4787
12.6619
11.845
11.0281
10.2112
9.39436
8.57739
7.76057
6.94359
6.12677
5.3098
4.49298
3.67602
2.85918
2.04223
1.22538
0.40843
22.7578
21.5011
20.8977
19.9835
19.2109
18.3739
17.5661
16.7452
15.93
15.1124
14.2958
13.4787
12.6619
11.845
11.0281
10.2112
9.39436
8.57739
7.76057
6.94359
6.12677
5.3098
4.49298
3.67602
2.85918
2.04223
1.22538
0.40843
22.7577
21.5011
20.8977
19.9835
19.2109
18.3739
17.5661
16.7452
15.93
15.1124
14.2958
13.4787
12.6619
11.845
11.0281
10.2112
9.39436
8.57739
7.76057
6.94359
6.12677
5.3098
4.49298
3.67602
2.85918
2.04223
1.22538
0.40843
22.7569
21.5011
20.8977
19.9835
19.2109
18.3739
17.5661
16.7452
15.93
15.1124
14.2958
13.4787
12.6619
11.845
11.0281
10.2112
9.39436
8.57739
7.76057
6.94359
6.12677
5.3098
4.49298
3.67602
2.85918
2.04223
1.22538
0.40843
22.7564
21.5011
20.8977
19.9835
19.2109
18.3739
17.5661
16.7452
15.93
15.1124
14.2958
13.4787
12.6619
11.845
11.0281
10.2112
9.39436
8.57739
7.76057
6.94359
6.12677
5.3098
4.49298
3.67602
2.85918
2.04223
1.22538
0.40843
22.7563
21.5011
20.8977
19.9835
19.2109
18.3739
17.5661
16.7452
15.93
15.1124
14.2958
13.4787
12.6619
11.845
11.0281
10.2112
9.39436
8.57739
7.76057
6.94359
6.12677
5.3098
4.49298
3.67602
2.85918
2.04223
1.22538
0.40843
22.7564
21.5011
20.8977
19.9835
19.2109
18.3739
17.5661
16.7452
15.93
15.1124
14.2958
13.4787
12.6619
11.845
11.0281
10.2112
9.39436
8.57739
7.76057
6.94359
6.12677
5.3098
4.49298
3.67602
2.85918
2.04223
1.22538
0.40843
22.7569
21.5011
20.8977
19.9835
19.2109
18.3739
17.5661
16.7452
15.93
15.1124
14.2958
13.4787
12.6619
11.845
11.0281
10.2112
9.39436
8.57739
7.76057
6.94359
6.12677
5.3098
4.49298
3.67602
2.85918
2.04223
1.22538
0.40843
22.7577
21.5011
20.8977
19.9835
19.2109
18.3739
17.5661
16.7452
15.93
15.1124
14.2958
13.4787
12.6619
11.845
11.0281
10.2112
9.39436
8.57739
7.76057
6.94359
6.12677
5.3098
4.49298
3.67602
2.85918
2.04223
1.22538
0.40843
22.7578
21.5011
20.8977
19.9835
19.2109
18.3739
17.5661
16.7452
15.93
15.1124
14.2958
13.4787
12.6619
11.845
11.0281
10.2112
9.39436
8.57739
7.76057
6.94359
6.12677
5.3098
4.49298
3.67602
2.85918
2.04223
1.22538
0.40843
22.757
21.5011
20.8977
19.9835
19.2109
18.3739
17.5661
16.7452
15.93
15.1124
14.2958
13.4787
12.6619
11.845
11.0281
10.2112
9.39436
8.57739
7.76057
6.94359
6.12677
5.3098
4.49298
3.67602
2.85918
2.04223
1.22538
0.40843
22.7566
21.5011
20.8977
19.9835
19.2109
18.3739
17.5661
16.7452
15.93
15.1124
14.2958
13.4787
12.6619
11.845
11.0281
10.2112
9.39436
8.57739
7.76057
6.94359
6.12677
5.3098
4.49298
3.67602
2.85918
2.04223
1.22538
0.40843
22.7564
21.5011
20.8977
19.9835
19.2109
18.3739
17.5661
16.7452
15.93
15.1124
14.2958
13.4787
12.6619
11.845
11.0281
10.2112
9.39436
8.57739
7.76057
6.94359
6.12677
5.3098
4.49298
3.67602
2.85918
2.04223
1.22538
0.40843
22.7566
21.5011
20.8977
19.9835
19.2109
18.3739
17.5661
16.7452
15.93
15.1124
14.2958
13.4787
12.6619
11.845
11.0281
10.2112
9.39436
8.57739
7.76057
6.94359
6.12677
5.3098
4.49298
3.67602
2.85918
2.04223
1.22538
0.40843
22.757
21.5011
20.8977
19.9835
19.2109
18.3739
17.5661
16.7452
15.93
15.1124
14.2958
13.4787
12.6619
11.845
11.0281
10.2112
9.39436
8.57739
7.76057
6.94359
6.12677
5.3098
4.49298
3.67602
2.85918
2.04223
1.22538
0.40843
22.7578
21.5011
20.8977
19.9835
19.2109
18.3739
17.5661
16.7452
15.93
15.1124
14.2958
13.4787
12.6619
11.845
11.0281
10.2112
9.39436
8.57739
7.76057
6.94359
6.12677
5.3098
4.49298
3.67602
2.85918
2.04223
1.22538
0.40843
22.7582
21.5011
20.8977
19.9835
19.2109
18.3739
17.5661
16.7452
15.93
15.1124
14.2958
13.4787
12.6619
11.845
11.0281
10.2112
9.39436
8.57739
7.76057
6.94359
6.12677
5.3098
4.49298
3.67602
2.85918
2.04223
1.22538
0.40843
22.7575
21.5011
20.8977
19.9835
19.2109
18.3739
17.5661
16.7452
15.93
15.1124
14.2958
13.4787
12.6619
11.845
11.0281
10.2112
9.39436
8.57739
7.76057
6.94359
6.12677
5.3098
4.49298
3.67602
2.85918
2.04223
1.22538
0.40843
22.757
21.5011
20.8977
19.9835
19.2109
18.3739
17.5661
16.7452
15.93
15.1124
14.2958
13.4787
12.6619
11.845
11.0281
10.2112
9.39436
8.57739
7.76057
6.94359
6.12677
5.3098
4.49298
3.67602
2.85918
2.04223
1.22538
0.40843
22.7569
21.5011
20.8977
19.9835
19.2109
18.3739
17.5661
16.7452
15.93
15.1124
14.2958
13.4787
12.6619
11.845
11.0281
10.2112
9.39436
8.57739
7.76057
6.94359
6.12677
5.3098
4.49298
3.67602
2.85918
2.04223
1.22538
0.40843
22.757
21.5011
20.8977
19.9835
19.2109
18.3739
17.5661
16.7452
15.93
15.1124
14.2958
13.4787
12.6619
11.845
11.0281
10.2112
9.39436
8.57739
7.76057
6.94359
6.12677
5.3098
4.49298
3.67602
2.85918
2.04223
1.22538
0.40843
22.7575
21.5011
20.8977
19.9835
19.2109
18.3739
17.5661
16.7452
15.93
15.1124
14.2958
13.4787
12.6619
11.845
11.0281
10.2112
9.39436
8.57739
7.76057
6.94359
6.12677
5.3098
4.49298
3.67602
2.85918
2.04223
1.22538
0.40843
22.7582
21.5011
20.8977
19.9835
19.2109
18.3739
17.5661
16.7452
15.93
15.1124
14.2958
13.4787
12.6619
11.845
11.0281
10.2112
9.39436
8.57739
7.76057
6.94359
6.12677
5.3098
4.49298
3.67602
2.85918
2.04223
1.22538
0.40843
22.759
21.5012
20.8976
19.9835
19.2109
18.3739
17.5661
16.7452
15.93
15.1124
14.2958
13.4787
12.6619
11.845
11.0281
10.2112
9.39436
8.57739
7.76057
6.94359
6.12677
5.3098
4.49298
3.67602
2.85918
2.04223
1.22538
0.40843
22.7582
21.5011
20.8977
19.9835
19.2109
18.3739
17.5661
16.7452
15.93
15.1124
14.2958
13.4787
12.6619
11.845
11.0281
10.2112
9.39436
8.57739
7.76057
6.94359
6.12677
5.3098
4.49298
3.67602
2.85918
2.04223
1.22538
0.40843
22.7578
21.5011
20.8977
19.9835
19.2109
18.3739
17.5661
16.7452
15.93
15.1124
14.2958
13.4787
12.6619
11.845
11.0281
10.2112
9.39436
8.57739
7.76057
6.94359
6.12677
5.3098
4.49298
3.67602
2.85918
2.04223
1.22538
0.40843
22.7577
21.5011
20.8977
19.9835
19.2109
18.3739
17.5661
16.7452
15.93
15.1124
14.2958
13.4787
12.6619
11.845
11.0281
10.2112
9.39436
8.57739
7.76057
6.94359
6.12677
5.3098
4.49298
3.67602
2.85918
2.04223
1.22538
0.40843
22.7578
21.5011
20.8977
19.9835
19.2109
18.3739
17.5661
16.7452
15.93
15.1124
14.2958
13.4787
12.6619
11.845
11.0281
10.2112
9.39436
8.57739
7.76057
6.94359
6.12677
5.3098
4.49298
3.67602
2.85918
2.04223
1.22538
0.40843
22.7582
21.5011
20.8977
19.9835
19.2109
18.3739
17.5661
16.7452
15.93
15.1124
14.2958
13.4787
12.6619
11.845
11.0281
10.2112
9.39436
8.57739
7.76057
6.94359
6.12677
5.3098
4.49298
3.67602
2.85918
2.04223
1.22538
0.40843
22.759
21.5012
20.8976
19.9835
19.2109
18.3739
17.5661
16.7452
15.93
15.1124
14.2958
13.4787
12.6619
11.845
11.0281
10.2112
9.39436
8.57739
7.76057
6.94359
6.12677
5.3098
4.49298
3.67602
2.85918
2.04223
1.22538
0.40843
)
;

boundaryField
{
    inlet
    {
        type            zeroGradient;
    }
    outlet
    {
        type            fixedValue;
        value           uniform 0;
    }
    Walls
    {
        type            zeroGradient;
    }
}


// ************************************************************************* //
