/*--------------------------------*- C++ -*----------------------------------*\
  =========                 |
  \\      /  F ield         | OpenFOAM: The Open Source CFD Toolbox
   \\    /   O peration     | Website:  https://openfoam.org
    \\  /    A nd           | Version:  13
     \\/     M anipulation  |
\*---------------------------------------------------------------------------*/
FoamFile
{
    format      ascii;
    class       volVectorField;
    location    "33";
    object      U;
}
// * * * * * * * * * * * * * * * * * * * * * * * * * * * * * * * * * * * * * //

dimensions      [0 1 -1 0 0 0 0];

internalField   nonuniform List<vector> 
1372
(
(0.0328015 0.000692554 0.000692553)
(0.0473781 5.97191e-05 5.97207e-05)
(0.0393382 -2.79543e-05 -2.79557e-05)
(0.0432645 1.26047e-05 1.26062e-05)
(0.0414757 -5.73108e-06 -5.73223e-06)
(0.0422919 2.58825e-06 2.58894e-06)
(0.0419212 -1.15724e-06 -1.15768e-06)
(0.0420881 5.11618e-07 5.12201e-07)
(0.0420146 -2.22299e-07 -2.22283e-07)
(0.0420462 9.78e-08 9.7736e-08)
(0.0420333 -4.44647e-08 -4.42872e-08)
(0.0420383 2.42995e-08 2.41279e-08)
(0.0420367 -1.631e-08 -1.61709e-08)
(0.0420371 1.44768e-08 1.42411e-08)
(0.0420372 -1.39615e-08 -1.37032e-08)
(0.0420371 1.42045e-08 1.40581e-08)
(0.0420372 -1.43236e-08 -1.41111e-08)
(0.0420371 1.44809e-08 1.43138e-08)
(0.0420372 -1.46408e-08 -1.44264e-08)
(0.0420372 1.44092e-08 1.42317e-08)
(0.0420371 -1.43187e-08 -1.41553e-08)
(0.0420372 1.38333e-08 1.3385e-08)
(0.0420368 -1.29578e-08 -1.24547e-08)
(0.0420374 1.15347e-08 1.13683e-08)
(0.042037 -1.02247e-08 -1.01376e-08)
(0.0420373 9.14347e-09 9.05298e-09)
(0.0420371 -8.26148e-09 -8.2551e-09)
(0.0420372 7.71464e-09 7.65767e-09)
(0.062465 0.00122239 0.00104977)
(0.091121 9.62868e-05 0.000107959)
(0.0762107 -4.15121e-05 -4.96678e-05)
(0.083382 1.76058e-05 2.20105e-05)
(0.0801152 -8.03547e-06 -9.96256e-06)
(0.0816049 3.62542e-06 4.45977e-06)
(0.0809288 -1.61386e-06 -1.97743e-06)
(0.0812331 7.14551e-07 8.65007e-07)
(0.0810992 -3.05551e-07 -3.79785e-07)
(0.0811568 1.35487e-07 1.70131e-07)
(0.0811334 -5.84409e-08 -8.85816e-08)
(0.0811425 3.3214e-08 5.58116e-08)
(0.0811396 -2.13434e-08 -4.54032e-08)
(0.0811403 2.06577e-08 4.19601e-08)
(0.0811405 -1.91327e-08 -4.42186e-08)
(0.0811403 2.00503e-08 4.37839e-08)
(0.0811406 -1.96074e-08 -4.60752e-08)
(0.0811404 1.97641e-08 4.6874e-08)
(0.0811405 -2.00784e-08 -4.77651e-08)
(0.0811405 1.96491e-08 4.67999e-08)
(0.0811403 -1.96704e-08 -4.67598e-08)
(0.0811406 2.0579e-08 4.37751e-08)
(0.0811399 -2.0506e-08 -3.74814e-08)
(0.0811408 1.49326e-08 3.88883e-08)
(0.08114 -1.50707e-08 -2.85194e-08)
(0.0811407 1.25188e-08 2.64437e-08)
(0.0811402 -1.2386e-08 -2.01082e-08)
(0.0811405 1.08954e-08 1.94035e-08)
(0.07619 0.000776021 0.00102305)
(0.111733 6.89441e-05 0.000116605)
(0.0938103 -2.97622e-05 -5.41009e-05)
(0.102325 1.24706e-05 2.38695e-05)
(0.0984441 -5.72958e-06 -1.08073e-05)
(0.100213 2.60251e-06 4.83677e-06)
(0.0994109 -1.16624e-06 -2.14163e-06)
(0.0997715 5.34313e-07 9.36656e-07)
(0.0996134 -2.2692e-07 -4.08551e-07)
(0.0996813 1.03914e-07 1.83644e-07)
(0.0996538 -3.76992e-08 -9.32544e-08)
(0.0996645 2.03247e-08 5.94125e-08)
(0.0996612 -7.44408e-09 -4.73168e-08)
(0.0996619 7.80515e-09 4.44358e-08)
(0.0996622 -4.29658e-09 -4.58318e-08)
(0.0996619 5.91086e-09 4.63088e-08)
(0.0996624 -4.05397e-09 -4.81487e-08)
(0.0996621 4.04499e-09 4.90379e-08)
(0.0996622 -4.35132e-09 -4.99817e-08)
(0.0996623 3.8654e-09 4.88861e-08)
(0.099662 -4.5827e-09 -4.86866e-08)
(0.0996624 7.4434e-09 4.51735e-08)
(0.0996614 -9.52303e-09 -3.94968e-08)
(0.0996626 2.50443e-09 3.9594e-08)
(0.0996616 -5.22077e-09 -3.05545e-08)
(0.0996624 2.84604e-09 2.77642e-08)
(0.0996618 -4.4169e-09 -2.21848e-08)
(0.0996621 3.16732e-09 2.0728e-08)
(0.0802551 -1.21776e-08 0.000999423)
(0.117901 -9.52696e-10 0.00011681)
(0.0991144 -1.33858e-08 -5.44997e-05)
(0.107997 2.2836e-08 2.40227e-05)
(0.103947 -2.86203e-08 -1.08846e-05)
(0.105793 1.90114e-08 4.87369e-06)
(0.104956 -1.26103e-08 -2.15667e-06)
(0.105332 2.74819e-08 9.43058e-07)
(0.105167 -1.24845e-08 -4.09101e-07)
(0.105238 1.06197e-08 1.82989e-07)
(0.10521 8.67036e-10 -9.08739e-08)
(0.105221 -2.71657e-10 5.71848e-08)
(0.105217 4.65415e-09 -4.48534e-08)
(0.105218 -3.68297e-09 4.21977e-08)
(0.105218 5.37238e-09 -4.30055e-08)
(0.105218 -5.28017e-09 4.40219e-08)
(0.105219 6.27306e-09 -4.53286e-08)
(0.105218 -6.34772e-09 4.62635e-08)
(0.105218 6.05897e-09 -4.69856e-08)
(0.105218 -6.43629e-09 4.60321e-08)
(0.105218 5.48273e-09 -4.57538e-08)
(0.105218 -1.24832e-09 4.20793e-08)
(0.105217 5.16195e-10 -3.71515e-08)
(0.105219 -4.3375e-09 3.67558e-08)
(0.105218 4.25147e-09 -2.95214e-08)
(0.105218 -4.63723e-09 2.65753e-08)
(0.105218 4.37107e-09 -2.21881e-08)
(0.105218 -4.09275e-09 2.04932e-08)
(0.07619 -0.000776038 0.00102303)
(0.111733 -6.89429e-05 0.0001166)
(0.0938103 2.9733e-05 -5.40967e-05)
(0.102325 -1.24294e-05 2.38703e-05)
(0.0984441 5.67863e-06 -1.08076e-05)
(0.100213 -2.56475e-06 4.8358e-06)
(0.0994109 1.14081e-06 -2.13896e-06)
(0.0997715 -4.85446e-07 9.35459e-07)
(0.0996134 2.0572e-07 -4.07262e-07)
(0.0996813 -8.55675e-08 1.81881e-07)
(0.0996538 4.01938e-08 -9.24236e-08)
(0.0996645 -2.10897e-08 5.80991e-08)
(0.0996612 1.6409e-08 -4.67125e-08)
(0.0996619 -1.47699e-08 4.34367e-08)
(0.0996622 1.47948e-08 -4.50657e-08)
(0.0996619 -1.56256e-08 4.55292e-08)
(0.0996624 1.57677e-08 -4.71895e-08)
(0.0996621 -1.59699e-08 4.82433e-08)
(0.0996622 1.5684e-08 -4.8945e-08)
(0.0996623 -1.59737e-08 4.8002e-08)
(0.099662 1.50586e-08 -4.80556e-08)
(0.0996624 -1.16395e-08 4.35143e-08)
(0.0996614 1.16856e-08 -3.74398e-08)
(0.0996626 -1.12466e-08 3.93179e-08)
(0.0996616 1.28045e-08 -3.02199e-08)
(0.0996624 -1.13924e-08 2.73834e-08)
(0.0996618 1.20593e-08 -2.22283e-08)
(0.0996621 -1.04882e-08 2.10437e-08)
(0.062465 -0.0012224 0.00104975)
(0.091121 -9.62812e-05 0.000107955)
(0.0762107 4.14863e-05 -4.96702e-05)
(0.0833821 -1.75815e-05 2.20153e-05)
(0.0801152 8.00443e-06 -9.96558e-06)
(0.0816049 -3.59505e-06 4.46424e-06)
(0.0809288 1.59196e-06 -1.97764e-06)
(0.0812331 -6.84016e-07 8.65475e-07)
(0.0810992 2.93298e-07 -3.77251e-07)
(0.0811568 -1.24612e-07 1.67951e-07)
(0.0811334 6.02036e-08 -8.51621e-08)
(0.0811425 -3.31046e-08 5.2824e-08)
(0.0811396 2.67124e-08 -4.22553e-08)
(0.0811403 -2.47375e-08 3.90203e-08)
(0.0811405 2.59681e-08 -4.05177e-08)
(0.0811403 -2.53286e-08 4.08022e-08)
(0.0811406 2.64401e-08 -4.24108e-08)
(0.0811404 -2.67196e-08 4.32297e-08)
(0.0811405 2.65974e-08 -4.39357e-08)
(0.0811405 -2.67782e-08 4.30317e-08)
(0.0811403 2.58573e-08 -4.31897e-08)
(0.0811406 -2.57163e-08 3.86176e-08)
(0.0811399 2.36555e-08 -3.32464e-08)
(0.0811408 -2.04937e-08 3.54627e-08)
(0.0811401 1.9222e-08 -2.71744e-08)
(0.0811407 -1.76469e-08 2.46095e-08)
(0.0811402 1.67765e-08 -1.98557e-08)
(0.0811405 -1.52478e-08 1.91431e-08)
(0.0328015 -0.000692557 0.000692559)
(0.0473781 -5.97155e-05 5.97226e-05)
(0.0393382 2.79436e-05 -2.79599e-05)
(0.0432645 -1.2598e-05 1.26075e-05)
(0.0414757 5.72157e-06 -5.73391e-06)
(0.0422919 -2.5758e-06 2.59341e-06)
(0.0419212 1.14762e-06 -1.16066e-06)
(0.0420881 -5.01717e-07 5.13454e-07)
(0.0420146 2.18571e-07 -2.22005e-07)
(0.0420462 -9.43855e-08 9.76082e-08)
(0.0420333 4.47229e-08 -4.38543e-08)
(0.0420383 -2.37578e-08 2.40213e-08)
(0.0420367 1.75596e-08 -1.58001e-08)
(0.0420371 -1.54008e-08 1.3914e-08)
(0.0420372 1.58701e-08 -1.29991e-08)
(0.0420371 -1.52267e-08 1.39309e-08)
(0.0420372 1.59465e-08 -1.36951e-08)
(0.0420371 -1.60858e-08 1.39452e-08)
(0.0420372 1.61147e-08 -1.40221e-08)
(0.0420372 -1.60892e-08 1.38198e-08)
(0.0420371 1.57139e-08 -1.37524e-08)
(0.0420372 -1.61392e-08 1.1878e-08)
(0.0420368 1.449e-08 -1.14085e-08)
(0.0420374 -1.29071e-08 1.08336e-08)
(0.042037 1.1144e-08 -1.01531e-08)
(0.0420373 -1.05242e-08 8.76626e-09)
(0.0420371 9.4714e-09 -8.2939e-09)
(0.0420372 -8.98098e-09 7.57364e-09)
(0.062465 0.00104976 0.00122239)
(0.091121 0.000107951 9.62977e-05)
(0.0762107 -4.96597e-05 -4.15217e-05)
(0.083382 2.20033e-05 1.76102e-05)
(0.0801152 -9.95642e-06 -8.0382e-06)
(0.0816049 4.45409e-06 3.63088e-06)
(0.0809288 -1.97344e-06 -1.61858e-06)
(0.0812331 8.62529e-07 7.15533e-07)
(0.0810992 -3.79367e-07 -3.05006e-07)
(0.0811568 1.70249e-07 1.34663e-07)
(0.0811334 -8.9173e-08 -5.79798e-08)
(0.0811425 5.65023e-08 3.28657e-08)
(0.0811396 -4.61151e-08 -2.12752e-08)
(0.0811403 4.29198e-08 2.01096e-08)
(0.0811405 -4.53179e-08 -1.8402e-08)
(0.0811403 4.45377e-08 2.01433e-08)
(0.0811406 -4.7065e-08 -1.93455e-08)
(0.0811404 4.77664e-08 1.9742e-08)
(0.0811405 -4.87915e-08 -1.98124e-08)
(0.0811405 4.77159e-08 1.95796e-08)
(0.0811403 -4.76826e-08 -1.94183e-08)
(0.0811406 4.55387e-08 1.79651e-08)
(0.0811399 -3.91224e-08 -1.80029e-08)
(0.0811408 3.9686e-08 1.44677e-08)
(0.08114 -2.89448e-08 -1.5192e-08)
(0.0811407 2.69307e-08 1.24367e-08)
(0.0811402 -2.03041e-08 -1.26192e-08)
(0.0811405 1.96564e-08 1.09575e-08)
(0.132241 0.00202152 0.00202153)
(0.194868 0.000179096 0.000179106)
(0.164151 -7.45227e-05 -7.45315e-05)
(0.17857 3.04093e-05 3.04059e-05)
(0.171999 -1.39367e-05 -1.39324e-05)
(0.174994 6.29695e-06 6.30325e-06)
(0.173635 -2.80232e-06 -2.80946e-06)
(0.174247 1.24051e-06 1.23832e-06)
(0.173977 -5.24418e-07 -5.22217e-07)
(0.174094 2.30149e-07 2.28021e-07)
(0.174046 -9.33416e-08 -9.33872e-08)
(0.174065 5.13879e-08 5.18871e-08)
(0.174059 -3.03624e-08 -3.1672e-08)
(0.17406 3.05353e-08 3.09073e-08)
(0.174061 -2.66098e-08 -2.68161e-08)
(0.17406 2.92793e-08 3.11577e-08)
(0.174061 -2.72903e-08 -2.86746e-08)
(0.174061 2.76185e-08 2.94122e-08)
(0.174061 -2.76761e-08 -2.91137e-08)
(0.174061 2.72812e-08 2.89948e-08)
(0.17406 -2.70351e-08 -2.82502e-08)
(0.174061 3.00382e-08 2.58686e-08)
(0.17406 -3.17533e-08 -2.78779e-08)
(0.174061 1.9235e-08 1.98305e-08)
(0.17406 -2.35019e-08 -2.47714e-08)
(0.174061 1.87993e-08 1.95968e-08)
(0.17406 -2.09713e-08 -2.20269e-08)
(0.174061 1.84946e-08 1.91837e-08)
(0.167526 0.00136518 0.00220746)
(0.248198 0.000133352 0.000205029)
(0.209878 -5.47079e-05 -8.49767e-05)
(0.227539 2.17522e-05 3.39007e-05)
(0.219481 -1.00333e-05 -1.55708e-05)
(0.223153 4.55364e-06 7.0456e-06)
(0.221488 -2.04334e-06 -3.13593e-06)
(0.222237 9.39416e-07 1.38199e-06)
(0.221908 -4.04095e-07 -5.78597e-07)
(0.22205 1.86877e-07 2.53635e-07)
(0.221992 -7.20656e-08 -1.03259e-07)
(0.222015 4.0512e-08 5.97078e-08)
(0.222008 -1.75388e-08 -3.69231e-08)
(0.222009 1.73049e-08 3.71222e-08)
(0.22201 -1.19326e-08 -3.21392e-08)
(0.222009 1.39834e-08 3.82161e-08)
(0.22201 -1.1377e-08 -3.49121e-08)
(0.22201 1.15761e-08 3.59166e-08)
(0.22201 -1.23409e-08 -3.56731e-08)
(0.22201 1.13037e-08 3.53957e-08)
(0.22201 -1.27982e-08 -3.47653e-08)
(0.22201 1.81064e-08 3.05701e-08)
(0.222008 -1.97224e-08 -3.33913e-08)
(0.222011 9.26161e-09 2.42816e-08)
(0.222009 -1.03913e-08 -3.0128e-08)
(0.22201 6.81744e-09 2.3061e-08)
(0.222009 -7.31104e-09 -2.59099e-08)
(0.222009 5.61885e-09 2.24098e-08)
(0.178305 -2.01238e-08 0.00223543)
(0.264642 -1.84506e-09 0.000209987)
(0.224072 -2.80374e-08 -8.72737e-05)
(0.242642 4.10806e-08 3.45737e-05)
(0.234164 -5.19843e-08 -1.59018e-05)
(0.238026 3.58895e-08 7.20202e-06)
(0.236276 -2.47454e-08 -3.20725e-06)
(0.237062 5.17912e-08 1.41328e-06)
(0.236717 -2.29221e-08 -5.90458e-07)
(0.236866 2.01078e-08 2.58358e-07)
(0.236806 1.8955e-09 -1.04536e-07)
(0.23683 2.72945e-10 6.03297e-08)
(0.236822 8.72852e-09 -3.6848e-08)
(0.236824 -6.40276e-09 3.71581e-08)
(0.236825 1.01575e-08 -3.17428e-08)
(0.236824 -9.52573e-09 3.84918e-08)
(0.236825 1.15409e-08 -3.48058e-08)
(0.236824 -1.17114e-08 3.58188e-08)
(0.236825 1.10425e-08 -3.55342e-08)
(0.236825 -1.19107e-08 3.52913e-08)
(0.236824 1.01864e-08 -3.4625e-08)
(0.236825 -2.54107e-09 2.9752e-08)
(0.236823 8.43164e-10 -3.33245e-08)
(0.236826 -8.54553e-09 2.39945e-08)
(0.236823 7.74122e-09 -3.06677e-08)
(0.236825 -8.66431e-09 2.31036e-08)
(0.236823 8.22824e-09 -2.63057e-08)
(0.236824 -7.74794e-09 2.27109e-08)
(0.167526 -0.00136522 0.00220746)
(0.248198 -0.000133352 0.000205032)
(0.209878 5.4652e-05 -8.49728e-05)
(0.227539 -2.16808e-05 3.38935e-05)
(0.219481 9.94081e-06 -1.55631e-05)
(0.223153 -4.48292e-06 7.0408e-06)
(0.221488 1.99282e-06 -3.13308e-06)
(0.222237 -8.45802e-07 1.37537e-06)
(0.221908 3.62976e-07 -5.7701e-07)
(0.22205 -1.50894e-07 2.51512e-07)
(0.221992 7.49138e-08 -1.04689e-07)
(0.222015 -3.88898e-08 6.07528e-08)
(0.222008 3.23738e-08 -3.89797e-08)
(0.222009 -2.81083e-08 3.88901e-08)
(0.22201 2.98179e-08 -3.44551e-08)
(0.222009 -2.97489e-08 4.04206e-08)
(0.22201 3.09891e-08 -3.76692e-08)
(0.22201 -3.14321e-08 3.84962e-08)
(0.22201 3.09063e-08 -3.84177e-08)
(0.22201 -3.1581e-08 3.80004e-08)
(0.22201 2.99563e-08 -3.71043e-08)
(0.22201 -2.45107e-08 3.21218e-08)
(0.222008 2.2784e-08 -3.46452e-08)
(0.222011 -2.37866e-08 2.64268e-08)
(0.222009 2.35621e-08 -3.15343e-08)
(0.22201 -2.18967e-08 2.47814e-08)
(0.222009 2.18123e-08 -2.69967e-08)
(0.222009 -1.9142e-08 2.35989e-08)
(0.132241 -0.00202155 0.00202153)
(0.194868 -0.000179092 0.000179106)
(0.164151 7.44809e-05 -7.4525e-05)
(0.17857 -3.03638e-05 3.03949e-05)
(0.171999 1.38793e-05 -1.3922e-05)
(0.174994 -6.24608e-06 6.29787e-06)
(0.173635 2.76591e-06 -2.8068e-06)
(0.174247 -1.183e-06 1.23082e-06)
(0.173977 5.01166e-07 -5.20686e-07)
(0.174094 -2.10296e-07 2.25561e-07)
(0.174046 9.76433e-08 -9.56659e-08)
(0.174065 -5.20427e-08 5.37459e-08)
(0.174059 4.15916e-08 -3.47802e-08)
(0.17406 -3.95037e-08 3.34916e-08)
(0.174061 4.08639e-08 -3.01263e-08)
(0.17406 -4.06597e-08 3.45236e-08)
(0.174061 4.17725e-08 -3.2688e-08)
(0.174061 -4.21922e-08 3.32808e-08)
(0.174061 4.14707e-08 -3.32062e-08)
(0.174061 -4.23349e-08 3.2862e-08)
(0.17406 3.9972e-08 -3.1894e-08)
(0.174061 -4.10254e-08 2.78088e-08)
(0.17406 4.00031e-08 -2.92108e-08)
(0.174061 -3.0426e-08 2.32779e-08)
(0.17406 3.25698e-08 -2.67883e-08)
(0.174061 -2.92467e-08 2.19665e-08)
(0.17406 3.01321e-08 -2.33867e-08)
(0.174061 -2.634e-08 2.08853e-08)
(0.062465 -0.00104975 0.00122239)
(0.091121 -0.000107942 9.62969e-05)
(0.0762107 4.96388e-05 -4.15211e-05)
(0.0833821 -2.19948e-05 1.76053e-05)
(0.0801152 9.93999e-06 -8.03371e-06)
(0.0816049 -4.43043e-06 3.63154e-06)
(0.0809288 1.95262e-06 -1.61918e-06)
(0.0812331 -8.42717e-07 7.12201e-07)
(0.0810992 3.70223e-07 -3.03279e-07)
(0.0811568 -1.61906e-07 1.3295e-07)
(0.0811334 8.70337e-08 -5.82538e-08)
(0.0811425 -5.27478e-08 3.3309e-08)
(0.0811396 4.60194e-08 -2.21176e-08)
(0.0811403 -4.22805e-08 2.07789e-08)
(0.0811405 4.63182e-08 -1.89665e-08)
(0.0811403 -4.38277e-08 2.13454e-08)
(0.0811406 4.71863e-08 -2.04774e-08)
(0.0811404 -4.78386e-08 2.09049e-08)
(0.0811405 4.84342e-08 -2.09573e-08)
(0.0811405 -4.78726e-08 2.0684e-08)
(0.0811403 4.74499e-08 -2.0387e-08)
(0.0811406 -4.66802e-08 1.70449e-08)
(0.0811399 3.91586e-08 -1.73117e-08)
(0.0811408 -3.96911e-08 1.51529e-08)
(0.0811401 2.94413e-08 -1.60635e-08)
(0.0811407 -2.81505e-08 1.3161e-08)
(0.0811402 2.2356e-08 -1.33854e-08)
(0.0811405 -2.19032e-08 1.16336e-08)
(0.07619 0.00102302 0.000776033)
(0.111733 0.000116605 6.89517e-05)
(0.0938103 -5.40973e-05 -2.97703e-05)
(0.102325 2.38641e-05 1.24687e-05)
(0.0984441 -1.08012e-05 -5.72707e-06)
(0.100213 4.83052e-06 2.60983e-06)
(0.0994109 -2.13715e-06 -1.17408e-06)
(0.0997715 9.3336e-07 5.33126e-07)
(0.0996134 -4.07874e-07 -2.25437e-07)
(0.0996813 1.83652e-07 1.01889e-07)
(0.0996538 -9.39092e-08 -3.76283e-08)
(0.0996645 6.01111e-08 2.05259e-08)
(0.0996612 -4.81817e-08 -8.30404e-09)
(0.0996619 4.55307e-08 7.91241e-09)
(0.0996622 -4.69917e-08 -4.24189e-09)
(0.0996619 4.72711e-08 7.18169e-09)
(0.0996624 -4.9197e-08 -4.98935e-09)
(0.0996621 5.01497e-08 5.23277e-09)
(0.0996622 -5.10523e-08 -5.31381e-09)
(0.0996623 5.00363e-08 4.98272e-09)
(0.099662 -4.95396e-08 -5.39671e-09)
(0.0996624 4.75465e-08 3.33836e-09)
(0.0996614 -4.18651e-08 -5.65645e-09)
(0.0996626 4.01691e-08 2.78643e-09)
(0.0996616 -3.1123e-08 -6.12241e-09)
(0.0996624 2.82844e-08 3.41283e-09)
(0.0996618 -2.24883e-08 -5.16771e-09)
(0.0996621 2.10403e-08 3.77206e-09)
(0.167526 0.00220746 0.00136518)
(0.248198 0.000205023 0.000133367)
(0.209878 -8.49682e-05 -5.47231e-05)
(0.227539 3.39064e-05 2.17467e-05)
(0.219481 -1.55759e-05 -1.0027e-05)
(0.223153 7.03579e-06 4.5679e-06)
(0.221488 -3.12527e-06 -2.05808e-06)
(0.222237 1.38429e-06 9.35363e-07)
(0.221908 -5.80867e-07 -4.00468e-07)
(0.22205 2.56171e-07 1.82415e-07)
(0.221992 -1.03122e-07 -7.18173e-08)
(0.222015 5.91653e-08 4.09316e-08)
(0.222008 -3.54238e-08 -1.93079e-08)
(0.222009 3.68193e-08 1.75678e-08)
(0.22201 -3.20805e-08 -1.19451e-08)
(0.222009 3.60266e-08 1.66998e-08)
(0.22201 -3.34153e-08 -1.34681e-08)
(0.22201 3.38911e-08 1.4076e-08)
(0.22201 -3.41262e-08 -1.44886e-08)
(0.22201 3.34586e-08 1.36537e-08)
(0.22201 -3.35478e-08 -1.45408e-08)
(0.22201 3.60348e-08 9.59174e-09)
(0.222008 -3.82194e-08 -1.18861e-08)
(0.222011 2.36581e-08 1.01616e-08)
(0.222009 -2.86295e-08 -1.23267e-08)
(0.22201 2.22482e-08 8.13589e-09)
(0.222009 -2.47713e-08 -9.0292e-09)
(0.222009 2.16031e-08 6.9058e-09)
(0.21553 0.00153081 0.00153083)
(0.32106 0.00015656 0.000156564)
(0.272545 -6.34837e-05 -6.3495e-05)
(0.294406 2.45077e-05 2.44958e-05)
(0.284412 -1.1357e-05 -1.13477e-05)
(0.288965 5.16144e-06 5.18035e-06)
(0.286903 -2.31313e-06 -2.33307e-06)
(0.287828 1.06463e-06 1.06033e-06)
(0.287423 -4.5288e-07 -4.49091e-07)
(0.287598 2.09301e-07 2.04165e-07)
(0.287527 -7.6567e-08 -7.67291e-08)
(0.287555 4.31205e-08 4.38993e-08)
(0.287547 -1.60516e-08 -1.84561e-08)
(0.287549 1.70474e-08 1.74602e-08)
(0.287549 -9.50302e-09 -9.63434e-09)
(0.287549 1.32208e-08 1.67708e-08)
(0.28755 -9.22068e-09 -1.19248e-08)
(0.287549 9.45635e-09 1.27091e-08)
(0.28755 -1.02279e-08 -1.30122e-08)
(0.28755 9.0514e-09 1.21319e-08)
(0.287549 -1.072e-08 -1.30157e-08)
(0.28755 1.674e-08 6.07388e-09)
(0.287547 -2.0272e-08 -1.06801e-08)
(0.287551 6.20954e-09 7.68256e-09)
(0.287547 -1.0819e-08 -1.33158e-08)
(0.28755 5.94938e-09 7.49827e-09)
(0.287548 -8.39093e-09 -1.03259e-08)
(0.287549 5.73414e-09 7.33558e-09)
(0.230433 -2.7176e-08 0.00156078)
(0.343888 -2.52993e-09 0.000161581)
(0.292304 -3.32129e-08 -6.5541e-05)
(0.315353 4.81424e-08 2.5037e-05)
(0.304806 -6.05032e-08 -1.16192e-05)
(0.30961 4.2428e-08 5.30933e-06)
(0.307435 -2.79422e-08 -2.39079e-06)
(0.308411 6.02539e-08 1.08271e-06)
(0.307985 -2.57406e-08 -4.57111e-07)
(0.308168 2.22088e-08 2.0605e-07)
(0.308094 2.87868e-09 -7.69997e-08)
(0.308123 5.7228e-11 4.36708e-08)
(0.308115 1.04176e-08 -1.79814e-08)
(0.308116 -7.53784e-09 1.70518e-08)
(0.308118 1.20082e-08 -8.79128e-09)
(0.308117 -1.10463e-08 1.66395e-08)
(0.308118 1.34093e-08 -1.15159e-08)
(0.308117 -1.36985e-08 1.2229e-08)
(0.308118 1.27666e-08 -1.25343e-08)
(0.308118 -1.3993e-08 1.15843e-08)
(0.308117 1.16759e-08 -1.23468e-08)
(0.308118 -3.58636e-09 3.81405e-09)
(0.308115 1.70425e-09 -9.17901e-09)
(0.308119 -9.88437e-09 6.86328e-09)
(0.308115 8.93488e-09 -1.37343e-08)
(0.308118 -1.00647e-08 7.67374e-09)
(0.308116 9.43704e-09 -1.11782e-08)
(0.308116 -8.73581e-09 7.9419e-09)
(0.21553 -0.00153086 0.00153084)
(0.32106 -0.000156558 0.000156568)
(0.272545 6.34136e-05 -6.34886e-05)
(0.294407 -2.44209e-05 2.44842e-05)
(0.284412 1.12475e-05 -1.13324e-05)
(0.288965 -5.07641e-06 5.1705e-06)
(0.286903 2.25563e-06 -2.32487e-06)
(0.287828 -9.55257e-07 1.04557e-06)
(0.287423 4.07604e-07 -4.4308e-07)
(0.287598 -1.69787e-07 1.97608e-07)
(0.287527 8.26349e-08 -7.69869e-08)
(0.287555 -4.27963e-08 4.3713e-08)
(0.287547 3.5291e-08 -2.05547e-08)
(0.287549 -3.09305e-08 1.9185e-08)
(0.287549 3.23103e-08 -1.22103e-08)
(0.287549 -3.28933e-08 1.91591e-08)
(0.28755 3.36866e-08 -1.50728e-08)
(0.287549 -3.44033e-08 1.55778e-08)
(0.28755 3.34324e-08 -1.60634e-08)
(0.28755 -3.46046e-08 1.49557e-08)
(0.287549 3.2195e-08 -1.56617e-08)
(0.28755 -2.66792e-08 6.24185e-09)
(0.287547 2.57625e-08 -1.0412e-08)
(0.287551 -2.48878e-08 1.00325e-08)
(0.287547 2.66114e-08 -1.53457e-08)
(0.28755 -2.43118e-08 9.88268e-09)
(0.287548 2.51207e-08 -1.25007e-08)
(0.287549 -2.13561e-08 9.77059e-09)
(0.167526 -0.0022075 0.00136518)
(0.248198 -0.000205018 0.000133371)
(0.209878 8.4914e-05 -5.47141e-05)
(0.227539 -3.38505e-05 2.17308e-05)
(0.219481 1.55057e-05 -1.0006e-05)
(0.223153 -6.97221e-06 4.55358e-06)
(0.221488 3.0818e-06 -2.04578e-06)
(0.222237 -1.3144e-06 9.14579e-07)
(0.221908 5.54556e-07 -3.91521e-07)
(0.22205 -2.32932e-07 1.733e-07)
(0.221992 1.0915e-07 -7.21976e-08)
(0.222015 -5.98262e-08 4.09822e-08)
(0.222008 4.91657e-08 -2.24255e-08)
(0.222009 -4.73607e-08 2.03203e-08)
(0.22201 4.94008e-08 -1.56819e-08)
(0.222009 -4.93042e-08 2.05257e-08)
(0.22201 5.05983e-08 -1.81439e-08)
(0.22201 -5.12953e-08 1.84732e-08)
(0.22201 5.04339e-08 -1.90009e-08)
(0.22201 -5.14541e-08 1.80075e-08)
(0.22201 4.88265e-08 -1.85024e-08)
(0.22201 -4.92554e-08 1.03983e-08)
(0.222008 4.75484e-08 -1.22749e-08)
(0.222011 -3.73778e-08 1.33723e-08)
(0.222009 3.89918e-08 -1.54715e-08)
(0.22201 -3.48086e-08 1.15226e-08)
(0.222009 3.53962e-08 -1.2246e-08)
(0.222009 -3.10287e-08 1.03415e-08)
(0.07619 -0.00102301 0.000776033)
(0.111733 -0.000116595 6.8949e-05)
(0.0938103 5.4072e-05 -2.97595e-05)
(0.102325 -2.38518e-05 1.24537e-05)
(0.0984441 1.07812e-05 -5.70953e-06)
(0.100213 -4.80309e-06 2.59715e-06)
(0.0994109 2.11394e-06 -1.16477e-06)
(0.0997715 -9.10272e-07 5.17684e-07)
(0.0996134 3.98196e-07 -2.19372e-07)
(0.0996813 -1.74611e-07 9.5918e-08)
(0.0996538 9.28665e-08 -3.85986e-08)
(0.0996645 -5.70486e-08 2.11169e-08)
(0.0996612 4.94092e-08 -1.1198e-08)
(0.0996619 -4.59384e-08 1.03429e-08)
(0.0996622 4.95954e-08 -7.53789e-09)
(0.0996619 -4.77529e-08 1.04186e-08)
(0.0996624 5.09958e-08 -8.87403e-09)
(0.0996621 -5.17358e-08 9.06228e-09)
(0.0996622 5.23234e-08 -9.12794e-09)
(0.0996623 -5.17398e-08 8.78891e-09)
(0.099662 5.08177e-08 -8.80086e-09)
(0.0996623 -4.99891e-08 4.90107e-09)
(0.0996615 4.2751e-08 -6.62242e-09)
(0.0996626 -4.16075e-08 5.69522e-09)
(0.0996616 3.2302e-08 -8.5474e-09)
(0.0996624 -3.04989e-08 6.18478e-09)
(0.0996618 2.49427e-08 -7.55603e-09)
(0.0996621 -2.37936e-08 6.15647e-09)
(0.0802551 0.000999408 -8.57601e-09)
(0.117901 0.000116817 7.3805e-09)
(0.0991144 -5.45001e-05 -2.22027e-08)
(0.107997 2.40181e-05 1.8013e-08)
(0.103947 -1.08786e-05 -2.3076e-08)
(0.105793 4.86828e-06 2.68033e-08)
(0.104956 -2.15333e-06 -2.1293e-08)
(0.105332 9.39881e-07 2.40834e-08)
(0.105167 -4.08544e-07 -1.03528e-08)
(0.105238 1.83329e-07 7.71422e-09)
(0.10521 -9.17385e-08 8.29034e-10)
(0.105221 5.82228e-08 2.39865e-10)
(0.105217 -4.59362e-08 3.39739e-09)
(0.105218 4.36407e-08 -3.02782e-09)
(0.105218 -4.43968e-08 4.8244e-09)
(0.105218 4.52993e-08 -3.4561e-09)
(0.105219 -4.66468e-08 4.53061e-09)
(0.105218 4.76872e-08 -4.58362e-09)
(0.105218 -4.83283e-08 4.29006e-09)
(0.105218 4.75156e-08 -4.74513e-09)
(0.105218 -4.67236e-08 4.02189e-09)
(0.105218 4.50119e-08 -5.78029e-09)
(0.105217 -4.03183e-08 4.65888e-09)
(0.105219 3.72774e-08 -3.56709e-09)
(0.105218 -3.02773e-08 2.9331e-09)
(0.105218 2.71561e-08 -3.62903e-09)
(0.105218 -2.25264e-08 3.34602e-09)
(0.105218 2.07913e-08 -3.08416e-09)
(0.178305 0.00223543 -1.41686e-08)
(0.264642 0.00020998 1.08417e-08)
(0.224072 -8.72644e-05 -4.18956e-08)
(0.242642 3.45805e-05 3.19862e-08)
(0.234164 -1.59075e-05 -4.25902e-08)
(0.238026 7.19124e-06 5.09552e-08)
(0.236276 -3.19576e-06 -4.05527e-08)
(0.237062 1.41618e-06 4.54739e-08)
(0.236717 -5.92962e-07 -1.89082e-08)
(0.236866 2.61057e-07 1.45206e-08)
(0.236806 -1.04311e-07 1.93742e-09)
(0.23683 5.96692e-08 9.00171e-10)
(0.236822 -3.51923e-08 6.54069e-09)
(0.236824 3.67131e-08 -5.65016e-09)
(0.236825 -3.15611e-08 9.50431e-09)
(0.236824 3.60428e-08 -6.28569e-09)
(0.236825 -3.30911e-08 8.62643e-09)
(0.236824 3.3563e-08 -8.64897e-09)
(0.236825 -3.37745e-08 8.07089e-09)
(0.236825 3.31175e-08 -9.00468e-09)
(0.236824 -3.33351e-08 7.65964e-09)
(0.236825 3.53056e-08 -1.17318e-08)
(0.236823 -3.79686e-08 9.32794e-09)
(0.236826 2.32862e-08 -6.89996e-09)
(0.236823 -2.89773e-08 5.42043e-09)
(0.236825 2.22166e-08 -6.86515e-09)
(0.236823 -2.50831e-08 6.27565e-09)
(0.236824 2.17871e-08 -5.99645e-09)
(0.230433 0.00156077 -1.97551e-08)
(0.343888 0.000161582 9.00166e-09)
(0.292304 -6.55321e-05 -4.74341e-08)
(0.315353 2.50519e-05 3.34322e-08)
(0.304806 -1.16302e-05 -4.66286e-08)
(0.30961 5.28937e-06 6.00282e-08)
(0.307435 -2.36981e-06 -4.69921e-08)
(0.308411 1.08772e-06 5.19247e-08)
(0.307985 -4.61242e-07 -2.06754e-08)
(0.308168 2.11594e-07 1.55541e-08)
(0.308094 -7.67839e-08 2.6003e-09)
(0.308123 4.28178e-08 1.19482e-09)
(0.308115 -1.54048e-08 7.36967e-09)
(0.308116 1.65938e-08 -6.27368e-09)
(0.308118 -8.61288e-09 1.09139e-08)
(0.308117 1.28229e-08 -6.61086e-09)
(0.308118 -8.60046e-09 9.51668e-09)
(0.308117 8.74875e-09 -9.48992e-09)
(0.308118 -9.53143e-09 8.78936e-09)
(0.308118 8.2907e-09 -9.96523e-09)
(0.308117 -9.90817e-09 8.37504e-09)
(0.308118 1.53697e-08 -1.44722e-08)
(0.308115 -1.94777e-08 1.14236e-08)
(0.308119 5.19866e-09 -7.65154e-09)
(0.308115 -1.10353e-08 5.77384e-09)
(0.308118 6.01499e-09 -7.79352e-09)
(0.308116 -9.10206e-09 6.94395e-09)
(0.308116 6.21218e-09 -6.53635e-09)
(0.246701 -2.16903e-08 -1.86039e-08)
(0.368843 -3.18858e-09 1.8024e-08)
(0.313928 -3.12596e-08 -5.16938e-08)
(0.338244 4.39649e-08 3.18826e-08)
(0.327105 -5.49383e-08 -4.24478e-08)
(0.332179 3.92097e-08 5.89499e-08)
(0.329883 -2.4691e-08 -4.51221e-08)
(0.330912 5.54025e-08 4.68627e-08)
(0.330463 -2.33068e-08 -1.78461e-08)
(0.330656 1.94282e-08 1.24474e-08)
(0.330579 3.43635e-09 3.25636e-09)
(0.330609 -2.52039e-10 8.78794e-10)
(0.3306 1.0175e-08 7.05759e-09)
(0.330602 -7.13993e-09 -5.91827e-09)
(0.330603 1.15019e-08 1.05145e-08)
(0.330603 -1.05613e-08 -5.92721e-09)
(0.330604 1.26168e-08 8.66291e-09)
(0.330603 -1.31525e-08 -8.81561e-09)
(0.330604 1.19627e-08 7.92518e-09)
(0.330604 -1.34941e-08 -9.35256e-09)
(0.330603 1.10448e-08 7.67954e-09)
(0.330604 -3.83536e-09 -1.55469e-08)
(0.330601 2.00284e-09 1.23689e-08)
(0.330605 -9.41022e-09 -7.12758e-09)
(0.330601 8.35998e-09 5.02595e-09)
(0.330603 -9.39109e-09 -7.09961e-09)
(0.330601 8.69958e-09 6.079e-09)
(0.330602 -7.853e-09 -5.53705e-09)
(0.230433 -0.00156081 -1.22159e-08)
(0.343888 -0.000161583 2.30763e-08)
(0.292304 6.547e-05 -4.46133e-08)
(0.315353 -2.49756e-05 2.17992e-08)
(0.304806 1.15317e-05 -2.96502e-08)
(0.30961 -5.21221e-06 4.72232e-08)
(0.307435 2.31887e-06 -3.6287e-08)
(0.308411 -9.86789e-07 3.44575e-08)
(0.307985 4.19231e-07 -1.37511e-08)
(0.308168 -1.7577e-07 8.28609e-09)
(0.308094 8.1803e-08 1.46236e-09)
(0.308123 -4.11085e-08 2.3339e-09)
(0.308115 3.23108e-08 3.87028e-09)
(0.308116 -2.79784e-08 -2.847e-09)
(0.308118 2.85897e-08 6.62869e-09)
(0.308117 -2.94836e-08 -2.32485e-09)
(0.308118 2.95374e-08 4.32148e-09)
(0.308117 -3.0411e-08 -4.61834e-09)
(0.308118 2.91534e-08 3.65951e-09)
(0.308118 -3.05944e-08 -5.11339e-09)
(0.308117 2.80591e-08 3.75576e-09)
(0.308118 -2.32078e-08 -1.21425e-08)
(0.308115 2.33081e-08 9.65999e-09)
(0.308119 -2.12321e-08 -3.91923e-09)
(0.308115 2.48038e-08 2.5843e-09)
(0.308118 -2.23079e-08 -4.39001e-09)
(0.308116 2.43178e-08 4.0761e-09)
(0.308116 -2.01085e-08 -3.48393e-09)
(0.178305 -0.00223546 -7.79974e-09)
(0.264642 -0.000209976 1.25426e-08)
(0.224072 8.72146e-05 -2.57319e-08)
(0.242642 -3.45299e-05 8.59146e-09)
(0.234163 1.58422e-05 -1.1399e-08)
(0.238026 -7.13178e-06 2.6015e-08)
(0.236276 3.15587e-06 -1.86486e-08)
(0.237062 -1.34979e-06 1.61881e-08)
(0.236717 5.68018e-07 -5.81095e-09)
(0.236866 -2.39032e-07 1.44399e-09)
(0.236806 1.0925e-07 2.17274e-09)
(0.23683 -5.89536e-08 5.76325e-10)
(0.236822 4.72104e-08 2.61064e-09)
(0.236824 -4.54189e-08 -1.98035e-09)
(0.236825 4.69065e-08 4.54746e-09)
(0.236824 -4.71101e-08 -1.24604e-09)
(0.236825 4.78518e-08 2.58521e-09)
(0.236824 -4.8615e-08 -2.84518e-09)
(0.236825 4.75989e-08 2.16413e-09)
(0.236825 -4.87622e-08 -3.28587e-09)
(0.236824 4.61863e-08 2.33366e-09)
(0.236825 -4.64329e-08 -9.22217e-09)
(0.236823 4.54355e-08 7.57853e-09)
(0.236826 -3.50798e-08 -2.64912e-09)
(0.236823 3.79333e-08 1.13494e-09)
(0.236825 -3.35248e-08 -2.34338e-09)
(0.236823 3.48595e-08 1.74678e-09)
(0.236824 -3.03311e-08 -1.31049e-09)
(0.0802551 -0.000999412 1.04583e-10)
(0.117901 -0.000116808 3.09069e-09)
(0.0991143 5.4478e-05 -7.58875e-09)
(0.107997 -2.4007e-05 3.53746e-10)
(0.103947 1.08603e-05 -2.04811e-09)
(0.105793 -4.84363e-06 8.73964e-09)
(0.104956 2.13309e-06 -6.91513e-09)
(0.105332 -9.18874e-07 5.80153e-09)
(0.105167 4.00103e-07 -2.85104e-09)
(0.105238 -1.75306e-07 6.93363e-10)
(0.10521 9.07864e-08 -1.89959e-10)
(0.105221 -5.53504e-08 1.30405e-09)
(0.105217 4.69779e-08 -1.15098e-10)
(0.105218 -4.39455e-08 3.42403e-10)
(0.105218 4.69133e-08 5.71812e-10)
(0.105218 -4.54257e-08 7.7013e-10)
(0.105219 4.83531e-08 -4.08565e-10)
(0.105218 -4.89348e-08 2.78605e-10)
(0.105218 4.95576e-08 -6.03294e-10)
(0.105218 -4.88987e-08 9.74743e-11)
(0.105218 4.78716e-08 -5.46429e-10)
(0.105218 -4.71349e-08 -2.60806e-09)
(0.105217 4.09436e-08 2.28645e-09)
(0.105219 -3.87268e-08 1.30756e-10)
(0.105218 3.11768e-08 -1.98054e-10)
(0.105218 -2.92306e-08 -3.37709e-10)
(0.105218 2.46295e-08 4.57492e-10)
(0.105218 -2.33279e-08 -1.57914e-10)
(0.07619 0.001023 -0.000776041)
(0.111733 0.000116606 -6.89364e-05)
(0.0938103 -5.40972e-05 2.97267e-05)
(0.102325 2.38647e-05 -1.24335e-05)
(0.0984441 -1.08013e-05 5.68343e-06)
(0.100213 4.83074e-06 -2.55969e-06)
(0.0994109 -2.1363e-06 1.1352e-06)
(0.0997715 9.32721e-07 -4.88865e-07)
(0.0996134 -4.07029e-07 2.07453e-07)
(0.0996813 1.82727e-07 -8.79817e-08)
(0.0996538 -9.35649e-08 4.01496e-08)
(0.0996645 5.9617e-08 -2.06511e-08)
(0.0996612 -4.80073e-08 1.53986e-08)
(0.0996619 4.5254e-08 -1.40863e-08)
(0.0996622 -4.68103e-08 1.41111e-08)
(0.0996619 4.70593e-08 -1.417e-08)
(0.0996624 -4.89426e-08 1.42278e-08)
(0.0996621 4.99252e-08 -1.45384e-08)
(0.0996622 -5.07323e-08 1.41255e-08)
(0.0996623 4.97651e-08 -1.45957e-08)
(0.099662 -4.93301e-08 1.37278e-08)
(0.0996623 4.70801e-08 -1.47667e-08)
(0.0996614 -4.1362e-08 1.45711e-08)
(0.0996626 4.00229e-08 -1.04151e-08)
(0.0996616 -3.10926e-08 1.1749e-08)
(0.0996624 2.80738e-08 -1.051e-08)
(0.0996618 -2.24715e-08 1.12725e-08)
(0.0996621 2.13911e-08 -9.59548e-09)
(0.167526 0.00220747 -0.00136521)
(0.248198 0.000205022 -0.000133348)
(0.209878 -8.49625e-05 5.46469e-05)
(0.227539 3.38997e-05 -2.16892e-05)
(0.219481 -1.55684e-05 9.94895e-06)
(0.223153 7.03013e-06 -4.47461e-06)
(0.221488 -3.12186e-06 1.98381e-06)
(0.222237 1.37834e-06 -8.51259e-07)
(0.221908 -5.79376e-07 3.65767e-07)
(0.22205 2.53979e-07 -1.55137e-07)
(0.221992 -1.04306e-07 7.49131e-08)
(0.222015 5.98731e-08 -3.8567e-08)
(0.222008 -3.72461e-08 3.08598e-08)
(0.222009 3.82831e-08 -2.75032e-08)
(0.22201 -3.40791e-08 2.91306e-08)
(0.222009 3.78988e-08 -2.75677e-08)
(0.22201 -3.57179e-08 2.88666e-08)
(0.22201 3.61614e-08 -2.93169e-08)
(0.22201 -3.64192e-08 2.87571e-08)
(0.22201 3.57386e-08 -2.95677e-08)
(0.22201 -3.56419e-08 2.80654e-08)
(0.22201 3.73864e-08 -3.04817e-08)
(0.222008 -3.89924e-08 2.83956e-08)
(0.222011 2.55337e-08 -2.23986e-08)
(0.222009 -2.9844e-08 2.19767e-08)
(0.22201 2.37667e-08 -2.05263e-08)
(0.222009 -2.58109e-08 2.04293e-08)
(0.222009 2.26698e-08 -1.7877e-08)
(0.21553 0.00153082 -0.00153087)
(0.32106 0.000156558 -0.000156537)
(0.272545 -6.34741e-05 6.33978e-05)
(0.294407 2.44956e-05 -2.44275e-05)
(0.284412 -1.13419e-05 1.12567e-05)
(0.288965 5.15057e-06 -5.0664e-06)
(0.286903 -2.30456e-06 2.24524e-06)
(0.287828 1.05094e-06 -9.6295e-07)
(0.287423 -4.47284e-07 4.11784e-07)
(0.287598 2.03193e-07 -1.75041e-07)
(0.287527 -7.69076e-08 8.25756e-08)
(0.287555 4.29649e-08 -4.20692e-08)
(0.287547 -1.81533e-08 3.30852e-08)
(0.287549 1.87754e-08 -2.98288e-08)
(0.287549 -1.2109e-08 3.12015e-08)
(0.287549 1.55183e-08 -2.96749e-08)
(0.28755 -1.22718e-08 3.0683e-08)
(0.287549 1.22956e-08 -3.12954e-08)
(0.28755 -1.31903e-08 3.03863e-08)
(0.28755 1.18618e-08 -3.16266e-08)
(0.287549 -1.33863e-08 2.95868e-08)
(0.28755 1.76407e-08 -3.3765e-08)
(0.287547 -2.05378e-08 3.21976e-08)
(0.287551 8.54858e-09 -2.30601e-08)
(0.287547 -1.27628e-08 2.42838e-08)
(0.28755 8.24329e-09 -2.24864e-08)
(0.287548 -1.04512e-08 2.31811e-08)
(0.287549 8.04939e-09 -1.96179e-08)
(0.230433 -1.02568e-08 -0.00156081)
(0.343888 -5.90729e-09 -0.000161549)
(0.292304 -1.8978e-08 6.54461e-05)
(0.315353 2.91834e-08 -2.49788e-05)
(0.304806 -3.94384e-08 1.15398e-05)
(0.30961 2.70717e-08 -5.20049e-06)
(0.307435 -1.64105e-08 2.3075e-06)
(0.308411 4.25505e-08 -9.9513e-07)
(0.307985 -1.92842e-08 4.24202e-07)
(0.308168 1.53347e-08 -1.81705e-07)
(0.308094 1.00296e-09 8.21896e-08)
(0.308123 1.85745e-09 -4.07301e-08)
(0.308115 6.24489e-09 3.0279e-08)
(0.308116 -3.46542e-09 -2.71574e-08)
(0.308118 6.93142e-09 2.7874e-08)
(0.308117 -6.11457e-09 -2.63361e-08)
(0.308118 7.41298e-09 2.68018e-08)
(0.308117 -8.0591e-09 -2.7444e-08)
(0.308118 6.80046e-09 2.63878e-08)
(0.308118 -8.35074e-09 -2.77837e-08)
(0.308117 6.19828e-09 2.57854e-08)
(0.308118 -3.31993e-10 -3.13168e-08)
(0.308115 -7.48162e-10 3.05604e-08)
(0.308119 -5.34805e-09 -1.97934e-08)
(0.308115 5.44005e-09 2.24225e-08)
(0.308118 -6.32359e-09 -2.05491e-08)
(0.308116 6.55203e-09 2.21663e-08)
(0.308116 -5.57209e-09 -1.83015e-08)
(0.21553 -0.00153085 -0.00153086)
(0.32106 -0.000156564 -0.000156536)
(0.272545 6.34301e-05 6.341e-05)
(0.294407 -2.44405e-05 -2.44451e-05)
(0.284412 1.12707e-05 1.12792e-05)
(0.288965 -5.09573e-06 -5.08481e-06)
(0.286903 2.2721e-06 2.2611e-06)
(0.287828 -9.75696e-07 -9.8337e-07)
(0.287423 4.16182e-07 4.20821e-07)
(0.287598 -1.78274e-07 -1.83904e-07)
(0.287527 8.20876e-08 8.23458e-08)
(0.287555 -4.21193e-08 -4.16253e-08)
(0.287547 3.19608e-08 2.98708e-08)
(0.287549 -2.75832e-08 -2.66581e-08)
(0.287549 2.81925e-08 2.73038e-08)
(0.287549 -2.85455e-08 -2.54102e-08)
(0.28755 2.87067e-08 2.58725e-08)
(0.287549 -2.95605e-08 -2.65545e-08)
(0.28755 2.85131e-08 2.56345e-08)
(0.28755 -2.97981e-08 -2.69407e-08)
(0.287549 2.76659e-08 2.51842e-08)
(0.28755 -2.35294e-08 -3.11818e-08)
(0.287547 2.31034e-08 3.01138e-08)
(0.287551 -2.133e-08 -1.97073e-08)
(0.287547 2.32246e-08 2.09003e-08)
(0.28755 -2.09062e-08 -1.91335e-08)
(0.287548 2.19092e-08 1.98793e-08)
(0.287549 -1.81139e-08 -1.63193e-08)
(0.167526 -0.00220749 -0.0013652)
(0.248198 -0.000205021 -0.000133349)
(0.209878 8.49237e-05 5.46629e-05)
(0.227539 -3.38613e-05 -2.17108e-05)
(0.219481 1.55172e-05 9.97679e-06)
(0.223153 -6.98293e-06 -4.49799e-06)
(0.221488 3.09085e-06 2.00449e-06)
(0.222237 -1.32456e-06 -8.76998e-07)
(0.221908 5.58966e-07 3.77652e-07)
(0.22205 -2.36385e-07 -1.66698e-07)
(0.221992 1.0801e-07 7.48096e-08)
(0.222015 -5.85116e-08 -3.83136e-08)
(0.222008 4.65854e-08 2.68541e-08)
(0.222009 -4.4667e-08 -2.37422e-08)
(0.22201 4.6199e-08 2.42203e-08)
(0.222009 -4.60398e-08 -2.23771e-08)
(0.22201 4.69615e-08 2.29421e-08)
(0.22201 -4.76839e-08 -2.34467e-08)
(0.22201 4.67916e-08 2.28895e-08)
(0.22201 -4.78071e-08 -2.38014e-08)
(0.22201 4.52658e-08 2.25196e-08)
(0.22201 -4.5775e-08 -2.7339e-08)
(0.222008 4.43641e-08 2.61635e-08)
(0.222011 -3.44861e-08 -1.79357e-08)
(0.222009 3.66506e-08 1.78158e-08)
(0.22201 -3.26865e-08 -1.63054e-08)
(0.222009 3.36188e-08 1.62826e-08)
(0.222009 -2.91466e-08 -1.35556e-08)
(0.07619 -0.00102303 -0.000776044)
(0.111734 -0.000116595 -6.89417e-05)
(0.0938103 5.40686e-05 2.97383e-05)
(0.102325 -2.38459e-05 -1.24466e-05)
(0.0984441 1.0778e-05 5.69896e-06)
(0.100213 -4.80177e-06 -2.57369e-06)
(0.0994109 2.11538e-06 1.147e-06)
(0.0997715 -9.10751e-07 -5.02092e-07)
(0.0996134 4.00491e-07 2.13562e-07)
(0.0996813 -1.76444e-07 -9.33025e-08)
(0.0996538 9.59587e-08 3.98045e-08)
(0.0996645 -6.03422e-08 -1.99033e-08)
(0.0996612 5.23727e-08 1.30329e-08)
(0.0996619 -4.91467e-08 -1.16594e-08)
(0.0996622 5.32199e-08 1.12672e-08)
(0.0996619 -5.0959e-08 -1.10204e-08)
(0.0996624 5.49619e-08 1.07747e-08)
(0.0996621 -5.53563e-08 -1.1057e-08)
(0.0996622 5.64145e-08 1.06784e-08)
(0.0996623 -5.54432e-08 -1.11375e-08)
(0.099662 5.48179e-08 1.04275e-08)
(0.0996623 -5.35508e-08 -1.24126e-08)
(0.0996615 4.57031e-08 1.26772e-08)
(0.0996626 -4.50954e-08 -7.96213e-09)
(0.0996616 3.3889e-08 9.35857e-09)
(0.0996624 -3.19646e-08 -8.24325e-09)
(0.0996618 2.50844e-08 9.08206e-09)
(0.0996621 -2.46406e-08 -7.44852e-09)
(0.062465 0.00104975 -0.00122239)
(0.091121 0.000107954 -9.62857e-05)
(0.0762107 -4.96663e-05 4.149e-05)
(0.0833821 2.20094e-05 -1.75852e-05)
(0.0801152 -9.96004e-06 8.00775e-06)
(0.0816049 4.45862e-06 -3.59661e-06)
(0.0809288 -1.9742e-06 1.59286e-06)
(0.0812331 8.63479e-07 -6.85697e-07)
(0.0810992 -3.77206e-07 2.93881e-07)
(0.0811568 1.68812e-07 -1.25304e-07)
(0.0811334 -8.61539e-08 6.00951e-08)
(0.0811425 5.40763e-08 -3.29332e-08)
(0.0811396 -4.33302e-08 2.63253e-08)
(0.0811403 4.05078e-08 -2.4385e-08)
(0.0811405 -4.20327e-08 2.54996e-08)
(0.0811403 4.20134e-08 -2.48667e-08)
(0.0811406 -4.38463e-08 2.58536e-08)
(0.0811404 4.45911e-08 -2.62042e-08)
(0.0811405 -4.54052e-08 2.59962e-08)
(0.0811405 4.44591e-08 -2.62734e-08)
(0.0811403 -4.43483e-08 2.52492e-08)
(0.0811406 4.19622e-08 -2.58821e-08)
(0.0811399 -3.66924e-08 2.39632e-08)
(0.0811408 3.62169e-08 -1.99765e-08)
(0.08114 -2.78433e-08 1.89179e-08)
(0.0811407 2.51327e-08 -1.7287e-08)
(0.0811402 -1.99491e-08 1.65482e-08)
(0.0811405 1.9455e-08 -1.49599e-08)
(0.132241 0.00202153 -0.00202155)
(0.194868 0.000179094 -0.000179089)
(0.164151 -7.45158e-05 7.44764e-05)
(0.17857 3.04006e-05 -3.03644e-05)
(0.171999 -1.39281e-05 1.38792e-05)
(0.174994 6.291e-06 -6.2409e-06)
(0.173635 -2.7991e-06 2.76076e-06)
(0.174247 1.23452e-06 -1.18337e-06)
(0.173977 -5.23159e-07 5.00964e-07)
(0.174094 2.27941e-07 -2.10818e-07)
(0.174046 -9.53747e-08 9.73648e-08)
(0.174065 5.29334e-08 -5.17769e-08)
(0.174059 -3.31843e-08 4.12459e-08)
(0.17406 3.27654e-08 -3.92151e-08)
(0.174061 -2.95542e-08 4.06288e-08)
(0.17406 3.22277e-08 -4.01517e-08)
(0.174061 -3.07687e-08 4.1232e-08)
(0.174061 3.10986e-08 -4.17268e-08)
(0.174061 -3.12347e-08 4.09584e-08)
(0.174061 3.075e-08 -4.18531e-08)
(0.17406 -3.04244e-08 3.96866e-08)
(0.174061 3.19738e-08 -4.18018e-08)
(0.17406 -3.27306e-08 4.0343e-08)
(0.174061 2.23873e-08 -3.02937e-08)
(0.17406 -2.52668e-08 3.22015e-08)
(0.174061 2.09073e-08 -2.90484e-08)
(0.17406 -2.22357e-08 3.00192e-08)
(0.174061 1.99608e-08 -2.60823e-08)
(0.167526 0.00136519 -0.00220749)
(0.248198 0.000133351 -0.00020501)
(0.209878 -5.46953e-05 8.49078e-05)
(0.227539 2.17352e-05 -3.38522e-05)
(0.219481 -1.0012e-05 1.55078e-05)
(0.223153 4.5382e-06 -6.96796e-06)
(0.221488 -2.03084e-06 3.07722e-06)
(0.222237 9.19601e-07 -1.3163e-06)
(0.221908 -3.9552e-07 5.5524e-07)
(0.22205 1.78267e-07 -2.34153e-07)
(0.221992 -7.26945e-08 1.08798e-07)
(0.222015 4.08054e-08 -5.94007e-08)
(0.222008 -2.08724e-08 4.83454e-08)
(0.222009 2.02422e-08 -4.68062e-08)
(0.22201 -1.58562e-08 4.88163e-08)
(0.222009 1.79822e-08 -4.82055e-08)
(0.22201 -1.61935e-08 4.95307e-08)
(0.22201 1.62154e-08 -5.01957e-08)
(0.22201 -1.70028e-08 4.93561e-08)
(0.22201 1.5918e-08 -5.03684e-08)
(0.22201 -1.69741e-08 4.79116e-08)
(0.22201 1.97596e-08 -5.07788e-08)
(0.222008 -2.07363e-08 4.87804e-08)
(0.222011 1.25314e-08 -3.66721e-08)
(0.222009 -1.35909e-08 3.82265e-08)
(0.22201 1.02215e-08 -3.42904e-08)
(0.222009 -1.04915e-08 3.49297e-08)
(0.222009 8.95851e-09 -3.04461e-08)
(0.178305 -5.65972e-09 -0.00223546)
(0.264642 -5.55342e-09 -0.000209965)
(0.224072 -9.30381e-09 8.72063e-05)
(0.242642 1.56023e-08 -3.45317e-05)
(0.234163 -1.98335e-08 1.58452e-05)
(0.238026 1.1866e-08 -7.12645e-06)
(0.236276 -4.21752e-09 3.15031e-06)
(0.237062 2.22889e-08 -1.35238e-06)
(0.236717 -9.99393e-09 5.69318e-07)
(0.236866 6.83774e-09 -2.40974e-07)
(0.236806 1.92533e-09 1.09094e-07)
(0.23683 9.47987e-11 -5.86591e-08)
(0.236822 4.59808e-09 4.63155e-08)
(0.236824 -2.57227e-09 -4.49555e-08)
(0.236825 4.99528e-09 4.64458e-08)
(0.236824 -4.27259e-09 -4.58459e-08)
(0.236825 5.20478e-09 4.67127e-08)
(0.236824 -5.6669e-09 -4.73743e-08)
(0.236825 4.83497e-09 4.64432e-08)
(0.236825 -5.94673e-09 -4.75626e-08)
(0.236824 4.56269e-09 4.51981e-08)
(0.236825 -3.13772e-10 -4.91125e-08)
(0.236823 -5.79948e-10 4.78018e-08)
(0.236826 -4.01535e-09 -3.43966e-08)
(0.236823 3.33473e-09 3.7012e-08)
(0.236825 -3.98096e-09 -3.28898e-08)
(0.236823 3.6655e-09 3.41522e-08)
(0.236824 -2.9484e-09 -2.96258e-08)
(0.167526 -0.00136521 -0.00220748)
(0.248198 -0.000133357 -0.000205012)
(0.209878 5.46709e-05 8.4916e-05)
(0.227539 -2.17045e-05 -3.38634e-05)
(0.219481 9.96943e-06 1.55206e-05)
(0.223153 -4.50617e-06 -6.97768e-06)
(0.221488 2.01326e-06 3.08535e-06)
(0.222237 -8.72069e-07 -1.32732e-06)
(0.221908 3.74509e-07 5.60594e-07)
(0.22205 -1.62447e-07 -2.38706e-07)
(0.221992 7.44682e-08 1.08092e-07)
(0.222015 -3.83964e-08 -5.83737e-08)
(0.222008 2.81702e-08 4.57747e-08)
(0.222009 -2.40909e-08 -4.43369e-08)
(0.22201 2.45556e-08 4.58684e-08)
(0.222009 -2.43647e-08 -4.48484e-08)
(0.22201 2.47121e-08 4.58693e-08)
(0.22201 -2.53437e-08 -4.65268e-08)
(0.22201 2.4681e-08 4.56825e-08)
(0.22201 -2.55847e-08 -4.6709e-08)
(0.22201 2.40791e-08 4.42736e-08)
(0.22201 -2.12401e-08 -4.90474e-08)
(0.222008 2.03988e-08 4.74254e-08)
(0.222011 -1.88635e-08 -3.38595e-08)
(0.222009 1.931e-08 3.57529e-08)
(0.22201 -1.7497e-08 -3.20145e-08)
(0.222009 1.77022e-08 3.2842e-08)
(0.222009 -1.47405e-08 -2.84042e-08)
(0.132241 -0.00202154 -0.00202154)
(0.194868 -0.000179095 -0.000179093)
(0.164151 7.44922e-05 7.44876e-05)
(0.17857 -3.03773e-05 -3.03779e-05)
(0.171999 1.38919e-05 1.38929e-05)
(0.174994 -6.25735e-06 -6.25174e-06)
(0.173635 2.77379e-06 2.76838e-06)
(0.174247 -1.19327e-06 -1.19432e-06)
(0.173977 5.0481e-07 5.05767e-07)
(0.174094 -2.12415e-07 -2.1427e-07)
(0.174046 9.49408e-08 9.53329e-08)
(0.174065 -4.90508e-08 -4.93748e-08)
(0.174059 3.7602e-08 3.74226e-08)
(0.17406 -3.52744e-08 -3.55247e-08)
(0.174061 3.60552e-08 3.63261e-08)
(0.17406 -3.57858e-08 -3.54049e-08)
(0.174061 3.63235e-08 3.60314e-08)
(0.174061 -3.68158e-08 -3.65025e-08)
(0.174061 3.60212e-08 3.57414e-08)
(0.174061 -3.68263e-08 -3.65616e-08)
(0.174061 3.48368e-08 3.45772e-08)
(0.174061 -3.56786e-08 -3.87467e-08)
(0.17406 3.49156e-08 3.7861e-08)
(0.174061 -2.64096e-08 -2.63655e-08)
(0.17406 2.9458e-08 2.90893e-08)
(0.174061 -2.64652e-08 -2.61874e-08)
(0.17406 2.8257e-08 2.78176e-08)
(0.174061 -2.42879e-08 -2.38742e-08)
(0.0624649 -0.00104976 -0.00122239)
(0.091121 -0.000107943 -9.62918e-05)
(0.0762107 4.96388e-05 4.14988e-05)
(0.0833821 -2.19894e-05 -1.75929e-05)
(0.0801152 9.93673e-06 8.01696e-06)
(0.0816049 -4.43095e-06 -3.60522e-06)
(0.0809288 1.95516e-06 1.59949e-06)
(0.0812331 -8.43236e-07 -6.93651e-07)
(0.0810992 3.71781e-07 2.9765e-07)
(0.0811568 -1.63645e-07 -1.28544e-07)
(0.0811334 8.91605e-08 6.0295e-08)
(0.0811425 -5.57772e-08 -3.32981e-08)
(0.0811396 4.81678e-08 2.54166e-08)
(0.0811403 -4.50464e-08 -2.37036e-08)
(0.0811405 4.86833e-08 2.43198e-08)
(0.0811403 -4.67452e-08 -2.38453e-08)
(0.0811406 5.03685e-08 2.45941e-08)
(0.0811404 -5.0737e-08 -2.48826e-08)
(0.0811405 5.16787e-08 2.47832e-08)
(0.0811405 -5.08715e-08 -2.49401e-08)
(0.0811403 5.03138e-08 2.41008e-08)
(0.0811405 -4.90951e-08 -2.51233e-08)
(0.0811399 4.19798e-08 2.35995e-08)
(0.0811408 -4.14226e-08 -1.9037e-08)
(0.0811401 3.10195e-08 1.79907e-08)
(0.0811407 -2.9092e-08 -1.62215e-08)
(0.0811402 2.25823e-08 1.54501e-08)
(0.0811405 -2.24411e-08 -1.38076e-08)
(0.0328015 0.000692553 -0.000692562)
(0.0473781 5.97204e-05 -5.97182e-05)
(0.0393382 -2.79575e-05 2.79463e-05)
(0.0432645 1.26072e-05 -1.25988e-05)
(0.0414757 -5.73366e-06 5.72235e-06)
(0.0422919 2.59104e-06 -2.57788e-06)
(0.0419212 -1.1585e-06 1.14948e-06)
(0.0420881 5.13451e-07 -5.02043e-07)
(0.0420146 -2.22172e-07 2.18634e-07)
(0.0420462 9.80154e-08 -9.43179e-08)
(0.0420333 -4.39264e-08 4.47046e-08)
(0.0420383 2.40736e-08 -2.37656e-08)
(0.0420367 -1.57536e-08 1.75537e-08)
(0.0420371 1.40037e-08 -1.53596e-08)
(0.0420372 -1.31195e-08 1.57735e-08)
(0.0420371 1.38229e-08 -1.52612e-08)
(0.0420372 -1.36414e-08 1.59422e-08)
(0.0420371 1.38696e-08 -1.60864e-08)
(0.0420372 -1.39666e-08 1.61067e-08)
(0.0420372 1.37607e-08 -1.60858e-08)
(0.0420371 -1.37105e-08 1.56722e-08)
(0.0420372 1.29566e-08 -1.56143e-08)
(0.0420368 -1.24012e-08 1.40895e-08)
(0.0420374 1.0823e-08 -1.28252e-08)
(0.042037 -1.00549e-08 1.11854e-08)
(0.0420373 8.72742e-09 -1.04882e-08)
(0.0420371 -8.19213e-09 9.47049e-09)
(0.0420372 7.47563e-09 -9.01741e-09)
(0.062465 0.00122239 -0.00104976)
(0.091121 9.62875e-05 -0.000107951)
(0.0762107 -4.15126e-05 4.96498e-05)
(0.0833821 1.76047e-05 -2.1998e-05)
(0.0801152 -8.03385e-06 9.94356e-06)
(0.0816049 3.62532e-06 -4.439e-06)
(0.0809288 -1.61331e-06 1.96062e-06)
(0.0812331 7.1286e-07 -8.44365e-07)
(0.0810992 -3.04088e-07 3.71048e-07)
(0.0811568 1.34213e-07 -1.62247e-07)
(0.0811334 -5.83674e-08 8.73325e-08)
(0.0811425 3.32517e-08 -5.31652e-08)
(0.0811396 -2.17376e-08 4.6174e-08)
(0.0811403 2.08318e-08 -4.24891e-08)
(0.0811405 -1.91439e-08 4.62548e-08)
(0.0811403 2.07061e-08 -4.41709e-08)
(0.0811406 -2.00149e-08 4.74457e-08)
(0.0811404 2.03655e-08 -4.80527e-08)
(0.0811405 -2.04881e-08 4.8663e-08)
(0.0811405 2.01915e-08 -4.81188e-08)
(0.0811403 -2.00538e-08 4.73603e-08)
(0.0811406 1.99962e-08 -4.60415e-08)
(0.0811399 -1.99556e-08 3.92491e-08)
(0.0811408 1.50601e-08 -3.9349e-08)
(0.0811401 -1.55853e-08 2.96979e-08)
(0.0811407 1.28913e-08 -2.80311e-08)
(0.0811402 -1.298e-08 2.21821e-08)
(0.0811405 1.12525e-08 -2.20369e-08)
(0.07619 0.000776027 -0.00102303)
(0.111733 6.89421e-05 -0.000116598)
(0.0938103 -2.97524e-05 5.40795e-05)
(0.102325 1.24578e-05 -2.3855e-05)
(0.0984441 -5.71374e-06 1.07853e-05)
(0.100213 2.5902e-06 -4.81137e-06)
(0.0994109 -1.1572e-06 2.12155e-06)
(0.0997715 5.19796e-07 -9.12547e-07)
(0.0996134 -2.20959e-07 3.99252e-07)
(0.0996813 9.80185e-08 -1.74976e-07)
(0.0996538 -3.8512e-08 9.29305e-08)
(0.0996645 2.06829e-08 -5.71096e-08)
(0.0996612 -1.01709e-08 4.91992e-08)
(0.0996619 9.96324e-09 -4.59124e-08)
(0.0996622 -7.30479e-09 4.93732e-08)
(0.0996619 8.93039e-09 -4.76323e-08)
(0.0996624 -7.60681e-09 5.08224e-08)
(0.0996621 7.66532e-09 -5.15169e-08)
(0.0996622 -7.83017e-09 5.2122e-08)
(0.0996623 7.46014e-09 -5.15548e-08)
(0.099662 -7.76441e-09 5.04711e-08)
(0.0996623 8.90106e-09 -4.94914e-08)
(0.0996615 -1.02278e-08 4.28407e-08)
(0.0996626 5.18072e-09 -4.12256e-08)
(0.0996616 -7.50676e-09 3.23088e-08)
(0.0996624 5.48885e-09 -3.01894e-08)
(0.0996618 -6.77289e-09 2.46484e-08)
(0.0996621 5.41869e-09 -2.38142e-08)
(0.0802551 9.45879e-10 -0.000999427)
(0.117901 -3.24873e-09 -0.000116807)
(0.0991143 -8.81682e-10 5.44814e-05)
(0.107997 3.94651e-09 -2.40101e-05)
(0.103947 -6.6014e-09 1.08647e-05)
(0.105793 3.19474e-09 -4.84996e-06)
(0.104956 -7.69451e-10 2.13857e-06)
(0.105332 8.44053e-09 -9.21337e-07)
(0.105167 -4.8344e-09 4.01302e-07)
(0.105238 3.16952e-09 -1.7568e-07)
(0.10521 -4.13808e-10 9.07395e-08)
(0.105221 1.13311e-09 -5.51297e-08)
(0.105217 7.41784e-10 4.65575e-08)
(0.105218 3.50599e-11 -4.36687e-08)
(0.105218 7.75992e-10 4.65861e-08)
(0.105218 -5.45645e-10 -4.49636e-08)
(0.105219 7.27506e-10 4.78891e-08)
(0.105218 -9.7022e-10 -4.84185e-08)
(0.105218 5.57522e-10 4.90724e-08)
(0.105218 -1.08062e-09 -4.841e-08)
(0.105218 4.3026e-10 4.74595e-08)
(0.105218 1.21555e-09 -4.67854e-08)
(0.105217 -1.27482e-09 4.08457e-08)
(0.105219 -3.08414e-10 -3.84726e-08)
(0.105218 7.917e-10 3.0953e-08)
(0.105218 -1.03402e-09 -2.88363e-08)
(0.105218 1.29765e-09 2.42363e-08)
(0.105218 -9.33909e-10 -2.327e-08)
(0.07619 -0.000776033 -0.00102305)
(0.111734 -6.8944e-05 -0.000116596)
(0.0938103 2.97413e-05 5.40725e-05)
(0.102325 -1.24442e-05 -2.38504e-05)
(0.0984441 5.69554e-06 1.07832e-05)
(0.100213 -2.57601e-06 -4.80691e-06)
(0.0994109 1.14981e-06 2.11933e-06)
(0.0997715 -4.99985e-07 -9.13157e-07)
(0.0996134 2.12032e-07 4.01601e-07)
(0.0996813 -9.13796e-08 -1.76899e-07)
(0.0996538 3.95258e-08 9.57998e-08)
(0.0996645 -1.98856e-08 -5.99896e-08)
(0.0996612 1.35769e-08 5.17918e-08)
(0.0996619 -1.18477e-08 -4.86714e-08)
(0.0996622 1.14762e-08 5.26713e-08)
(0.0996619 -1.18374e-08 -5.02958e-08)
(0.0996624 1.15526e-08 5.42543e-08)
(0.0996621 -1.18717e-08 -5.46161e-08)
(0.0996622 1.14728e-08 5.56735e-08)
(0.0996623 -1.19003e-08 -5.47202e-08)
(0.099662 1.11962e-08 5.41609e-08)
(0.0996623 -1.00112e-08 -5.32144e-08)
(0.0996615 1.02212e-08 4.55553e-08)
(0.0996626 -8.35474e-09 -4.46342e-08)
(0.0996616 9.99061e-09 3.35087e-08)
(0.0996624 -8.77398e-09 -3.15209e-08)
(0.0996618 9.67229e-09 2.47102e-08)
(0.0996621 -8.02694e-09 -2.4408e-08)
(0.0624649 -0.0012224 -0.00104977)
(0.091121 -9.62831e-05 -0.000107952)
(0.0762107 4.14925e-05 4.96477e-05)
(0.0833821 -1.75876e-05 -2.19968e-05)
(0.0801152 8.01259e-06 9.94311e-06)
(0.0816049 -3.60326e-06 -4.43629e-06)
(0.0809288 1.59879e-06 1.9587e-06)
(0.0812331 -6.9234e-07 -8.45363e-07)
(0.0810992 2.97005e-07 3.72529e-07)
(0.0811568 -1.27836e-07 -1.63944e-07)
(0.0811334 6.04577e-08 8.87126e-08)
(0.0811425 -3.35605e-08 -5.51968e-08)
(0.0811396 2.59687e-08 4.73612e-08)
(0.0811403 -2.40784e-08 -4.43108e-08)
(0.0811405 2.4801e-08 4.77931e-08)
(0.0811403 -2.4484e-08 -4.58697e-08)
(0.0811406 2.53059e-08 4.93683e-08)
(0.0811404 -2.55968e-08 -4.97303e-08)
(0.0811405 2.55222e-08 5.06295e-08)
(0.0811405 -2.5637e-08 -4.98709e-08)
(0.0811403 2.48747e-08 4.92809e-08)
(0.0811405 -2.46737e-08 -4.84214e-08)
(0.0811399 2.287e-08 4.1623e-08)
(0.0811408 -1.95849e-08 -4.05893e-08)
(0.0811401 1.83808e-08 3.05314e-08)
(0.0811407 -1.66469e-08 -2.85555e-08)
(0.0811402 1.57445e-08 2.22604e-08)
(0.0811405 -1.4098e-08 -2.2141e-08)
(0.0328015 -0.000692557 -0.000692555)
(0.0473781 -5.97166e-05 -5.9719e-05)
(0.0393382 2.79471e-05 2.79489e-05)
(0.0432645 -1.25996e-05 -1.26003e-05)
(0.0414757 5.72404e-06 5.72458e-06)
(0.0422919 -2.57997e-06 -2.58069e-06)
(0.0419212 1.15079e-06 1.15131e-06)
(0.0420881 -5.04592e-07 -5.04627e-07)
(0.0420146 2.19463e-07 2.19499e-07)
(0.0420462 -9.53032e-08 -9.53339e-08)
(0.0420333 4.46713e-08 4.46705e-08)
(0.0420383 -2.40796e-08 -2.4082e-08)
(0.0420367 1.73223e-08 1.72995e-08)
(0.0420371 -1.52992e-08 -1.53106e-08)
(0.0420372 1.53737e-08 1.53674e-08)
(0.0420371 -1.51851e-08 -1.51811e-08)
(0.0420372 1.56804e-08 1.56617e-08)
(0.0420371 -1.58263e-08 -1.58101e-08)
(0.0420372 1.58854e-08 1.58651e-08)
(0.0420372 -1.58077e-08 -1.57938e-08)
(0.0420371 1.54956e-08 1.5453e-08)
(0.0420372 -1.53163e-08 -1.53138e-08)
(0.0420368 1.40064e-08 1.4097e-08)
(0.0420374 -1.25029e-08 -1.24851e-08)
(0.042037 1.10774e-08 1.10886e-08)
(0.0420373 -1.01828e-08 -1.01497e-08)
(0.0420371 9.25348e-09 9.24344e-09)
(0.0420372 -8.64002e-09 -8.65445e-09)
)
;

boundaryField
{
    inlet
    {
        type            fixedValue;
        value           uniform (0.1667 0 0);
    }
    outlet
    {
        type            zeroGradient;
    }
    Walls
    {
        type            noSlip;
    }
}


// ************************************************************************* //
