/*--------------------------------*- C++ -*----------------------------------*\
  =========                 |
  \\      /  F ield         | OpenFOAM: The Open Source CFD Toolbox
   \\    /   O peration     | Website:  https://openfoam.org
    \\  /    A nd           | Version:  13
     \\/     M anipulation  |
\*---------------------------------------------------------------------------*/
FoamFile
{
    format      ascii;
    class       volScalarField;
    location    "31";
    object      p;
}
// * * * * * * * * * * * * * * * * * * * * * * * * * * * * * * * * * * * * * //

dimensions      [0 2 -2 0 0 0 0];

internalField   nonuniform List<scalar> 
500
(
214.01
197.503
187.873
177.312
166.472
155.745
145.006
134.263
123.522
112.781
102.041
91.2986
80.5592
69.8168
59.077
48.335
37.5941
26.8529
16.1118
5.37053
214.005
197.503
187.873
177.312
166.472
155.745
145.006
134.263
123.522
112.781
102.041
91.2986
80.5592
69.8168
59.077
48.335
37.5941
26.8529
16.1118
5.37053
214.003
197.503
187.873
177.312
166.472
155.745
145.006
134.263
123.522
112.781
102.041
91.2986
80.5592
69.8168
59.077
48.335
37.5941
26.8529
16.1118
5.37053
214.005
197.503
187.873
177.312
166.472
155.745
145.006
134.263
123.522
112.781
102.041
91.2986
80.5592
69.8168
59.077
48.335
37.5941
26.8529
16.1118
5.37053
214.01
197.503
187.873
177.312
166.472
155.745
145.006
134.263
123.522
112.781
102.041
91.2986
80.5592
69.8168
59.077
48.335
37.5941
26.8529
16.1118
5.37053
214.005
197.503
187.873
177.312
166.472
155.745
145.006
134.263
123.522
112.781
102.041
91.2986
80.5592
69.8168
59.077
48.335
37.5941
26.8529
16.1118
5.37053
213.999
197.503
187.873
177.312
166.472
155.745
145.006
134.263
123.522
112.781
102.041
91.2986
80.5592
69.8168
59.077
48.335
37.5941
26.8529
16.1118
5.37053
213.997
197.503
187.873
177.312
166.472
155.745
145.006
134.263
123.522
112.781
102.041
91.2986
80.5592
69.8168
59.077
48.335
37.5941
26.8529
16.1118
5.37053
213.999
197.503
187.873
177.312
166.472
155.745
145.006
134.263
123.522
112.781
102.041
91.2986
80.5592
69.8168
59.077
48.335
37.5941
26.8529
16.1118
5.37053
214.005
197.503
187.873
177.312
166.472
155.745
145.006
134.263
123.522
112.781
102.041
91.2986
80.5592
69.8168
59.077
48.335
37.5941
26.8529
16.1118
5.37053
214.003
197.503
187.873
177.312
166.472
155.745
145.006
134.263
123.522
112.781
102.041
91.2986
80.5592
69.8168
59.077
48.335
37.5941
26.8529
16.1118
5.37053
213.997
197.503
187.873
177.312
166.472
155.745
145.006
134.263
123.522
112.781
102.041
91.2986
80.5592
69.8168
59.077
48.335
37.5941
26.8529
16.1118
5.37053
213.995
197.503
187.873
177.312
166.472
155.745
145.006
134.263
123.522
112.781
102.041
91.2986
80.5592
69.8168
59.077
48.335
37.5941
26.8529
16.1118
5.37053
213.997
197.503
187.873
177.312
166.472
155.745
145.006
134.263
123.522
112.781
102.041
91.2986
80.5592
69.8168
59.077
48.335
37.5941
26.8529
16.1118
5.37053
214.003
197.503
187.873
177.312
166.472
155.745
145.006
134.263
123.522
112.781
102.041
91.2986
80.5592
69.8168
59.077
48.335
37.5941
26.8529
16.1118
5.37053
214.005
197.503
187.873
177.312
166.472
155.745
145.006
134.263
123.522
112.781
102.041
91.2986
80.5592
69.8168
59.077
48.335
37.5941
26.8529
16.1118
5.37053
213.999
197.503
187.873
177.312
166.472
155.745
145.006
134.263
123.522
112.781
102.041
91.2986
80.5592
69.8168
59.077
48.335
37.5941
26.8529
16.1118
5.37053
213.997
197.503
187.873
177.312
166.472
155.745
145.006
134.263
123.522
112.781
102.041
91.2986
80.5592
69.8168
59.077
48.335
37.5941
26.8529
16.1118
5.37053
213.999
197.503
187.873
177.312
166.472
155.745
145.006
134.263
123.522
112.781
102.041
91.2986
80.5592
69.8168
59.077
48.335
37.5941
26.8529
16.1118
5.37053
214.005
197.503
187.873
177.312
166.472
155.745
145.006
134.263
123.522
112.781
102.041
91.2986
80.5592
69.8168
59.077
48.335
37.5941
26.8529
16.1118
5.37053
214.01
197.503
187.873
177.312
166.472
155.745
145.006
134.263
123.522
112.781
102.041
91.2986
80.5592
69.8168
59.077
48.335
37.5941
26.8529
16.1118
5.37053
214.005
197.503
187.873
177.312
166.472
155.745
145.006
134.263
123.522
112.781
102.041
91.2986
80.5592
69.8168
59.077
48.335
37.5941
26.8529
16.1118
5.37053
214.003
197.503
187.873
177.312
166.472
155.745
145.006
134.263
123.522
112.781
102.041
91.2986
80.5592
69.8168
59.077
48.335
37.5941
26.8529
16.1118
5.37053
214.005
197.503
187.873
177.312
166.472
155.745
145.006
134.263
123.522
112.781
102.041
91.2986
80.5592
69.8168
59.077
48.335
37.5941
26.8529
16.1118
5.37053
214.01
197.503
187.873
177.312
166.472
155.745
145.006
134.263
123.522
112.781
102.041
91.2986
80.5592
69.8168
59.077
48.335
37.5941
26.8529
16.1118
5.37053
)
;

boundaryField
{
    inlet
    {
        type            zeroGradient;
    }
    outlet
    {
        type            fixedValue;
        value           uniform 0;
    }
    Walls
    {
        type            zeroGradient;
    }
}


// ************************************************************************* //
