/*--------------------------------*- C++ -*----------------------------------*\
  =========                 |
  \\      /  F ield         | OpenFOAM: The Open Source CFD Toolbox
   \\    /   O peration     | Website:  https://openfoam.org
    \\  /    A nd           | Version:  13
     \\/     M anipulation  |
\*---------------------------------------------------------------------------*/
FoamFile
{
    format      ascii;
    class       volScalarField;
    location    "30";
    object      p;
}
// * * * * * * * * * * * * * * * * * * * * * * * * * * * * * * * * * * * * * //

dimensions      [0 2 -2 0 0 0 0];

internalField   nonuniform List<scalar> 
3700
(
0.236459
0.22607
0.222079
0.214186
0.208684
0.201717
0.195648
0.189028
0.182744
0.176259
0.169892
0.163457
0.15706
0.150643
0.144236
0.137824
0.131414
0.125003
0.118593
0.112183
0.105773
0.099362
0.0929517
0.0865413
0.0801308
0.0737206
0.06731
0.0608998
0.0544891
0.0480789
0.0416679
0.0352579
0.0288466
0.0224368
0.0160256
0.00961592
0.00320474
0.236449
0.226069
0.222079
0.214186
0.208684
0.201717
0.195648
0.189028
0.182744
0.176259
0.169892
0.163457
0.15706
0.150643
0.144236
0.137824
0.131414
0.125003
0.118593
0.112183
0.105773
0.099362
0.0929517
0.0865413
0.0801308
0.0737206
0.06731
0.0608998
0.0544891
0.0480789
0.0416679
0.0352579
0.0288466
0.0224368
0.0160256
0.00961592
0.00320474
0.236442
0.226069
0.222079
0.214186
0.208684
0.201717
0.195648
0.189028
0.182744
0.176259
0.169892
0.163457
0.15706
0.150643
0.144236
0.137824
0.131414
0.125003
0.118593
0.112183
0.105773
0.099362
0.0929517
0.0865413
0.0801308
0.0737206
0.06731
0.0608998
0.0544891
0.0480789
0.0416679
0.0352579
0.0288466
0.0224368
0.0160256
0.00961592
0.00320474
0.236439
0.226069
0.222079
0.214185
0.208684
0.201717
0.195648
0.189028
0.182744
0.176259
0.169892
0.163457
0.15706
0.150643
0.144236
0.137824
0.131414
0.125003
0.118593
0.112183
0.105773
0.099362
0.0929517
0.0865413
0.0801308
0.0737206
0.06731
0.0608998
0.0544891
0.0480789
0.0416679
0.0352579
0.0288466
0.0224368
0.0160256
0.00961592
0.00320474
0.236437
0.226069
0.222079
0.214185
0.208684
0.201717
0.195648
0.189028
0.182744
0.176259
0.169892
0.163457
0.15706
0.150643
0.144236
0.137824
0.131414
0.125003
0.118593
0.112183
0.105773
0.099362
0.0929517
0.0865413
0.0801308
0.0737206
0.06731
0.0608998
0.0544891
0.0480789
0.0416679
0.0352579
0.0288466
0.0224368
0.0160256
0.00961592
0.00320474
0.236437
0.226069
0.222079
0.214185
0.208684
0.201717
0.195648
0.189028
0.182744
0.176259
0.169892
0.163457
0.15706
0.150643
0.144236
0.137824
0.131414
0.125003
0.118593
0.112183
0.105773
0.099362
0.0929517
0.0865413
0.0801308
0.0737206
0.06731
0.0608998
0.0544891
0.0480789
0.0416679
0.0352579
0.0288466
0.0224368
0.0160256
0.00961592
0.00320474
0.236439
0.226069
0.222079
0.214185
0.208684
0.201717
0.195648
0.189028
0.182744
0.176259
0.169892
0.163457
0.15706
0.150643
0.144236
0.137824
0.131414
0.125003
0.118593
0.112183
0.105773
0.099362
0.0929517
0.0865413
0.0801308
0.0737206
0.06731
0.0608998
0.0544891
0.0480789
0.0416679
0.0352579
0.0288466
0.0224368
0.0160256
0.00961592
0.00320474
0.236442
0.226069
0.222079
0.214186
0.208684
0.201717
0.195648
0.189028
0.182744
0.176259
0.169892
0.163457
0.15706
0.150643
0.144236
0.137824
0.131414
0.125003
0.118593
0.112183
0.105773
0.099362
0.0929517
0.0865413
0.0801308
0.0737206
0.06731
0.0608998
0.0544891
0.0480789
0.0416679
0.0352579
0.0288466
0.0224368
0.0160256
0.00961592
0.00320474
0.236449
0.226069
0.222079
0.214186
0.208684
0.201717
0.195648
0.189028
0.182744
0.176259
0.169892
0.163457
0.15706
0.150643
0.144236
0.137824
0.131414
0.125003
0.118593
0.112183
0.105773
0.099362
0.0929517
0.0865413
0.0801308
0.0737206
0.06731
0.0608998
0.0544891
0.0480789
0.0416679
0.0352579
0.0288466
0.0224368
0.0160256
0.00961592
0.00320474
0.236459
0.22607
0.222079
0.214186
0.208684
0.201717
0.195648
0.189028
0.182744
0.176259
0.169892
0.163457
0.15706
0.150643
0.144236
0.137824
0.131414
0.125003
0.118593
0.112183
0.105773
0.099362
0.0929517
0.0865413
0.0801308
0.0737206
0.06731
0.0608998
0.0544891
0.0480789
0.0416679
0.0352579
0.0288466
0.0224368
0.0160256
0.00961592
0.00320474
0.236449
0.226069
0.222079
0.214186
0.208684
0.201717
0.195648
0.189028
0.182744
0.176259
0.169892
0.163457
0.15706
0.150643
0.144236
0.137824
0.131414
0.125003
0.118593
0.112183
0.105773
0.099362
0.0929517
0.0865413
0.0801308
0.0737206
0.06731
0.0608998
0.0544891
0.0480789
0.0416679
0.0352579
0.0288466
0.0224368
0.0160256
0.00961592
0.00320474
0.23644
0.226069
0.222079
0.214186
0.208684
0.201717
0.195648
0.189028
0.182744
0.176259
0.169892
0.163457
0.15706
0.150643
0.144236
0.137824
0.131414
0.125003
0.118593
0.112183
0.105773
0.099362
0.0929517
0.0865413
0.0801308
0.0737206
0.06731
0.0608998
0.0544891
0.0480789
0.0416679
0.0352579
0.0288466
0.0224368
0.0160256
0.00961592
0.00320474
0.236434
0.226069
0.222079
0.214186
0.208684
0.201717
0.195648
0.189028
0.182744
0.176259
0.169892
0.163457
0.15706
0.150643
0.144236
0.137824
0.131414
0.125003
0.118593
0.112183
0.105773
0.099362
0.0929517
0.0865413
0.0801308
0.0737206
0.06731
0.0608998
0.0544891
0.0480789
0.0416679
0.0352579
0.0288466
0.0224368
0.0160256
0.00961592
0.00320474
0.23643
0.226069
0.222079
0.214185
0.208684
0.201717
0.195648
0.189028
0.182744
0.176259
0.169892
0.163457
0.15706
0.150643
0.144236
0.137824
0.131414
0.125003
0.118593
0.112183
0.105773
0.099362
0.0929517
0.0865413
0.0801308
0.0737206
0.06731
0.0608998
0.0544891
0.0480789
0.0416679
0.0352579
0.0288466
0.0224368
0.0160256
0.00961592
0.00320474
0.236428
0.226069
0.222079
0.214185
0.208684
0.201717
0.195648
0.189028
0.182744
0.176259
0.169892
0.163457
0.15706
0.150643
0.144236
0.137824
0.131414
0.125003
0.118593
0.112183
0.105773
0.099362
0.0929517
0.0865413
0.0801308
0.0737206
0.06731
0.0608998
0.0544891
0.0480789
0.0416679
0.0352579
0.0288466
0.0224368
0.0160256
0.00961592
0.00320474
0.236428
0.226069
0.222079
0.214185
0.208684
0.201717
0.195648
0.189028
0.182744
0.176259
0.169892
0.163457
0.15706
0.150643
0.144236
0.137824
0.131414
0.125003
0.118593
0.112183
0.105773
0.099362
0.0929517
0.0865413
0.0801308
0.0737206
0.06731
0.0608998
0.0544891
0.0480789
0.0416679
0.0352579
0.0288466
0.0224368
0.0160256
0.00961592
0.00320474
0.23643
0.226069
0.222079
0.214185
0.208684
0.201717
0.195648
0.189028
0.182744
0.176259
0.169892
0.163457
0.15706
0.150643
0.144236
0.137824
0.131414
0.125003
0.118593
0.112183
0.105773
0.099362
0.0929517
0.0865413
0.0801308
0.0737206
0.06731
0.0608998
0.0544891
0.0480789
0.0416679
0.0352579
0.0288466
0.0224368
0.0160256
0.00961592
0.00320474
0.236434
0.226069
0.222079
0.214186
0.208684
0.201717
0.195648
0.189028
0.182744
0.176259
0.169892
0.163457
0.15706
0.150643
0.144236
0.137824
0.131414
0.125003
0.118593
0.112183
0.105773
0.099362
0.0929517
0.0865413
0.0801308
0.0737206
0.06731
0.0608998
0.0544891
0.0480789
0.0416679
0.0352579
0.0288466
0.0224368
0.0160256
0.00961592
0.00320474
0.23644
0.226069
0.222079
0.214186
0.208684
0.201717
0.195648
0.189028
0.182744
0.176259
0.169892
0.163457
0.15706
0.150643
0.144236
0.137824
0.131414
0.125003
0.118593
0.112183
0.105773
0.099362
0.0929517
0.0865413
0.0801308
0.0737206
0.06731
0.0608998
0.0544891
0.0480789
0.0416679
0.0352579
0.0288466
0.0224368
0.0160256
0.00961592
0.00320474
0.236449
0.226069
0.222079
0.214186
0.208684
0.201717
0.195648
0.189028
0.182744
0.176259
0.169892
0.163457
0.15706
0.150643
0.144236
0.137824
0.131414
0.125003
0.118593
0.112183
0.105773
0.099362
0.0929517
0.0865413
0.0801308
0.0737206
0.06731
0.0608998
0.0544891
0.0480789
0.0416679
0.0352579
0.0288466
0.0224368
0.0160256
0.00961592
0.00320474
0.236442
0.226069
0.222079
0.214186
0.208684
0.201717
0.195648
0.189028
0.182744
0.176259
0.169892
0.163457
0.15706
0.150643
0.144236
0.137824
0.131414
0.125003
0.118593
0.112183
0.105773
0.099362
0.0929517
0.0865413
0.0801308
0.0737206
0.06731
0.0608998
0.0544891
0.0480789
0.0416679
0.0352579
0.0288466
0.0224368
0.0160256
0.00961592
0.00320474
0.236434
0.226069
0.222079
0.214186
0.208684
0.201717
0.195648
0.189028
0.182744
0.176259
0.169892
0.163457
0.15706
0.150643
0.144236
0.137824
0.131414
0.125003
0.118593
0.112183
0.105773
0.099362
0.0929517
0.0865413
0.0801308
0.0737206
0.06731
0.0608998
0.0544891
0.0480789
0.0416679
0.0352579
0.0288466
0.0224368
0.0160256
0.00961592
0.00320474
0.236428
0.226069
0.222079
0.214185
0.208684
0.201717
0.195648
0.189028
0.182744
0.176259
0.169892
0.163457
0.15706
0.150643
0.144236
0.137824
0.131414
0.125003
0.118593
0.112183
0.105773
0.099362
0.0929517
0.0865413
0.0801308
0.0737206
0.06731
0.0608998
0.0544891
0.0480789
0.0416679
0.0352579
0.0288466
0.0224368
0.0160256
0.00961592
0.00320474
0.236424
0.226069
0.222079
0.214185
0.208684
0.201717
0.195648
0.189028
0.182744
0.176259
0.169892
0.163457
0.15706
0.150643
0.144236
0.137824
0.131414
0.125003
0.118593
0.112183
0.105773
0.099362
0.0929517
0.0865413
0.0801308
0.0737206
0.06731
0.0608998
0.0544891
0.0480789
0.0416679
0.0352579
0.0288466
0.0224368
0.0160256
0.00961592
0.00320474
0.236422
0.226069
0.222079
0.214185
0.208684
0.201717
0.195648
0.189028
0.182744
0.176259
0.169892
0.163457
0.15706
0.150643
0.144236
0.137824
0.131414
0.125003
0.118593
0.112183
0.105773
0.099362
0.0929517
0.0865413
0.0801308
0.0737206
0.06731
0.0608998
0.0544891
0.0480789
0.0416679
0.0352579
0.0288466
0.0224368
0.0160256
0.00961592
0.00320474
0.236422
0.226069
0.222079
0.214185
0.208684
0.201717
0.195648
0.189028
0.182744
0.176259
0.169892
0.163457
0.15706
0.150643
0.144236
0.137824
0.131414
0.125003
0.118593
0.112183
0.105773
0.099362
0.0929517
0.0865413
0.0801308
0.0737206
0.06731
0.0608998
0.0544891
0.0480789
0.0416679
0.0352579
0.0288466
0.0224368
0.0160256
0.00961592
0.00320474
0.236424
0.226069
0.222079
0.214185
0.208684
0.201717
0.195648
0.189028
0.182744
0.176259
0.169892
0.163457
0.15706
0.150643
0.144236
0.137824
0.131414
0.125003
0.118593
0.112183
0.105773
0.099362
0.0929517
0.0865413
0.0801308
0.0737206
0.06731
0.0608998
0.0544891
0.0480789
0.0416679
0.0352579
0.0288466
0.0224368
0.0160256
0.00961592
0.00320474
0.236428
0.226069
0.222079
0.214185
0.208684
0.201717
0.195648
0.189028
0.182744
0.176259
0.169892
0.163457
0.15706
0.150643
0.144236
0.137824
0.131414
0.125003
0.118593
0.112183
0.105773
0.099362
0.0929517
0.0865413
0.0801308
0.0737206
0.06731
0.0608998
0.0544891
0.0480789
0.0416679
0.0352579
0.0288466
0.0224368
0.0160256
0.00961592
0.00320474
0.236434
0.226069
0.222079
0.214186
0.208684
0.201717
0.195648
0.189028
0.182744
0.176259
0.169892
0.163457
0.15706
0.150643
0.144236
0.137824
0.131414
0.125003
0.118593
0.112183
0.105773
0.099362
0.0929517
0.0865413
0.0801308
0.0737206
0.06731
0.0608998
0.0544891
0.0480789
0.0416679
0.0352579
0.0288466
0.0224368
0.0160256
0.00961592
0.00320474
0.236442
0.226069
0.222079
0.214186
0.208684
0.201717
0.195648
0.189028
0.182744
0.176259
0.169892
0.163457
0.15706
0.150643
0.144236
0.137824
0.131414
0.125003
0.118593
0.112183
0.105773
0.099362
0.0929517
0.0865413
0.0801308
0.0737206
0.06731
0.0608998
0.0544891
0.0480789
0.0416679
0.0352579
0.0288466
0.0224368
0.0160256
0.00961592
0.00320474
0.236439
0.226069
0.222079
0.214185
0.208684
0.201717
0.195648
0.189028
0.182744
0.176259
0.169892
0.163457
0.15706
0.150643
0.144236
0.137824
0.131414
0.125003
0.118593
0.112183
0.105773
0.099362
0.0929517
0.0865413
0.0801308
0.0737206
0.06731
0.0608998
0.0544891
0.0480789
0.0416679
0.0352579
0.0288466
0.0224368
0.0160256
0.00961592
0.00320474
0.23643
0.226069
0.222079
0.214185
0.208684
0.201717
0.195648
0.189028
0.182744
0.176259
0.169892
0.163457
0.15706
0.150643
0.144236
0.137824
0.131414
0.125003
0.118593
0.112183
0.105773
0.099362
0.0929517
0.0865413
0.0801308
0.0737206
0.06731
0.0608998
0.0544891
0.0480789
0.0416679
0.0352579
0.0288466
0.0224368
0.0160256
0.00961592
0.00320474
0.236424
0.226069
0.222079
0.214185
0.208684
0.201717
0.195648
0.189028
0.182744
0.176259
0.169892
0.163457
0.15706
0.150643
0.144236
0.137824
0.131414
0.125003
0.118593
0.112183
0.105773
0.099362
0.0929517
0.0865413
0.0801308
0.0737206
0.06731
0.0608998
0.0544891
0.0480789
0.0416679
0.0352579
0.0288466
0.0224368
0.0160256
0.00961592
0.00320474
0.23642
0.226068
0.22208
0.214185
0.208684
0.201717
0.195648
0.189028
0.182744
0.176259
0.169892
0.163457
0.15706
0.150643
0.144236
0.137824
0.131414
0.125003
0.118593
0.112183
0.105773
0.099362
0.0929517
0.0865413
0.0801308
0.0737206
0.06731
0.0608998
0.0544891
0.0480789
0.0416679
0.0352579
0.0288466
0.0224368
0.0160256
0.00961592
0.00320474
0.236418
0.226068
0.22208
0.214185
0.208684
0.201717
0.195648
0.189028
0.182744
0.176259
0.169892
0.163457
0.15706
0.150643
0.144236
0.137824
0.131414
0.125003
0.118593
0.112183
0.105773
0.099362
0.0929517
0.0865413
0.0801308
0.0737206
0.06731
0.0608998
0.0544891
0.0480789
0.0416679
0.0352579
0.0288466
0.0224368
0.0160256
0.00961592
0.00320474
0.236418
0.226068
0.22208
0.214185
0.208684
0.201717
0.195648
0.189028
0.182744
0.176259
0.169892
0.163457
0.15706
0.150643
0.144236
0.137824
0.131414
0.125003
0.118593
0.112183
0.105773
0.099362
0.0929517
0.0865413
0.0801308
0.0737206
0.06731
0.0608998
0.0544891
0.0480789
0.0416679
0.0352579
0.0288466
0.0224368
0.0160256
0.00961592
0.00320474
0.23642
0.226068
0.22208
0.214185
0.208684
0.201717
0.195648
0.189028
0.182744
0.176259
0.169892
0.163457
0.15706
0.150643
0.144236
0.137824
0.131414
0.125003
0.118593
0.112183
0.105773
0.099362
0.0929517
0.0865413
0.0801308
0.0737206
0.06731
0.0608998
0.0544891
0.0480789
0.0416679
0.0352579
0.0288466
0.0224368
0.0160256
0.00961592
0.00320474
0.236424
0.226069
0.222079
0.214185
0.208684
0.201717
0.195648
0.189028
0.182744
0.176259
0.169892
0.163457
0.15706
0.150643
0.144236
0.137824
0.131414
0.125003
0.118593
0.112183
0.105773
0.099362
0.0929517
0.0865413
0.0801308
0.0737206
0.06731
0.0608998
0.0544891
0.0480789
0.0416679
0.0352579
0.0288466
0.0224368
0.0160256
0.00961592
0.00320474
0.23643
0.226069
0.222079
0.214185
0.208684
0.201717
0.195648
0.189028
0.182744
0.176259
0.169892
0.163457
0.15706
0.150643
0.144236
0.137824
0.131414
0.125003
0.118593
0.112183
0.105773
0.099362
0.0929517
0.0865413
0.0801308
0.0737206
0.06731
0.0608998
0.0544891
0.0480789
0.0416679
0.0352579
0.0288466
0.0224368
0.0160256
0.00961592
0.00320474
0.236439
0.226069
0.222079
0.214185
0.208684
0.201717
0.195648
0.189028
0.182744
0.176259
0.169892
0.163457
0.15706
0.150643
0.144236
0.137824
0.131414
0.125003
0.118593
0.112183
0.105773
0.099362
0.0929517
0.0865413
0.0801308
0.0737206
0.06731
0.0608998
0.0544891
0.0480789
0.0416679
0.0352579
0.0288466
0.0224368
0.0160256
0.00961592
0.00320474
0.236437
0.226069
0.222079
0.214185
0.208684
0.201717
0.195648
0.189028
0.182744
0.176259
0.169892
0.163457
0.15706
0.150643
0.144236
0.137824
0.131414
0.125003
0.118593
0.112183
0.105773
0.099362
0.0929517
0.0865413
0.0801308
0.0737206
0.06731
0.0608998
0.0544891
0.0480789
0.0416679
0.0352579
0.0288466
0.0224368
0.0160256
0.00961592
0.00320474
0.236428
0.226069
0.222079
0.214185
0.208684
0.201717
0.195648
0.189028
0.182744
0.176259
0.169892
0.163457
0.15706
0.150643
0.144236
0.137824
0.131414
0.125003
0.118593
0.112183
0.105773
0.099362
0.0929517
0.0865413
0.0801308
0.0737206
0.06731
0.0608998
0.0544891
0.0480789
0.0416679
0.0352579
0.0288466
0.0224368
0.0160256
0.00961592
0.00320474
0.236422
0.226069
0.222079
0.214185
0.208684
0.201717
0.195648
0.189028
0.182744
0.176259
0.169892
0.163457
0.15706
0.150643
0.144236
0.137824
0.131414
0.125003
0.118593
0.112183
0.105773
0.099362
0.0929517
0.0865413
0.0801308
0.0737206
0.06731
0.0608998
0.0544891
0.0480789
0.0416679
0.0352579
0.0288466
0.0224368
0.0160256
0.00961592
0.00320474
0.236418
0.226068
0.22208
0.214185
0.208684
0.201717
0.195648
0.189028
0.182744
0.176259
0.169892
0.163457
0.15706
0.150643
0.144236
0.137824
0.131414
0.125003
0.118593
0.112183
0.105773
0.099362
0.0929517
0.0865413
0.0801308
0.0737206
0.06731
0.0608998
0.0544891
0.0480789
0.0416679
0.0352579
0.0288466
0.0224368
0.0160256
0.00961592
0.00320474
0.236416
0.226068
0.22208
0.214185
0.208684
0.201717
0.195648
0.189028
0.182744
0.176259
0.169892
0.163457
0.15706
0.150643
0.144236
0.137824
0.131414
0.125003
0.118593
0.112183
0.105773
0.099362
0.0929517
0.0865413
0.0801308
0.0737206
0.06731
0.0608998
0.0544891
0.0480789
0.0416679
0.0352579
0.0288466
0.0224368
0.0160256
0.00961592
0.00320474
0.236416
0.226068
0.22208
0.214185
0.208684
0.201717
0.195648
0.189028
0.182744
0.176259
0.169892
0.163457
0.15706
0.150643
0.144236
0.137824
0.131414
0.125003
0.118593
0.112183
0.105773
0.099362
0.0929517
0.0865413
0.0801308
0.0737206
0.06731
0.0608998
0.0544891
0.0480789
0.0416679
0.0352579
0.0288466
0.0224368
0.0160256
0.00961592
0.00320474
0.236418
0.226068
0.22208
0.214185
0.208684
0.201717
0.195648
0.189028
0.182744
0.176259
0.169892
0.163457
0.15706
0.150643
0.144236
0.137824
0.131414
0.125003
0.118593
0.112183
0.105773
0.099362
0.0929517
0.0865413
0.0801308
0.0737206
0.06731
0.0608998
0.0544891
0.0480789
0.0416679
0.0352579
0.0288466
0.0224368
0.0160256
0.00961592
0.00320474
0.236422
0.226069
0.222079
0.214185
0.208684
0.201717
0.195648
0.189028
0.182744
0.176259
0.169892
0.163457
0.15706
0.150643
0.144236
0.137824
0.131414
0.125003
0.118593
0.112183
0.105773
0.099362
0.0929517
0.0865413
0.0801308
0.0737206
0.06731
0.0608998
0.0544891
0.0480789
0.0416679
0.0352579
0.0288466
0.0224368
0.0160256
0.00961592
0.00320474
0.236428
0.226069
0.222079
0.214185
0.208684
0.201717
0.195648
0.189028
0.182744
0.176259
0.169892
0.163457
0.15706
0.150643
0.144236
0.137824
0.131414
0.125003
0.118593
0.112183
0.105773
0.099362
0.0929517
0.0865413
0.0801308
0.0737206
0.06731
0.0608998
0.0544891
0.0480789
0.0416679
0.0352579
0.0288466
0.0224368
0.0160256
0.00961592
0.00320474
0.236437
0.226069
0.222079
0.214185
0.208684
0.201717
0.195648
0.189028
0.182744
0.176259
0.169892
0.163457
0.15706
0.150643
0.144236
0.137824
0.131414
0.125003
0.118593
0.112183
0.105773
0.099362
0.0929517
0.0865413
0.0801308
0.0737206
0.06731
0.0608998
0.0544891
0.0480789
0.0416679
0.0352579
0.0288466
0.0224368
0.0160256
0.00961592
0.00320474
0.236437
0.226069
0.222079
0.214185
0.208684
0.201717
0.195648
0.189028
0.182744
0.176259
0.169892
0.163457
0.15706
0.150643
0.144236
0.137824
0.131414
0.125003
0.118593
0.112183
0.105773
0.099362
0.0929517
0.0865413
0.0801308
0.0737206
0.06731
0.0608998
0.0544891
0.0480789
0.0416679
0.0352579
0.0288466
0.0224368
0.0160256
0.00961592
0.00320474
0.236428
0.226069
0.222079
0.214185
0.208684
0.201717
0.195648
0.189028
0.182744
0.176259
0.169892
0.163457
0.15706
0.150643
0.144236
0.137824
0.131414
0.125003
0.118593
0.112183
0.105773
0.099362
0.0929517
0.0865413
0.0801308
0.0737206
0.06731
0.0608998
0.0544891
0.0480789
0.0416679
0.0352579
0.0288466
0.0224368
0.0160256
0.00961592
0.00320474
0.236422
0.226069
0.222079
0.214185
0.208684
0.201717
0.195648
0.189028
0.182744
0.176259
0.169892
0.163457
0.15706
0.150643
0.144236
0.137824
0.131414
0.125003
0.118593
0.112183
0.105773
0.099362
0.0929517
0.0865413
0.0801308
0.0737206
0.06731
0.0608998
0.0544891
0.0480789
0.0416679
0.0352579
0.0288466
0.0224368
0.0160256
0.00961592
0.00320474
0.236418
0.226068
0.22208
0.214185
0.208684
0.201717
0.195648
0.189028
0.182744
0.176259
0.169892
0.163457
0.15706
0.150643
0.144236
0.137824
0.131414
0.125003
0.118593
0.112183
0.105773
0.099362
0.0929517
0.0865413
0.0801308
0.0737206
0.06731
0.0608998
0.0544891
0.0480789
0.0416679
0.0352579
0.0288466
0.0224368
0.0160256
0.00961592
0.00320474
0.236416
0.226068
0.22208
0.214185
0.208684
0.201717
0.195648
0.189028
0.182744
0.176259
0.169892
0.163457
0.15706
0.150643
0.144236
0.137824
0.131414
0.125003
0.118593
0.112183
0.105773
0.099362
0.0929517
0.0865413
0.0801308
0.0737206
0.06731
0.0608998
0.0544891
0.0480789
0.0416679
0.0352579
0.0288466
0.0224368
0.0160256
0.00961592
0.00320474
0.236416
0.226068
0.22208
0.214185
0.208684
0.201717
0.195648
0.189028
0.182744
0.176259
0.169892
0.163457
0.15706
0.150643
0.144236
0.137824
0.131414
0.125003
0.118593
0.112183
0.105773
0.099362
0.0929517
0.0865413
0.0801308
0.0737206
0.06731
0.0608998
0.0544891
0.0480789
0.0416679
0.0352579
0.0288466
0.0224368
0.0160256
0.00961592
0.00320474
0.236418
0.226068
0.22208
0.214185
0.208684
0.201717
0.195648
0.189028
0.182744
0.176259
0.169892
0.163457
0.15706
0.150643
0.144236
0.137824
0.131414
0.125003
0.118593
0.112183
0.105773
0.099362
0.0929517
0.0865413
0.0801308
0.0737206
0.06731
0.0608998
0.0544891
0.0480789
0.0416679
0.0352579
0.0288466
0.0224368
0.0160256
0.00961592
0.00320474
0.236422
0.226069
0.222079
0.214185
0.208684
0.201717
0.195648
0.189028
0.182744
0.176259
0.169892
0.163457
0.15706
0.150643
0.144236
0.137824
0.131414
0.125003
0.118593
0.112183
0.105773
0.099362
0.0929517
0.0865413
0.0801308
0.0737206
0.06731
0.0608998
0.0544891
0.0480789
0.0416679
0.0352579
0.0288466
0.0224368
0.0160256
0.00961592
0.00320474
0.236428
0.226069
0.222079
0.214185
0.208684
0.201717
0.195648
0.189028
0.182744
0.176259
0.169892
0.163457
0.15706
0.150643
0.144236
0.137824
0.131414
0.125003
0.118593
0.112183
0.105773
0.099362
0.0929517
0.0865413
0.0801308
0.0737206
0.06731
0.0608998
0.0544891
0.0480789
0.0416679
0.0352579
0.0288466
0.0224368
0.0160256
0.00961592
0.00320474
0.236437
0.226069
0.222079
0.214185
0.208684
0.201717
0.195648
0.189028
0.182744
0.176259
0.169892
0.163457
0.15706
0.150643
0.144236
0.137824
0.131414
0.125003
0.118593
0.112183
0.105773
0.099362
0.0929517
0.0865413
0.0801308
0.0737206
0.06731
0.0608998
0.0544891
0.0480789
0.0416679
0.0352579
0.0288466
0.0224368
0.0160256
0.00961592
0.00320474
0.236439
0.226069
0.222079
0.214185
0.208684
0.201717
0.195648
0.189028
0.182744
0.176259
0.169892
0.163457
0.15706
0.150643
0.144236
0.137824
0.131414
0.125003
0.118593
0.112183
0.105773
0.099362
0.0929517
0.0865413
0.0801308
0.0737206
0.06731
0.0608998
0.0544891
0.0480789
0.0416679
0.0352579
0.0288466
0.0224368
0.0160256
0.00961592
0.00320474
0.23643
0.226069
0.222079
0.214185
0.208684
0.201717
0.195648
0.189028
0.182744
0.176259
0.169892
0.163457
0.15706
0.150643
0.144236
0.137824
0.131414
0.125003
0.118593
0.112183
0.105773
0.099362
0.0929517
0.0865413
0.0801308
0.0737206
0.06731
0.0608998
0.0544891
0.0480789
0.0416679
0.0352579
0.0288466
0.0224368
0.0160256
0.00961592
0.00320474
0.236424
0.226069
0.222079
0.214185
0.208684
0.201717
0.195648
0.189028
0.182744
0.176259
0.169892
0.163457
0.15706
0.150643
0.144236
0.137824
0.131414
0.125003
0.118593
0.112183
0.105773
0.099362
0.0929517
0.0865413
0.0801308
0.0737206
0.06731
0.0608998
0.0544891
0.0480789
0.0416679
0.0352579
0.0288466
0.0224368
0.0160256
0.00961592
0.00320474
0.23642
0.226068
0.22208
0.214185
0.208684
0.201717
0.195648
0.189028
0.182744
0.176259
0.169892
0.163457
0.15706
0.150643
0.144236
0.137824
0.131414
0.125003
0.118593
0.112183
0.105773
0.099362
0.0929517
0.0865413
0.0801308
0.0737206
0.06731
0.0608998
0.0544891
0.0480789
0.0416679
0.0352579
0.0288466
0.0224368
0.0160256
0.00961592
0.00320474
0.236418
0.226068
0.22208
0.214185
0.208684
0.201717
0.195648
0.189028
0.182744
0.176259
0.169892
0.163457
0.15706
0.150643
0.144236
0.137824
0.131414
0.125003
0.118593
0.112183
0.105773
0.099362
0.0929517
0.0865413
0.0801308
0.0737206
0.06731
0.0608998
0.0544891
0.0480789
0.0416679
0.0352579
0.0288466
0.0224368
0.0160256
0.00961592
0.00320474
0.236418
0.226068
0.22208
0.214185
0.208684
0.201717
0.195648
0.189028
0.182744
0.176259
0.169892
0.163457
0.15706
0.150643
0.144236
0.137824
0.131414
0.125003
0.118593
0.112183
0.105773
0.099362
0.0929517
0.0865413
0.0801308
0.0737206
0.06731
0.0608998
0.0544891
0.0480789
0.0416679
0.0352579
0.0288466
0.0224368
0.0160256
0.00961592
0.00320474
0.23642
0.226068
0.22208
0.214185
0.208684
0.201717
0.195648
0.189028
0.182744
0.176259
0.169892
0.163457
0.15706
0.150643
0.144236
0.137824
0.131414
0.125003
0.118593
0.112183
0.105773
0.099362
0.0929517
0.0865413
0.0801308
0.0737206
0.06731
0.0608998
0.0544891
0.0480789
0.0416679
0.0352579
0.0288466
0.0224368
0.0160256
0.00961592
0.00320474
0.236424
0.226069
0.222079
0.214185
0.208684
0.201717
0.195648
0.189028
0.182744
0.176259
0.169892
0.163457
0.15706
0.150643
0.144236
0.137824
0.131414
0.125003
0.118593
0.112183
0.105773
0.099362
0.0929517
0.0865413
0.0801308
0.0737206
0.06731
0.0608998
0.0544891
0.0480789
0.0416679
0.0352579
0.0288466
0.0224368
0.0160256
0.00961592
0.00320474
0.23643
0.226069
0.222079
0.214185
0.208684
0.201717
0.195648
0.189028
0.182744
0.176259
0.169892
0.163457
0.15706
0.150643
0.144236
0.137824
0.131414
0.125003
0.118593
0.112183
0.105773
0.099362
0.0929517
0.0865413
0.0801308
0.0737206
0.06731
0.0608998
0.0544891
0.0480789
0.0416679
0.0352579
0.0288466
0.0224368
0.0160256
0.00961592
0.00320474
0.236439
0.226069
0.222079
0.214185
0.208684
0.201717
0.195648
0.189028
0.182744
0.176259
0.169892
0.163457
0.15706
0.150643
0.144236
0.137824
0.131414
0.125003
0.118593
0.112183
0.105773
0.099362
0.0929517
0.0865413
0.0801308
0.0737206
0.06731
0.0608998
0.0544891
0.0480789
0.0416679
0.0352579
0.0288466
0.0224368
0.0160256
0.00961592
0.00320474
0.236442
0.226069
0.222079
0.214186
0.208684
0.201717
0.195648
0.189028
0.182744
0.176259
0.169892
0.163457
0.15706
0.150643
0.144236
0.137824
0.131414
0.125003
0.118593
0.112183
0.105773
0.099362
0.0929517
0.0865413
0.0801308
0.0737206
0.06731
0.0608998
0.0544891
0.0480789
0.0416679
0.0352579
0.0288466
0.0224368
0.0160256
0.00961592
0.00320474
0.236434
0.226069
0.222079
0.214186
0.208684
0.201717
0.195648
0.189028
0.182744
0.176259
0.169892
0.163457
0.15706
0.150643
0.144236
0.137824
0.131414
0.125003
0.118593
0.112183
0.105773
0.099362
0.0929517
0.0865413
0.0801308
0.0737206
0.06731
0.0608998
0.0544891
0.0480789
0.0416679
0.0352579
0.0288466
0.0224368
0.0160256
0.00961592
0.00320474
0.236428
0.226069
0.222079
0.214185
0.208684
0.201717
0.195648
0.189028
0.182744
0.176259
0.169892
0.163457
0.15706
0.150643
0.144236
0.137824
0.131414
0.125003
0.118593
0.112183
0.105773
0.099362
0.0929517
0.0865413
0.0801308
0.0737206
0.06731
0.0608998
0.0544891
0.0480789
0.0416679
0.0352579
0.0288466
0.0224368
0.0160256
0.00961592
0.00320474
0.236424
0.226069
0.222079
0.214185
0.208684
0.201717
0.195648
0.189028
0.182744
0.176259
0.169892
0.163457
0.15706
0.150643
0.144236
0.137824
0.131414
0.125003
0.118593
0.112183
0.105773
0.099362
0.0929517
0.0865413
0.0801308
0.0737206
0.06731
0.0608998
0.0544891
0.0480789
0.0416679
0.0352579
0.0288466
0.0224368
0.0160256
0.00961592
0.00320474
0.236422
0.226069
0.222079
0.214185
0.208684
0.201717
0.195648
0.189028
0.182744
0.176259
0.169892
0.163457
0.15706
0.150643
0.144236
0.137824
0.131414
0.125003
0.118593
0.112183
0.105773
0.099362
0.0929517
0.0865413
0.0801308
0.0737206
0.06731
0.0608998
0.0544891
0.0480789
0.0416679
0.0352579
0.0288466
0.0224368
0.0160256
0.00961592
0.00320474
0.236422
0.226069
0.222079
0.214185
0.208684
0.201717
0.195648
0.189028
0.182744
0.176259
0.169892
0.163457
0.15706
0.150643
0.144236
0.137824
0.131414
0.125003
0.118593
0.112183
0.105773
0.099362
0.0929517
0.0865413
0.0801308
0.0737206
0.06731
0.0608998
0.0544891
0.0480789
0.0416679
0.0352579
0.0288466
0.0224368
0.0160256
0.00961592
0.00320474
0.236424
0.226069
0.222079
0.214185
0.208684
0.201717
0.195648
0.189028
0.182744
0.176259
0.169892
0.163457
0.15706
0.150643
0.144236
0.137824
0.131414
0.125003
0.118593
0.112183
0.105773
0.099362
0.0929517
0.0865413
0.0801308
0.0737206
0.06731
0.0608998
0.0544891
0.0480789
0.0416679
0.0352579
0.0288466
0.0224368
0.0160256
0.00961592
0.00320474
0.236428
0.226069
0.222079
0.214185
0.208684
0.201717
0.195648
0.189028
0.182744
0.176259
0.169892
0.163457
0.15706
0.150643
0.144236
0.137824
0.131414
0.125003
0.118593
0.112183
0.105773
0.099362
0.0929517
0.0865413
0.0801308
0.0737206
0.06731
0.0608998
0.0544891
0.0480789
0.0416679
0.0352579
0.0288466
0.0224368
0.0160256
0.00961592
0.00320474
0.236434
0.226069
0.222079
0.214186
0.208684
0.201717
0.195648
0.189028
0.182744
0.176259
0.169892
0.163457
0.15706
0.150643
0.144236
0.137824
0.131414
0.125003
0.118593
0.112183
0.105773
0.099362
0.0929517
0.0865413
0.0801308
0.0737206
0.06731
0.0608998
0.0544891
0.0480789
0.0416679
0.0352579
0.0288466
0.0224368
0.0160256
0.00961592
0.00320474
0.236442
0.226069
0.222079
0.214186
0.208684
0.201717
0.195648
0.189028
0.182744
0.176259
0.169892
0.163457
0.15706
0.150643
0.144236
0.137824
0.131414
0.125003
0.118593
0.112183
0.105773
0.099362
0.0929517
0.0865413
0.0801308
0.0737206
0.06731
0.0608998
0.0544891
0.0480789
0.0416679
0.0352579
0.0288466
0.0224368
0.0160256
0.00961592
0.00320474
0.236449
0.226069
0.222079
0.214186
0.208684
0.201717
0.195648
0.189028
0.182744
0.176259
0.169892
0.163457
0.15706
0.150643
0.144236
0.137824
0.131414
0.125003
0.118593
0.112183
0.105773
0.099362
0.0929517
0.0865413
0.0801308
0.0737206
0.06731
0.0608998
0.0544891
0.0480789
0.0416679
0.0352579
0.0288466
0.0224368
0.0160256
0.00961592
0.00320474
0.23644
0.226069
0.222079
0.214186
0.208684
0.201717
0.195648
0.189028
0.182744
0.176259
0.169892
0.163457
0.15706
0.150643
0.144236
0.137824
0.131414
0.125003
0.118593
0.112183
0.105773
0.099362
0.0929517
0.0865413
0.0801308
0.0737206
0.06731
0.0608998
0.0544891
0.0480789
0.0416679
0.0352579
0.0288466
0.0224368
0.0160256
0.00961592
0.00320474
0.236434
0.226069
0.222079
0.214186
0.208684
0.201717
0.195648
0.189028
0.182744
0.176259
0.169892
0.163457
0.15706
0.150643
0.144236
0.137824
0.131414
0.125003
0.118593
0.112183
0.105773
0.099362
0.0929517
0.0865413
0.0801308
0.0737206
0.06731
0.0608998
0.0544891
0.0480789
0.0416679
0.0352579
0.0288466
0.0224368
0.0160256
0.00961592
0.00320474
0.23643
0.226069
0.222079
0.214185
0.208684
0.201717
0.195648
0.189028
0.182744
0.176259
0.169892
0.163457
0.15706
0.150643
0.144236
0.137824
0.131414
0.125003
0.118593
0.112183
0.105773
0.099362
0.0929517
0.0865413
0.0801308
0.0737206
0.06731
0.0608998
0.0544891
0.0480789
0.0416679
0.0352579
0.0288466
0.0224368
0.0160256
0.00961592
0.00320474
0.236428
0.226069
0.222079
0.214185
0.208684
0.201717
0.195648
0.189028
0.182744
0.176259
0.169892
0.163457
0.15706
0.150643
0.144236
0.137824
0.131414
0.125003
0.118593
0.112183
0.105773
0.099362
0.0929517
0.0865413
0.0801308
0.0737206
0.06731
0.0608998
0.0544891
0.0480789
0.0416679
0.0352579
0.0288466
0.0224368
0.0160256
0.00961592
0.00320474
0.236428
0.226069
0.222079
0.214185
0.208684
0.201717
0.195648
0.189028
0.182744
0.176259
0.169892
0.163457
0.15706
0.150643
0.144236
0.137824
0.131414
0.125003
0.118593
0.112183
0.105773
0.099362
0.0929517
0.0865413
0.0801308
0.0737206
0.06731
0.0608998
0.0544891
0.0480789
0.0416679
0.0352579
0.0288466
0.0224368
0.0160256
0.00961592
0.00320474
0.23643
0.226069
0.222079
0.214185
0.208684
0.201717
0.195648
0.189028
0.182744
0.176259
0.169892
0.163457
0.15706
0.150643
0.144236
0.137824
0.131414
0.125003
0.118593
0.112183
0.105773
0.099362
0.0929517
0.0865413
0.0801308
0.0737206
0.06731
0.0608998
0.0544891
0.0480789
0.0416679
0.0352579
0.0288466
0.0224368
0.0160256
0.00961592
0.00320474
0.236434
0.226069
0.222079
0.214186
0.208684
0.201717
0.195648
0.189028
0.182744
0.176259
0.169892
0.163457
0.15706
0.150643
0.144236
0.137824
0.131414
0.125003
0.118593
0.112183
0.105773
0.099362
0.0929517
0.0865413
0.0801308
0.0737206
0.06731
0.0608998
0.0544891
0.0480789
0.0416679
0.0352579
0.0288466
0.0224368
0.0160256
0.00961592
0.00320474
0.23644
0.226069
0.222079
0.214186
0.208684
0.201717
0.195648
0.189028
0.182744
0.176259
0.169892
0.163457
0.15706
0.150643
0.144236
0.137824
0.131414
0.125003
0.118593
0.112183
0.105773
0.099362
0.0929517
0.0865413
0.0801308
0.0737206
0.06731
0.0608998
0.0544891
0.0480789
0.0416679
0.0352579
0.0288466
0.0224368
0.0160256
0.00961592
0.00320474
0.236449
0.226069
0.222079
0.214186
0.208684
0.201717
0.195648
0.189028
0.182744
0.176259
0.169892
0.163457
0.15706
0.150643
0.144236
0.137824
0.131414
0.125003
0.118593
0.112183
0.105773
0.099362
0.0929517
0.0865413
0.0801308
0.0737206
0.06731
0.0608998
0.0544891
0.0480789
0.0416679
0.0352579
0.0288466
0.0224368
0.0160256
0.00961592
0.00320474
0.236459
0.22607
0.222079
0.214186
0.208684
0.201717
0.195648
0.189028
0.182744
0.176259
0.169892
0.163457
0.15706
0.150643
0.144236
0.137824
0.131414
0.125003
0.118593
0.112183
0.105773
0.099362
0.0929517
0.0865413
0.0801308
0.0737206
0.06731
0.0608998
0.0544891
0.0480789
0.0416679
0.0352579
0.0288466
0.0224368
0.0160256
0.00961592
0.00320474
0.236449
0.226069
0.222079
0.214186
0.208684
0.201717
0.195648
0.189028
0.182744
0.176259
0.169892
0.163457
0.15706
0.150643
0.144236
0.137824
0.131414
0.125003
0.118593
0.112183
0.105773
0.099362
0.0929517
0.0865413
0.0801308
0.0737206
0.06731
0.0608998
0.0544891
0.0480789
0.0416679
0.0352579
0.0288466
0.0224368
0.0160256
0.00961592
0.00320474
0.236442
0.226069
0.222079
0.214186
0.208684
0.201717
0.195648
0.189028
0.182744
0.176259
0.169892
0.163457
0.15706
0.150643
0.144236
0.137824
0.131414
0.125003
0.118593
0.112183
0.105773
0.099362
0.0929517
0.0865413
0.0801308
0.0737206
0.06731
0.0608998
0.0544891
0.0480789
0.0416679
0.0352579
0.0288466
0.0224368
0.0160256
0.00961592
0.00320474
0.236439
0.226069
0.222079
0.214185
0.208684
0.201717
0.195648
0.189028
0.182744
0.176259
0.169892
0.163457
0.15706
0.150643
0.144236
0.137824
0.131414
0.125003
0.118593
0.112183
0.105773
0.099362
0.0929517
0.0865413
0.0801308
0.0737206
0.06731
0.0608998
0.0544891
0.0480789
0.0416679
0.0352579
0.0288466
0.0224368
0.0160256
0.00961592
0.00320474
0.236437
0.226069
0.222079
0.214185
0.208684
0.201717
0.195648
0.189028
0.182744
0.176259
0.169892
0.163457
0.15706
0.150643
0.144236
0.137824
0.131414
0.125003
0.118593
0.112183
0.105773
0.099362
0.0929517
0.0865413
0.0801308
0.0737206
0.06731
0.0608998
0.0544891
0.0480789
0.0416679
0.0352579
0.0288466
0.0224368
0.0160256
0.00961592
0.00320474
0.236437
0.226069
0.222079
0.214185
0.208684
0.201717
0.195648
0.189028
0.182744
0.176259
0.169892
0.163457
0.15706
0.150643
0.144236
0.137824
0.131414
0.125003
0.118593
0.112183
0.105773
0.099362
0.0929517
0.0865413
0.0801308
0.0737206
0.06731
0.0608998
0.0544891
0.0480789
0.0416679
0.0352579
0.0288466
0.0224368
0.0160256
0.00961592
0.00320474
0.236439
0.226069
0.222079
0.214185
0.208684
0.201717
0.195648
0.189028
0.182744
0.176259
0.169892
0.163457
0.15706
0.150643
0.144236
0.137824
0.131414
0.125003
0.118593
0.112183
0.105773
0.099362
0.0929517
0.0865413
0.0801308
0.0737206
0.06731
0.0608998
0.0544891
0.0480789
0.0416679
0.0352579
0.0288466
0.0224368
0.0160256
0.00961592
0.00320474
0.236442
0.226069
0.222079
0.214186
0.208684
0.201717
0.195648
0.189028
0.182744
0.176259
0.169892
0.163457
0.15706
0.150643
0.144236
0.137824
0.131414
0.125003
0.118593
0.112183
0.105773
0.099362
0.0929517
0.0865413
0.0801308
0.0737206
0.06731
0.0608998
0.0544891
0.0480789
0.0416679
0.0352579
0.0288466
0.0224368
0.0160256
0.00961592
0.00320474
0.236449
0.226069
0.222079
0.214186
0.208684
0.201717
0.195648
0.189028
0.182744
0.176259
0.169892
0.163457
0.15706
0.150643
0.144236
0.137824
0.131414
0.125003
0.118593
0.112183
0.105773
0.099362
0.0929517
0.0865413
0.0801308
0.0737206
0.06731
0.0608998
0.0544891
0.0480789
0.0416679
0.0352579
0.0288466
0.0224368
0.0160256
0.00961592
0.00320474
0.236459
0.22607
0.222079
0.214186
0.208684
0.201717
0.195648
0.189028
0.182744
0.176259
0.169892
0.163457
0.15706
0.150643
0.144236
0.137824
0.131414
0.125003
0.118593
0.112183
0.105773
0.099362
0.0929517
0.0865413
0.0801308
0.0737206
0.06731
0.0608998
0.0544891
0.0480789
0.0416679
0.0352579
0.0288466
0.0224368
0.0160256
0.00961592
0.00320474
)
;

boundaryField
{
    inlet
    {
        type            zeroGradient;
    }
    outlet
    {
        type            fixedValue;
        value           uniform 0;
    }
    Walls
    {
        type            zeroGradient;
    }
}


// ************************************************************************* //
