/*--------------------------------*- C++ -*----------------------------------*\
  =========                 |
  \\      /  F ield         | OpenFOAM: The Open Source CFD Toolbox
   \\    /   O peration     | Website:  https://openfoam.org
    \\  /    A nd           | Version:  13
     \\/     M anipulation  |
\*---------------------------------------------------------------------------*/
FoamFile
{
    format      ascii;
    class       volScalarField;
    location    "32";
    object      p;
}
// * * * * * * * * * * * * * * * * * * * * * * * * * * * * * * * * * * * * * //

dimensions      [0 2 -2 0 0 0 0];

internalField   nonuniform List<scalar> 
1372
(
229.173
214.706
208.477
200.164
191.954
183.808
175.632
167.464
159.296
151.126
142.957
134.788
126.619
118.45
110.282
102.112
93.9435
85.7739
77.6056
69.4359
61.2676
53.098
44.9297
36.7602
28.5917
20.4223
12.2537
4.08436
229.165
214.705
208.477
200.164
191.954
183.808
175.632
167.464
159.296
151.126
142.957
134.788
126.619
118.45
110.282
102.112
93.9435
85.7739
77.6056
69.4359
61.2676
53.098
44.9297
36.7602
28.5917
20.4223
12.2537
4.08436
229.161
214.705
208.477
200.164
191.954
183.808
175.632
167.464
159.296
151.126
142.957
134.788
126.619
118.45
110.282
102.112
93.9435
85.7739
77.6056
69.4359
61.2676
53.098
44.9297
36.7602
28.5917
20.4223
12.2537
4.08436
229.159
214.705
208.477
200.164
191.954
183.808
175.632
167.464
159.296
151.126
142.957
134.788
126.619
118.45
110.282
102.112
93.9435
85.7739
77.6056
69.4359
61.2676
53.098
44.9297
36.7602
28.5917
20.4223
12.2537
4.08436
229.161
214.705
208.477
200.164
191.954
183.808
175.632
167.464
159.296
151.126
142.957
134.788
126.619
118.45
110.282
102.112
93.9435
85.7739
77.6056
69.4359
61.2676
53.098
44.9297
36.7602
28.5917
20.4223
12.2537
4.08436
229.165
214.705
208.477
200.164
191.954
183.808
175.632
167.464
159.296
151.126
142.957
134.788
126.619
118.45
110.282
102.112
93.9435
85.7739
77.6056
69.4359
61.2676
53.098
44.9297
36.7602
28.5917
20.4223
12.2537
4.08436
229.173
214.706
208.477
200.164
191.954
183.808
175.632
167.464
159.296
151.126
142.957
134.788
126.619
118.45
110.282
102.112
93.9435
85.7739
77.6056
69.4359
61.2676
53.098
44.9297
36.7602
28.5917
20.4223
12.2537
4.08436
229.165
214.705
208.477
200.164
191.954
183.808
175.632
167.464
159.296
151.126
142.957
134.788
126.619
118.45
110.282
102.112
93.9435
85.7739
77.6056
69.4359
61.2676
53.098
44.9297
36.7602
28.5917
20.4223
12.2537
4.08436
229.157
214.705
208.477
200.164
191.954
183.808
175.632
167.464
159.296
151.126
142.957
134.788
126.619
118.45
110.282
102.112
93.9435
85.7739
77.6056
69.4359
61.2676
53.098
44.9297
36.7602
28.5917
20.4223
12.2537
4.08436
229.152
214.706
208.477
200.164
191.954
183.808
175.632
167.464
159.296
151.126
142.957
134.788
126.619
118.45
110.282
102.112
93.9435
85.7739
77.6056
69.4359
61.2676
53.098
44.9297
36.7602
28.5917
20.4223
12.2537
4.08436
229.151
214.706
208.477
200.164
191.954
183.808
175.632
167.464
159.296
151.126
142.957
134.788
126.619
118.45
110.282
102.112
93.9435
85.7739
77.6056
69.4359
61.2676
53.098
44.9297
36.7602
28.5917
20.4223
12.2537
4.08436
229.152
214.706
208.477
200.164
191.954
183.808
175.632
167.464
159.296
151.126
142.957
134.788
126.619
118.45
110.282
102.112
93.9435
85.7739
77.6056
69.4359
61.2676
53.098
44.9297
36.7602
28.5917
20.4223
12.2537
4.08436
229.157
214.705
208.477
200.164
191.954
183.808
175.632
167.464
159.296
151.126
142.957
134.788
126.619
118.45
110.282
102.112
93.9435
85.7739
77.6056
69.4359
61.2676
53.098
44.9297
36.7602
28.5917
20.4223
12.2537
4.08436
229.165
214.705
208.477
200.164
191.954
183.808
175.632
167.464
159.296
151.126
142.957
134.788
126.619
118.45
110.282
102.112
93.9435
85.7739
77.6056
69.4359
61.2676
53.098
44.9297
36.7602
28.5917
20.4223
12.2537
4.08436
229.161
214.705
208.477
200.164
191.954
183.808
175.632
167.464
159.296
151.126
142.957
134.788
126.619
118.45
110.282
102.112
93.9435
85.7739
77.6056
69.4359
61.2676
53.098
44.9297
36.7602
28.5917
20.4223
12.2537
4.08436
229.152
214.706
208.477
200.164
191.954
183.808
175.632
167.464
159.296
151.126
142.957
134.788
126.619
118.45
110.282
102.112
93.9435
85.7739
77.6056
69.4359
61.2676
53.098
44.9297
36.7602
28.5917
20.4223
12.2537
4.08436
229.148
214.706
208.477
200.164
191.954
183.808
175.632
167.464
159.296
151.126
142.957
134.788
126.619
118.45
110.282
102.112
93.9435
85.7739
77.6056
69.4359
61.2676
53.098
44.9297
36.7602
28.5917
20.4223
12.2537
4.08436
229.146
214.706
208.477
200.164
191.954
183.808
175.632
167.464
159.296
151.126
142.957
134.788
126.619
118.45
110.282
102.112
93.9435
85.7739
77.6056
69.4359
61.2676
53.098
44.9297
36.7602
28.5917
20.4223
12.2537
4.08436
229.148
214.706
208.477
200.164
191.954
183.808
175.632
167.464
159.296
151.126
142.957
134.788
126.619
118.45
110.282
102.112
93.9435
85.7739
77.6056
69.4359
61.2676
53.098
44.9297
36.7602
28.5917
20.4223
12.2537
4.08436
229.152
214.706
208.477
200.164
191.954
183.808
175.632
167.464
159.296
151.126
142.957
134.788
126.619
118.45
110.282
102.112
93.9435
85.7739
77.6056
69.4359
61.2676
53.098
44.9297
36.7602
28.5917
20.4223
12.2537
4.08436
229.161
214.705
208.477
200.164
191.954
183.808
175.632
167.464
159.296
151.126
142.957
134.788
126.619
118.45
110.282
102.112
93.9435
85.7739
77.6056
69.4359
61.2676
53.098
44.9297
36.7602
28.5917
20.4223
12.2537
4.08436
229.159
214.705
208.477
200.164
191.954
183.808
175.632
167.464
159.296
151.126
142.957
134.788
126.619
118.45
110.282
102.112
93.9435
85.7739
77.6056
69.4359
61.2676
53.098
44.9297
36.7602
28.5917
20.4223
12.2537
4.08436
229.151
214.706
208.477
200.164
191.954
183.808
175.632
167.464
159.296
151.126
142.957
134.788
126.619
118.45
110.282
102.112
93.9435
85.7739
77.6056
69.4359
61.2676
53.098
44.9297
36.7602
28.5917
20.4223
12.2537
4.08436
229.146
214.706
208.477
200.164
191.954
183.808
175.632
167.464
159.296
151.126
142.957
134.788
126.619
118.45
110.282
102.112
93.9435
85.7739
77.6056
69.4359
61.2676
53.098
44.9297
36.7602
28.5917
20.4223
12.2537
4.08436
229.145
214.707
208.477
200.164
191.954
183.808
175.632
167.464
159.296
151.126
142.957
134.788
126.619
118.45
110.282
102.112
93.9435
85.7739
77.6056
69.4359
61.2676
53.098
44.9297
36.7602
28.5917
20.4223
12.2537
4.08436
229.146
214.706
208.477
200.164
191.954
183.808
175.632
167.464
159.296
151.126
142.957
134.788
126.619
118.45
110.282
102.112
93.9435
85.7739
77.6056
69.4359
61.2676
53.098
44.9297
36.7602
28.5917
20.4223
12.2537
4.08436
229.151
214.706
208.477
200.164
191.954
183.808
175.632
167.464
159.296
151.126
142.957
134.788
126.619
118.45
110.282
102.112
93.9435
85.7739
77.6056
69.4359
61.2676
53.098
44.9297
36.7602
28.5917
20.4223
12.2537
4.08436
229.159
214.705
208.477
200.164
191.954
183.808
175.632
167.464
159.296
151.126
142.957
134.788
126.619
118.45
110.282
102.112
93.9435
85.7739
77.6056
69.4359
61.2676
53.098
44.9297
36.7602
28.5917
20.4223
12.2537
4.08436
229.161
214.705
208.477
200.164
191.954
183.808
175.632
167.464
159.296
151.126
142.957
134.788
126.619
118.45
110.282
102.112
93.9435
85.7739
77.6056
69.4359
61.2676
53.098
44.9297
36.7602
28.5917
20.4223
12.2537
4.08436
229.152
214.706
208.477
200.164
191.954
183.808
175.632
167.464
159.296
151.126
142.957
134.788
126.619
118.45
110.282
102.112
93.9435
85.7739
77.6056
69.4359
61.2676
53.098
44.9297
36.7602
28.5917
20.4223
12.2537
4.08436
229.148
214.706
208.477
200.164
191.954
183.808
175.632
167.464
159.296
151.126
142.957
134.788
126.619
118.45
110.282
102.112
93.9435
85.7739
77.6056
69.4359
61.2676
53.098
44.9297
36.7602
28.5917
20.4223
12.2537
4.08436
229.146
214.706
208.477
200.164
191.954
183.808
175.632
167.464
159.296
151.126
142.957
134.788
126.619
118.45
110.282
102.112
93.9435
85.7739
77.6056
69.4359
61.2676
53.098
44.9297
36.7602
28.5917
20.4223
12.2537
4.08436
229.148
214.706
208.477
200.164
191.954
183.808
175.632
167.464
159.296
151.126
142.957
134.788
126.619
118.45
110.282
102.112
93.9435
85.7739
77.6056
69.4359
61.2676
53.098
44.9297
36.7602
28.5917
20.4223
12.2537
4.08436
229.152
214.706
208.477
200.164
191.954
183.808
175.632
167.464
159.296
151.126
142.957
134.788
126.619
118.45
110.282
102.112
93.9435
85.7739
77.6056
69.4359
61.2676
53.098
44.9297
36.7602
28.5917
20.4223
12.2537
4.08436
229.161
214.705
208.477
200.164
191.954
183.808
175.632
167.464
159.296
151.126
142.957
134.788
126.619
118.45
110.282
102.112
93.9435
85.7739
77.6056
69.4359
61.2676
53.098
44.9297
36.7602
28.5917
20.4223
12.2537
4.08436
229.165
214.705
208.477
200.164
191.954
183.808
175.632
167.464
159.296
151.126
142.957
134.788
126.619
118.45
110.282
102.112
93.9435
85.7739
77.6056
69.4359
61.2676
53.098
44.9297
36.7602
28.5917
20.4223
12.2537
4.08436
229.157
214.705
208.477
200.164
191.954
183.808
175.632
167.464
159.296
151.126
142.957
134.788
126.619
118.45
110.282
102.112
93.9435
85.7739
77.6056
69.4359
61.2676
53.098
44.9297
36.7602
28.5917
20.4223
12.2537
4.08436
229.152
214.706
208.477
200.164
191.954
183.808
175.632
167.464
159.296
151.126
142.957
134.788
126.619
118.45
110.282
102.112
93.9435
85.7739
77.6056
69.4359
61.2676
53.098
44.9297
36.7602
28.5917
20.4223
12.2537
4.08436
229.151
214.706
208.477
200.164
191.954
183.808
175.632
167.464
159.296
151.126
142.957
134.788
126.619
118.45
110.282
102.112
93.9435
85.7739
77.6056
69.4359
61.2676
53.098
44.9297
36.7602
28.5917
20.4223
12.2537
4.08436
229.152
214.706
208.477
200.164
191.954
183.808
175.632
167.464
159.296
151.126
142.957
134.788
126.619
118.45
110.282
102.112
93.9435
85.7739
77.6056
69.4359
61.2676
53.098
44.9297
36.7602
28.5917
20.4223
12.2537
4.08436
229.157
214.705
208.477
200.164
191.954
183.808
175.632
167.464
159.296
151.126
142.957
134.788
126.619
118.45
110.282
102.112
93.9435
85.7739
77.6056
69.4359
61.2676
53.098
44.9297
36.7602
28.5917
20.4223
12.2537
4.08436
229.165
214.705
208.477
200.164
191.954
183.808
175.632
167.464
159.296
151.126
142.957
134.788
126.619
118.45
110.282
102.112
93.9435
85.7739
77.6056
69.4359
61.2676
53.098
44.9297
36.7602
28.5917
20.4223
12.2537
4.08436
229.173
214.706
208.477
200.164
191.954
183.808
175.632
167.464
159.296
151.126
142.957
134.788
126.619
118.45
110.282
102.112
93.9435
85.7739
77.6056
69.4359
61.2676
53.098
44.9297
36.7602
28.5917
20.4223
12.2537
4.08436
229.165
214.705
208.477
200.164
191.954
183.808
175.632
167.464
159.296
151.126
142.957
134.788
126.619
118.45
110.282
102.112
93.9435
85.7739
77.6056
69.4359
61.2676
53.098
44.9297
36.7602
28.5917
20.4223
12.2537
4.08436
229.161
214.705
208.477
200.164
191.954
183.808
175.632
167.464
159.296
151.126
142.957
134.788
126.619
118.45
110.282
102.112
93.9435
85.7739
77.6056
69.4359
61.2676
53.098
44.9297
36.7602
28.5917
20.4223
12.2537
4.08436
229.159
214.705
208.477
200.164
191.954
183.808
175.632
167.464
159.296
151.126
142.957
134.788
126.619
118.45
110.282
102.112
93.9435
85.7739
77.6056
69.4359
61.2676
53.098
44.9297
36.7602
28.5917
20.4223
12.2537
4.08436
229.161
214.705
208.477
200.164
191.954
183.808
175.632
167.464
159.296
151.126
142.957
134.788
126.619
118.45
110.282
102.112
93.9435
85.7739
77.6056
69.4359
61.2676
53.098
44.9297
36.7602
28.5917
20.4223
12.2537
4.08436
229.165
214.705
208.477
200.164
191.954
183.808
175.632
167.464
159.296
151.126
142.957
134.788
126.619
118.45
110.282
102.112
93.9435
85.7739
77.6056
69.4359
61.2676
53.098
44.9297
36.7602
28.5917
20.4223
12.2537
4.08436
229.173
214.706
208.477
200.164
191.954
183.808
175.632
167.464
159.296
151.126
142.957
134.788
126.619
118.45
110.282
102.112
93.9435
85.7739
77.6056
69.4359
61.2676
53.098
44.9297
36.7602
28.5917
20.4223
12.2537
4.08436
)
;

boundaryField
{
    inlet
    {
        type            zeroGradient;
    }
    outlet
    {
        type            fixedValue;
        value           uniform 0;
    }
    Walls
    {
        type            zeroGradient;
    }
}


// ************************************************************************* //
