/*--------------------------------*- C++ -*----------------------------------*\
  =========                 |
  \\      /  F ield         | OpenFOAM: The Open Source CFD Toolbox
   \\    /   O peration     | Website:  https://openfoam.org
    \\  /    A nd           | Version:  13
     \\/     M anipulation  |
\*---------------------------------------------------------------------------*/
FoamFile
{
    format      ascii;
    class       surfaceScalarField;
    location    "32";
    object      phi;
}
// * * * * * * * * * * * * * * * * * * * * * * * * * * * * * * * * * * * * * //

dimensions      [0 3 -1 0 0 0 0];

internalField   nonuniform List<scalar> 
3675
(
1.10418e-10
1.14892e-10
1.14892e-10
8.09803e-11
1.47193e-11
1.47196e-11
8.49346e-11
-1.97886e-12
-1.97959e-12
8.59716e-11
-5.16792e-13
-5.16424e-13
8.57444e-11
1.12675e-13
1.12761e-13
8.58026e-11
-2.81504e-14
-2.81697e-14
8.5792e-11
5.53293e-15
5.38806e-15
8.57875e-11
2.13506e-15
2.20428e-15
8.57923e-11
-2.07807e-15
-2.11483e-15
8.57889e-11
1.51687e-15
1.54752e-15
8.57918e-11
-1.25941e-15
-1.29197e-15
8.57888e-11
1.37777e-15
1.39618e-15
8.5792e-11
-1.41125e-15
-1.44269e-15
8.57885e-11
1.56401e-15
1.57811e-15
8.57923e-11
-1.63583e-15
-1.64478e-15
8.57885e-11
1.71799e-15
1.75739e-15
8.57925e-11
-1.74327e-15
-1.7745e-15
8.57882e-11
1.86748e-15
1.90965e-15
8.57926e-11
-1.92152e-15
-1.95285e-15
8.57882e-11
1.89679e-15
1.93967e-15
8.57923e-11
-1.8201e-15
-1.8652e-15
8.57882e-11
1.8454e-15
1.77298e-15
8.57918e-11
-1.69053e-15
-1.57609e-15
8.57887e-11
1.37115e-15
1.34978e-15
8.57915e-11
-1.27907e-15
-1.30413e-15
8.57888e-11
1.07595e-15
1.1054e-15
8.57912e-11
-9.80773e-16
-1.00741e-15
8.69872e-16
8.75699e-16
1.88946e-10
9.49119e-11
1.71237e-10
1.61675e-10
1.45262e-11
2.7466e-11
1.6409e-10
-1.54069e-12
-2.86349e-12
1.65731e-10
-7.97995e-13
-1.35029e-12
1.65572e-10
9.05055e-14
1.7636e-13
1.65602e-10
-1.9196e-14
-3.44312e-14
1.65596e-10
5.87564e-15
7.09362e-15
1.6559e-10
2.38965e-15
5.14744e-15
1.65595e-10
-1.29676e-15
-4.35646e-15
1.65592e-10
8.91497e-16
3.23187e-15
1.65595e-10
-5.28778e-16
-2.8944e-15
1.65591e-10
8.11216e-16
3.06104e-15
1.65595e-10
-6.63515e-16
-3.21801e-15
1.65591e-10
9.25545e-16
3.44643e-15
1.65595e-10
-7.70277e-16
-3.66681e-15
1.65591e-10
9.84602e-16
3.85962e-15
1.65596e-10
-8.47251e-16
-3.94667e-15
1.65591e-10
9.5456e-16
4.23829e-15
1.65596e-10
-1.01075e-15
-4.3313e-15
1.65591e-10
9.7275e-16
4.28328e-15
1.65595e-10
-9.86391e-16
-4.10659e-15
1.65591e-10
1.12645e-15
3.91232e-15
1.65595e-10
-1.26368e-15
-3.43465e-15
1.65591e-10
6.3771e-16
3.06957e-15
1.65594e-10
-8.06592e-16
-2.8029e-15
1.65591e-10
4.15244e-16
2.40232e-15
1.65594e-10
-5.14671e-16
-2.12818e-15
4.37108e-16
2.02296e-15
2.20848e-10
3.48233e-11
1.79443e-10
2.00372e-10
5.55535e-12
2.94491e-11
2.02133e-10
-4.98724e-13
-2.81372e-12
2.03491e-10
-3.70177e-13
-1.777e-12
2.03378e-10
2.59994e-14
1.73462e-13
2.03399e-10
-4.12689e-15
-3.16016e-14
2.03394e-10
2.80223e-15
8.59e-15
2.03389e-10
6.61761e-16
6.38699e-15
2.03394e-10
2.07262e-16
-4.97242e-15
2.03391e-10
-2.37777e-16
3.72601e-15
2.03394e-10
3.2479e-16
-3.10588e-15
2.03391e-10
-1.56705e-16
3.4483e-15
2.03394e-10
3.07947e-16
-3.51631e-15
2.03391e-10
-1.67426e-16
3.89254e-15
2.03395e-10
3.6208e-16
-4.00553e-15
2.03391e-10
-2.35693e-16
4.35387e-15
2.03395e-10
3.71619e-16
-4.34687e-15
2.03391e-10
-3.64406e-16
4.70919e-15
2.03395e-10
3.51134e-16
-4.82289e-15
2.03391e-10
-3.85375e-16
4.78469e-15
2.03395e-10
2.95041e-16
-4.57424e-15
2.0339e-10
-5.57279e-17
4.34692e-15
2.03394e-10
-1.71212e-16
-3.98772e-15
2.03391e-10
-2.88608e-16
3.32625e-15
2.03394e-10
1.27363e-16
-3.25729e-15
2.03391e-10
-3.6411e-16
2.56171e-15
2.03393e-10
2.44301e-16
-2.4025e-15
-2.02202e-16
2.36661e-15
2.29863e-10
-3.48251e-11
1.79988e-10
2.11913e-10
-5.55762e-12
2.90657e-11
2.13675e-10
4.94913e-13
-2.76547e-12
2.14828e-10
3.81306e-13
-1.89705e-12
2.14716e-10
-3.28676e-14
1.67952e-13
2.14737e-10
8.79082e-15
-3.04e-14
2.14733e-10
-1.87096e-15
9.41961e-15
2.14728e-10
-1.55062e-15
6.45006e-15
2.14733e-10
1.50207e-15
-4.87608e-15
2.1473e-10
-1.13766e-15
3.65928e-15
2.14733e-10
8.3977e-16
-2.90894e-15
2.1473e-10
-8.75435e-16
3.29384e-15
2.14733e-10
9.27828e-16
-3.30837e-15
2.1473e-10
-9.89365e-16
3.72866e-15
2.14734e-10
1.09372e-15
-3.76863e-15
2.1473e-10
-1.14813e-15
4.17019e-15
2.14734e-10
1.16219e-15
-4.10493e-15
2.1473e-10
-1.27902e-15
4.47227e-15
2.14734e-10
1.28644e-15
-4.56915e-15
2.1473e-10
-1.33603e-15
4.55028e-15
2.14734e-10
1.1833e-15
-4.32813e-15
2.14729e-10
-9.48827e-16
4.13541e-15
2.14733e-10
8.00019e-16
-3.88015e-15
2.1473e-10
-8.35119e-16
3.07912e-15
2.14732e-10
8.74977e-16
-3.14989e-15
2.1473e-10
-8.32833e-16
2.36742e-15
2.14732e-10
8.36681e-16
-2.31319e-15
-6.27743e-16
2.32293e-15
2.20848e-10
-9.49133e-11
1.79443e-10
2.00371e-10
-1.45273e-11
2.94491e-11
2.02133e-10
1.53629e-12
-2.8124e-12
2.03491e-10
8.0655e-13
-1.77697e-12
2.03378e-10
-9.5455e-14
1.72672e-13
2.03399e-10
2.28258e-14
-3.12991e-14
2.03394e-10
-5.24126e-15
8.3836e-15
2.03389e-10
-3.02559e-15
6.30049e-15
2.03394e-10
2.64185e-15
-4.95592e-15
2.03391e-10
-1.87332e-15
3.64853e-15
2.03394e-10
1.45114e-15
-3.0894e-15
2.03391e-10
-1.57089e-15
3.38866e-15
2.03394e-10
1.62718e-15
-3.49785e-15
2.03391e-10
-1.77492e-15
3.81128e-15
2.03395e-10
1.90256e-15
-3.95593e-15
2.03391e-10
-2.00725e-15
4.27545e-15
2.03395e-10
2.01344e-15
-4.29845e-15
2.03391e-10
-2.2065e-15
4.64575e-15
2.03395e-10
2.24878e-15
-4.75244e-15
2.03391e-10
-2.27782e-15
4.70466e-15
2.03395e-10
2.11445e-15
-4.51086e-15
2.0339e-10
-1.97727e-15
4.24933e-15
2.03394e-10
1.72795e-15
-3.82396e-15
2.03391e-10
-1.53529e-15
3.31386e-15
2.03394e-10
1.52081e-15
-3.1622e-15
2.03391e-10
-1.35689e-15
2.51048e-15
2.03393e-10
1.32566e-15
-2.34758e-15
-1.05057e-15
2.39005e-15
1.88946e-10
-1.14893e-10
1.71237e-10
1.61674e-10
-1.47185e-11
2.74664e-11
1.6409e-10
1.97528e-12
-2.86381e-12
1.65731e-10
5.20579e-13
-1.34915e-12
1.65572e-10
-1.14836e-13
1.75179e-13
1.65602e-10
3.00816e-14
-3.36418e-14
1.65596e-10
-5.45318e-15
6.76091e-15
1.6559e-10
-2.34248e-15
4.95765e-15
1.65595e-10
2.68533e-15
-4.12115e-15
1.65592e-10
-1.86987e-15
3.0792e-15
1.65595e-10
1.63846e-15
-2.68081e-15
1.65591e-10
-1.65662e-15
2.89542e-15
1.65595e-10
1.80018e-15
-3.01864e-15
1.65591e-10
-1.88667e-15
3.24752e-15
1.65595e-10
2.12456e-15
-3.40832e-15
1.65591e-10
-2.08743e-15
3.6342e-15
1.65596e-10
2.20671e-15
-3.7112e-15
1.65591e-10
-2.36053e-15
3.96392e-15
1.65596e-10
2.40914e-15
-4.06263e-15
1.65591e-10
-2.41645e-15
3.99352e-15
1.65595e-10
2.26304e-15
-3.84069e-15
1.65591e-10
-2.38036e-15
3.56815e-15
1.65595e-10
1.98819e-15
-3.18784e-15
1.65591e-10
-1.76778e-15
2.87319e-15
1.65594e-10
1.52658e-15
-2.62914e-15
1.65591e-10
-1.49155e-15
2.14306e-15
1.65594e-10
1.32967e-15
-1.95634e-15
-1.09947e-15
2.04013e-15
1.10418e-10
1.14892e-10
8.09802e-11
1.47204e-11
8.49346e-11
-1.98089e-12
8.59717e-11
-5.15407e-13
8.57444e-11
1.11878e-13
8.58026e-11
-2.74348e-14
8.5792e-11
5.14917e-15
8.57875e-11
2.14131e-15
8.57923e-11
-1.94612e-15
8.57889e-11
1.47959e-15
8.57918e-11
-1.17404e-15
8.57888e-11
1.32924e-15
8.5792e-11
-1.33785e-15
8.57885e-11
1.49763e-15
8.57923e-11
-1.4943e-15
8.57885e-11
1.66738e-15
8.57925e-11
-1.65391e-15
8.57882e-11
1.7747e-15
8.57926e-11
-1.81118e-15
8.57882e-11
1.79222e-15
8.57923e-11
-1.72604e-15
8.57882e-11
1.53112e-15
8.57918e-11
-1.44989e-15
8.57886e-11
1.21843e-15
8.57915e-11
-1.23999e-15
8.57888e-11
9.66036e-16
8.57912e-11
-9.26598e-16
8.31073e-16
1.88946e-10
1.71237e-10
9.49122e-11
1.61675e-10
2.74648e-11
1.45276e-11
1.6409e-10
-2.86192e-12
-1.54296e-12
1.65731e-10
-1.35035e-12
-7.97592e-13
1.65572e-10
1.76131e-13
9.08198e-14
1.65602e-10
-3.45309e-14
-1.90996e-14
1.65596e-10
7.44765e-15
5.38665e-15
1.6559e-10
5.06024e-15
2.54786e-15
1.65595e-10
-4.29418e-15
-1.38464e-15
1.65592e-10
3.15186e-15
1.00479e-15
1.65595e-10
-2.82716e-15
-6.20815e-16
1.65591e-10
3.00645e-15
8.85611e-16
1.65595e-10
-3.14163e-15
-7.62465e-16
1.65591e-10
3.39162e-15
9.97299e-16
1.65595e-10
-3.62913e-15
-8.20069e-16
1.65591e-10
3.75685e-15
1.11785e-15
1.65596e-10
-3.87084e-15
-9.55453e-16
1.65591e-10
4.13605e-15
1.08856e-15
1.65596e-10
-4.25418e-15
-1.12053e-15
1.65591e-10
4.17786e-15
1.11004e-15
1.65595e-10
-4.02882e-15
-1.10808e-15
1.65591e-10
4.04546e-15
9.19255e-16
1.65595e-10
-3.56174e-15
-1.02251e-15
1.65591e-10
3.06942e-15
6.1914e-16
1.65594e-10
-2.72777e-15
-9.01627e-16
1.65591e-10
2.34785e-15
4.92513e-16
1.65594e-10
-2.06167e-15
-5.9419e-16
2.00745e-15
4.71911e-16
3.6427e-10
1.59202e-10
1.59202e-10
3.55074e-10
3.20645e-11
3.20673e-11
3.53597e-10
-2.13552e-12
-2.1385e-12
3.55082e-10
-2.08122e-12
-2.0819e-12
3.55273e-10
7.51357e-14
7.57172e-14
3.55227e-10
-6.13159e-15
-5.77606e-15
3.55227e-10
8.86693e-15
7.90537e-15
3.55225e-10
5.43325e-15
5.57875e-15
3.55225e-10
-2.03267e-15
-2.17065e-15
3.55227e-10
1.18622e-15
1.40412e-15
3.55225e-10
-1.01801e-15
-1.15933e-15
3.55227e-10
1.39849e-15
1.52431e-15
3.55226e-10
-1.22399e-15
-1.38998e-15
3.55227e-10
1.55409e-15
1.65578e-15
3.55226e-10
-1.41819e-15
-1.48125e-15
3.55228e-10
1.70836e-15
1.92143e-15
3.55226e-10
-1.50426e-15
-1.68045e-15
3.55228e-10
1.71898e-15
1.92914e-15
3.55226e-10
-1.81092e-15
-1.99322e-15
3.55228e-10
1.70996e-15
1.92326e-15
3.55226e-10
-1.77213e-15
-1.95242e-15
3.55227e-10
1.98453e-15
1.54531e-15
3.55226e-10
-2.02005e-15
-1.58835e-15
3.55227e-10
1.24036e-15
1.25181e-15
3.55225e-10
-1.3361e-15
-1.48543e-15
3.55225e-10
8.23593e-16
9.42913e-16
3.55225e-10
-6.98522e-16
-8.73393e-16
6.4126e-16
7.09145e-16
4.44186e-10
6.12169e-11
1.73444e-10
4.55489e-10
1.33855e-11
3.68296e-11
4.52965e-10
-6.11775e-13
-1.83709e-12
4.52873e-10
-9.70614e-13
-2.77485e-12
4.53116e-10
-3.75502e-15
-2.56921e-16
4.53077e-10
4.71267e-15
6.24935e-15
4.53079e-10
5.23415e-15
1.19807e-14
4.53081e-10
2.12957e-15
7.11861e-15
4.5308e-10
1.68196e-16
-2.55229e-15
4.53082e-10
-2.7688e-16
1.68762e-15
4.53081e-10
2.097e-16
-1.24227e-15
4.53082e-10
5.50108e-17
1.77057e-15
4.53081e-10
1.72034e-16
-1.53724e-15
4.53083e-10
6.27962e-17
1.92066e-15
4.53082e-10
1.85631e-16
-1.62232e-15
4.53084e-10
1.13603e-17
2.2528e-15
4.53082e-10
1.99178e-16
-1.87137e-15
4.53084e-10
-1.46921e-16
2.20685e-15
4.53082e-10
8.92788e-17
-2.26797e-15
4.53084e-10
-1.80142e-16
2.2168e-15
4.53082e-10
1.36948e-17
-2.2155e-15
4.53083e-10
4.33999e-16
1.71108e-15
4.53081e-10
-6.96251e-16
-1.91854e-15
4.53082e-10
-8.50421e-17
1.35458e-15
4.53081e-10
-1.01581e-16
-1.79204e-15
4.53081e-10
-2.54275e-16
9.87652e-16
4.53081e-10
3.27988e-16
-1.07934e-15
-2.98561e-16
9.07214e-16
4.67527e-10
-6.12195e-11
1.75099e-10
4.86308e-10
-1.33909e-11
3.70674e-11
4.84006e-10
6.03297e-13
-1.70199e-12
4.83141e-10
9.87405e-13
-2.97258e-12
4.83334e-10
-3.73811e-15
-3.34254e-14
4.83307e-10
1.13042e-15
9.7001e-15
4.83312e-10
-2.4865e-15
1.36722e-14
4.83315e-10
-3.00658e-15
7.54696e-15
4.83314e-10
2.30794e-15
-2.63182e-15
4.83316e-10
-1.45151e-15
1.7508e-15
4.83315e-10
1.27194e-15
-1.21403e-15
4.83316e-10
-1.2557e-15
1.78982e-15
4.83315e-10
1.43114e-15
-1.52173e-15
4.83317e-10
-1.37003e-15
1.93641e-15
4.83316e-10
1.64851e-15
-1.60845e-15
4.83318e-10
-1.61145e-15
2.27432e-15
4.83316e-10
1.71863e-15
-1.87194e-15
4.83318e-10
-1.87822e-15
2.20779e-15
4.83316e-10
1.8666e-15
-2.27607e-15
4.83318e-10
-1.92149e-15
2.21984e-15
4.83316e-10
1.70691e-15
-2.20713e-15
4.83317e-10
-1.24176e-15
1.62206e-15
4.83315e-10
8.47091e-16
-1.90127e-15
4.83316e-10
-1.33769e-15
1.33267e-15
4.83315e-10
1.09542e-15
-1.82106e-15
4.83315e-10
-1.23365e-15
9.64461e-16
4.83315e-10
1.30517e-15
-1.11178e-15
-9.82709e-16
9.6464e-16
4.44186e-10
-1.59204e-10
1.73444e-10
4.55489e-10
-3.20672e-11
3.68304e-11
4.52965e-10
2.12693e-12
-1.83574e-12
4.52873e-10
2.09446e-12
-2.77644e-12
4.53116e-10
-8.12477e-14
-1.6098e-16
4.53078e-10
1.14167e-14
6.03466e-15
4.53079e-10
-6.99237e-15
1.13914e-14
4.53081e-10
-6.03714e-15
7.13025e-15
4.5308e-10
4.0807e-15
-2.74406e-15
4.53082e-10
-2.47938e-15
1.85133e-15
4.53081e-10
2.17386e-15
-1.33241e-15
4.53082e-10
-2.32157e-15
1.87511e-15
4.53081e-10
2.48193e-15
-1.66171e-15
4.53083e-10
-2.59399e-15
2.02931e-15
4.53082e-10
2.92036e-15
-1.77049e-15
4.53084e-10
-2.92616e-15
2.36015e-15
4.53082e-10
3.00755e-15
-2.05507e-15
4.53084e-10
-3.30389e-15
2.34329e-15
4.53082e-10
3.32806e-15
-2.43227e-15
4.53084e-10
-3.36954e-15
2.34887e-15
4.53082e-10
3.08952e-15
-2.33553e-15
4.53083e-10
-2.98498e-15
1.68149e-15
4.53081e-10
2.4732e-15
-1.8662e-15
4.53082e-10
-2.38878e-15
1.48129e-15
4.53081e-10
2.09562e-15
-1.85568e-15
4.53081e-10
-2.09978e-15
1.08534e-15
4.53081e-10
2.0835e-15
-1.15272e-15
-1.46272e-15
1.05595e-15
3.6427e-10
-1.71238e-10
1.59203e-10
3.55073e-10
-2.74648e-11
3.2068e-11
3.53597e-10
2.857e-12
-2.13641e-12
3.55083e-10
1.3556e-12
-2.08422e-12
3.55273e-10
-1.7867e-13
7.61455e-14
3.55228e-10
3.70725e-14
-6.30296e-15
3.55227e-10
-6.95024e-15
7.10146e-15
3.55226e-10
-5.24827e-15
5.6288e-15
3.55225e-10
5.19095e-15
-2.47697e-15
3.55227e-10
-3.59748e-15
1.68359e-15
3.55226e-10
3.28525e-15
-1.29658e-15
3.55227e-10
-3.3532e-15
1.69259e-15
3.55226e-10
3.63551e-15
-1.58226e-15
3.55227e-10
-3.80628e-15
1.83247e-15
3.55226e-10
4.27814e-15
-1.69731e-15
3.55228e-10
-4.19655e-15
2.11553e-15
3.55226e-10
4.45713e-15
-1.95584e-15
3.55228e-10
-4.75322e-15
2.15795e-15
3.55226e-10
4.83655e-15
-2.24442e-15
3.55228e-10
-4.83594e-15
2.15283e-15
3.55226e-10
4.53556e-15
-2.14671e-15
3.55227e-10
-4.70111e-15
1.54938e-15
3.55226e-10
3.94099e-15
-1.58253e-15
3.55227e-10
-3.5622e-15
1.441e-15
3.55225e-10
2.99695e-15
-1.61712e-15
3.55225e-10
-2.96672e-15
1.07509e-15
3.55225e-10
2.71526e-15
-1.0137e-15
-2.1432e-15
9.51411e-16
1.88946e-10
9.49125e-11
1.61674e-10
1.45281e-11
1.6409e-10
-1.54175e-12
1.65731e-10
-7.99355e-13
1.65572e-10
9.11467e-14
1.65602e-10
-1.95053e-14
1.65596e-10
4.84698e-15
1.6559e-10
2.66297e-15
1.65595e-10
-1.63937e-15
1.65592e-10
1.2095e-15
1.65595e-10
-8.02772e-16
1.65591e-10
1.04803e-15
1.65595e-10
-9.72058e-16
1.65591e-10
1.18372e-15
1.65595e-10
-1.05481e-15
1.65591e-10
1.32029e-15
1.65596e-10
-1.22578e-15
1.65591e-10
1.34083e-15
1.65596e-10
-1.37393e-15
1.65591e-10
1.3573e-15
1.65595e-10
-1.3145e-15
1.65591e-10
1.03219e-15
1.65595e-10
-1.09188e-15
1.65591e-10
7.99362e-16
1.65594e-10
-1.03114e-15
1.65591e-10
6.68155e-16
1.65594e-10
-7.19404e-16
6.10328e-16
2.20848e-10
1.79443e-10
3.48237e-11
2.00372e-10
2.94477e-11
5.55744e-12
2.02133e-10
-2.81223e-12
-5.01524e-13
2.03491e-10
-1.77673e-12
-3.70368e-13
2.03378e-10
1.73261e-13
2.66381e-14
2.03399e-10
-3.1808e-14
-4.06561e-15
2.03394e-10
8.98991e-15
2.08537e-15
2.03389e-10
6.33094e-15
8.89131e-16
2.03394e-10
-4.91736e-15
5.12758e-17
2.03391e-10
3.63992e-15
-2.35884e-17
2.03394e-10
-3.04341e-15
1.72086e-16
2.03391e-10
3.38639e-15
-4.2285e-18
2.03394e-10
-3.43817e-15
1.3775e-16
2.03391e-10
3.83499e-15
-9.57616e-18
2.03395e-10
-3.96183e-15
2.18842e-16
2.03391e-10
4.24534e-15
-1.29613e-17
2.03395e-10
-4.26481e-15
1.51413e-16
2.03391e-10
4.60636e-15
-1.35865e-16
2.03395e-10
-4.7375e-15
1.26819e-16
2.03391e-10
4.67914e-15
-1.50287e-16
2.03395e-10
-4.49949e-15
7.70135e-17
2.0339e-10
4.50172e-15
-2.76663e-16
2.03394e-10
-4.09136e-15
6.13417e-17
2.03391e-10
3.29219e-15
-2.3354e-16
2.03394e-10
-3.17935e-15
-3.13838e-17
2.03391e-10
2.50621e-15
-2.15615e-16
2.03393e-10
-2.33643e-15
1.12052e-16
2.35273e-15
-1.15159e-16
4.44186e-10
1.73443e-10
6.12174e-11
4.55489e-10
3.6826e-11
1.33894e-11
4.52965e-10
-1.83381e-12
-6.15336e-13
4.52873e-10
-2.77364e-12
-9.72076e-13
4.53116e-10
-8.53666e-16
-2.87852e-15
4.53077e-10
5.72523e-15
5.18448e-15
4.53079e-10
1.30845e-14
3.9193e-15
4.53081e-10
7.03869e-15
2.28248e-15
4.5308e-10
-2.3885e-15
-2.23759e-17
4.53082e-10
1.43187e-15
4.67122e-17
4.53081e-10
-1.08734e-15
2.82147e-17
4.53082e-10
1.62303e-15
2.32758e-16
4.53081e-10
-1.34118e-15
-4.4589e-17
4.53083e-10
1.80219e-15
2.07396e-16
4.53082e-10
-1.5417e-15
8.40038e-17
4.53084e-10
1.98955e-15
2.8926e-16
4.53082e-10
-1.67066e-15
-5.2027e-17
4.53084e-10
1.9577e-15
1.26038e-16
4.53082e-10
-2.05887e-15
-1.7083e-16
4.53084e-10
1.96435e-15
9.54263e-17
4.53082e-10
-2.02872e-15
-2.35111e-16
4.53083e-10
2.24389e-15
-1.93891e-16
4.53081e-10
-2.35143e-15
-9.10033e-17
4.53082e-10
1.28733e-15
-3.74156e-17
4.53081e-10
-1.60659e-15
-2.96487e-16
4.53081e-10
8.54993e-16
-8.18021e-17
4.53081e-10
-8.85807e-16
8.56961e-17
8.37864e-16
-1.94422e-16
5.50819e-10
6.81342e-11
6.81348e-11
5.92528e-10
1.59737e-11
1.59785e-11
5.89642e-10
-4.01923e-13
-4.05966e-13
5.86715e-10
-1.30036e-12
-1.30238e-12
5.86816e-10
-5.60457e-14
-5.51705e-14
5.86816e-10
1.0642e-14
1.13192e-14
5.86828e-10
8.156e-15
6.68001e-15
5.86836e-10
2.88423e-15
2.96541e-15
5.86834e-10
1.62967e-16
-5.39831e-17
5.86836e-10
-2.1475e-16
1.53588e-16
5.86835e-10
2.63789e-16
6.97338e-17
5.86836e-10
8.39829e-17
2.89103e-16
5.86835e-10
2.3074e-16
-1.80628e-17
5.86837e-10
8.92078e-17
2.58177e-16
5.86836e-10
2.56073e-16
1.32161e-16
5.86838e-10
3.37845e-17
3.68944e-16
5.86837e-10
2.42627e-16
-3.95212e-17
5.86839e-10
-1.75581e-16
1.4076e-16
5.86837e-10
9.56994e-17
-1.9726e-16
5.86839e-10
-2.05147e-16
1.14823e-16
5.86837e-10
-5.88791e-18
-2.6468e-16
5.86838e-10
4.16867e-16
-3.03631e-16
5.86836e-10
-7.29332e-16
-1.42372e-16
5.86837e-10
-1.87941e-16
-8.13947e-17
5.86835e-10
-1.42137e-16
-3.78748e-16
5.86835e-10
-3.40427e-16
-1.50963e-16
5.86835e-10
2.91056e-16
3.09954e-17
-2.39135e-16
-1.348e-16
5.82449e-10
-6.81374e-11
6.91234e-11
6.35204e-10
-1.59798e-11
1.6272e-11
6.33006e-10
3.9207e-13
-3.20224e-13
6.2883e-10
1.31871e-12
-1.39804e-12
6.2876e-10
4.89672e-14
-7.65171e-14
6.28781e-10
-4.72248e-15
1.25643e-14
6.28801e-10
-4.7271e-15
7.67283e-15
6.28811e-10
-3.7363e-15
3.25525e-15
6.28809e-10
2.58612e-15
-1.83201e-16
6.28811e-10
-1.48381e-15
2.96254e-16
6.2881e-10
1.34968e-15
1.73359e-17
6.28812e-10
-1.36494e-15
3.70172e-16
6.28811e-10
1.55262e-15
-8.7986e-17
6.28813e-10
-1.49842e-15
3.4155e-16
6.28812e-10
1.80342e-15
5.64615e-17
6.28814e-10
-1.75595e-15
4.738e-16
6.28813e-10
1.85362e-15
-1.41131e-16
6.28815e-10
-2.05799e-15
2.41561e-16
6.28813e-10
2.0168e-15
-3.08551e-16
6.28815e-10
-2.10618e-15
2.18143e-16
6.28813e-10
1.81978e-15
-3.5537e-16
6.28813e-10
-1.42743e-15
-3.2144e-16
6.28812e-10
1.03298e-15
-1.59337e-16
6.28813e-10
-1.45367e-15
-2.06475e-17
6.28811e-10
1.22728e-15
-4.57759e-16
6.2881e-10
-1.36166e-15
-1.01151e-16
6.2881e-10
1.40117e-15
-5.52291e-17
-9.97065e-16
-3.49987e-17
5.50819e-10
-1.73446e-10
6.81353e-11
5.92527e-10
-3.68292e-11
1.59792e-11
5.89642e-10
1.82377e-12
-4.03995e-13
5.86716e-10
2.78834e-12
-1.30512e-12
5.86817e-10
-4.86849e-15
-5.43728e-14
5.86817e-10
-4.75235e-16
1.05761e-14
5.86828e-10
-1.05877e-14
6.09399e-15
5.86836e-10
-7.68555e-15
3.12753e-15
5.86834e-10
4.70725e-15
-4.03059e-16
5.86836e-10
-2.7266e-15
4.99792e-16
5.86835e-10
2.43131e-15
-1.56905e-16
5.86836e-10
-2.65959e-15
5.30831e-16
5.86835e-10
2.81329e-15
-2.83599e-16
5.86837e-10
-2.97029e-15
5.18782e-16
5.86836e-10
3.30587e-15
-1.82307e-16
5.86838e-10
-3.35597e-15
6.52705e-16
5.86837e-10
3.4007e-15
-4.09385e-16
5.86839e-10
-3.7841e-15
4.72244e-16
5.86837e-10
3.78752e-15
-5.61862e-16
5.86839e-10
-3.8637e-15
4.50925e-16
5.86837e-10
3.51038e-15
-5.77721e-16
5.86838e-10
-3.4354e-15
-1.50113e-16
5.86836e-10
2.88325e-15
-2.35005e-16
5.86837e-10
-2.68833e-15
1.73396e-16
5.86835e-10
2.45297e-15
-5.71483e-16
5.86835e-10
-2.37852e-15
7.57213e-17
5.86835e-10
2.34669e-15
-1.68218e-16
-1.63746e-15
1.11297e-16
4.44186e-10
-1.79444e-10
6.12178e-11
4.55489e-10
-2.94479e-11
1.33903e-11
4.52964e-10
2.80603e-12
-6.12983e-13
4.52873e-10
1.78304e-12
-9.75376e-13
4.53116e-10
-1.75596e-13
-1.65444e-15
4.53078e-10
3.44749e-14
4.06607e-15
4.53079e-10
-8.13097e-15
3.24102e-15
4.53081e-10
-6.54432e-15
2.43239e-15
4.5308e-10
5.97187e-15
-4.41054e-16
4.53082e-10
-4.10768e-15
4.71368e-16
4.53081e-10
3.63123e-15
-2.03992e-16
4.53082e-10
-3.7954e-15
4.77862e-16
4.53081e-10
4.06258e-15
-3.16342e-16
4.53083e-10
-4.32443e-15
4.74287e-16
4.53082e-10
4.77387e-15
-2.37383e-16
4.53084e-10
-4.76081e-15
5.8245e-16
4.53082e-10
4.99654e-15
-4.38048e-16
4.53084e-10
-5.36142e-15
4.69271e-16
4.53082e-10
5.44966e-15
-5.46389e-16
4.53084e-10
-5.46947e-15
4.46179e-16
4.53082e-10
5.09814e-15
-5.45711e-16
4.53083e-10
-5.28781e-15
-9.70623e-17
4.53081e-10
4.49821e-15
-1.27934e-16
4.53082e-10
-3.91158e-15
2.0302e-16
4.53081e-10
3.47093e-15
-4.96963e-16
4.53081e-10
-3.27878e-15
1.53963e-16
4.53081e-10
3.03893e-15
-1.58474e-16
-2.49516e-15
1.06975e-16
2.20848e-10
3.48243e-11
2.00371e-10
5.55734e-12
2.02133e-10
-4.99543e-13
2.03492e-10
-3.73438e-13
2.03378e-10
2.81769e-14
2.03399e-10
-5.29663e-15
2.03394e-10
1.73116e-15
2.03389e-10
1.14104e-15
2.03394e-10
-3.87871e-16
2.03391e-10
3.67012e-16
2.03394e-10
-1.31468e-16
2.03391e-10
2.80121e-16
2.03394e-10
-1.98761e-16
2.03391e-10
3.16062e-16
2.03395e-10
-1.74821e-16
2.03391e-10
3.50485e-16
2.03395e-10
-2.89357e-16
2.03391e-10
2.98565e-16
2.03395e-10
-3.21452e-16
2.03391e-10
2.91116e-16
2.03395e-10
-3.21157e-16
2.0339e-10
2.45297e-17
2.03394e-10
-1.5151e-16
2.03391e-10
8.28381e-17
2.03394e-10
-2.9476e-16
2.03391e-10
8.34712e-17
2.03393e-10
-1.35795e-16
1.43501e-16
2.29863e-10
1.79988e-10
-3.48248e-11
2.11913e-10
2.90646e-11
-5.55547e-12
2.13675e-10
-2.76471e-12
4.92481e-13
2.14828e-10
-1.89647e-12
3.80749e-13
2.14716e-10
1.67831e-13
-3.22466e-14
2.14737e-10
-3.06043e-14
8.87625e-15
2.14733e-10
9.72858e-15
-2.55738e-15
2.14728e-10
6.46733e-15
-1.36194e-15
2.14733e-10
-4.83025e-15
1.35474e-15
2.1473e-10
3.59152e-15
-9.24194e-16
2.14733e-10
-2.87141e-15
6.99894e-16
2.1473e-10
3.25528e-15
-7.21692e-16
2.14733e-10
-3.25572e-15
7.68726e-16
2.1473e-10
3.70258e-15
-8.29813e-16
2.14734e-10
-3.75164e-15
9.41376e-16
2.1473e-10
4.10008e-15
-9.39875e-16
2.14734e-10
-4.05598e-15
9.42841e-16
2.1473e-10
4.40796e-15
-1.06592e-15
2.14734e-10
-4.51684e-15
1.06192e-15
2.1473e-10
4.48588e-15
-1.11753e-15
2.14734e-10
-4.28799e-15
9.74298e-16
2.14729e-10
4.29456e-15
-1.15287e-15
2.14733e-10
-3.99617e-15
1.00097e-15
2.1473e-10
3.0585e-15
-7.62009e-16
2.14732e-10
-3.10047e-15
7.25342e-16
2.1473e-10
2.33642e-15
-6.83021e-16
2.14732e-10
-2.25937e-15
7.07727e-16
2.30787e-15
-5.48764e-16
4.67527e-10
1.75099e-10
-6.1219e-11
4.86308e-10
3.70635e-11
-1.33875e-11
4.84006e-10
-1.69895e-12
6.00536e-13
4.83141e-10
-2.97096e-12
9.85745e-13
4.83334e-10
-3.39468e-14
-2.90573e-15
4.83307e-10
9.08943e-15
1.52068e-15
4.83312e-10
1.48062e-14
-3.62957e-15
4.83315e-10
7.54152e-15
-2.90539e-15
4.83314e-10
-2.4592e-15
2.13416e-15
4.83316e-10
1.48672e-15
-1.15038e-15
4.83315e-10
-1.07211e-15
1.1212e-15
4.83316e-10
1.64628e-15
-1.09397e-15
4.83315e-10
-1.33008e-15
1.24712e-15
4.83317e-10
1.82992e-15
-1.23667e-15
4.83316e-10
-1.53807e-15
1.54194e-15
4.83318e-10
2.01146e-15
-1.37537e-15
4.83316e-10
-1.68132e-15
1.48743e-15
4.83318e-10
1.96584e-15
-1.64688e-15
4.83316e-10
-2.07583e-15
1.62732e-15
4.83318e-10
1.97669e-15
-1.68823e-15
4.83316e-10
-2.04254e-15
1.48707e-15
4.83317e-10
2.21929e-15
-1.80342e-15
4.83315e-10
-2.35262e-15
1.36428e-15
4.83316e-10
1.24946e-15
-1.25895e-15
4.83315e-10
-1.63739e-15
9.32412e-16
4.83315e-10
8.41076e-16
-1.06118e-15
4.83315e-10
-9.15513e-16
1.07931e-15
8.98399e-16
-9.04844e-16
5.82449e-10
6.91228e-11
-6.81369e-11
6.35204e-10
1.62669e-11
-1.59756e-11
6.33006e-10
-3.16332e-13
3.88975e-13
6.28829e-10
-1.3957e-12
1.31647e-12
6.2876e-10
-7.73294e-14
4.98345e-14
6.28781e-10
1.18145e-14
-4.21206e-15
6.28801e-10
9.16848e-15
-6.02804e-15
6.28811e-10
3.22396e-15
-3.68317e-15
6.28809e-10
4.57774e-17
2.36684e-15
6.28811e-10
-8.12783e-17
-1.1311e-15
6.2881e-10
2.06107e-16
1.17048e-15
6.28812e-10
1.62368e-16
-1.16562e-15
6.28811e-10
1.63387e-16
1.32251e-15
6.28813e-10
1.75332e-16
-1.32785e-15
6.28812e-10
1.80776e-16
1.6579e-15
6.28814e-10
1.31829e-16
-1.45354e-15
6.28813e-10
1.4169e-16
1.574e-15
6.28815e-10
-7.67887e-17
-1.76698e-15
6.28813e-10
-1.33085e-17
1.72752e-15
6.28815e-10
-1.02573e-16
-1.8118e-15
6.28813e-10
-1.02945e-16
1.56679e-15
6.28813e-10
4.48113e-16
-2.03947e-15
6.28812e-10
-7.56386e-16
1.52496e-15
6.28813e-10
-1.50917e-16
-1.31713e-15
6.28811e-10
-2.1814e-16
1.01862e-15
6.2881e-10
-2.89239e-16
-1.15587e-15
6.2881e-10
2.06069e-16
1.14044e-15
-1.40012e-16
-9.17596e-16
6.16699e-10
-6.91258e-11
-6.91252e-11
6.81784e-10
-1.62725e-11
-1.6268e-11
6.80516e-10
3.07522e-13
3.0422e-13
6.74916e-10
1.41194e-12
1.40965e-12
6.74611e-10
7.1488e-14
7.23233e-14
6.74656e-10
-6.7146e-15
-6.13743e-15
6.74687e-10
-5.96234e-15
-7.30676e-15
6.74701e-10
-3.87125e-15
-3.83579e-15
6.74699e-10
2.4624e-15
2.24062e-15
6.747e-10
-1.28206e-15
-9.26316e-16
6.747e-10
1.24736e-15
1.06779e-15
6.74701e-10
-1.25339e-15
-1.05412e-15
6.747e-10
1.43738e-15
1.20214e-15
6.74702e-10
-1.37351e-15
-1.20462e-15
6.74701e-10
1.65939e-15
1.52048e-15
6.74704e-10
-1.62816e-15
-1.31382e-15
6.74703e-10
1.68234e-15
1.40594e-15
6.74705e-10
-1.91518e-15
-1.61665e-15
6.74703e-10
1.83971e-15
1.55314e-15
6.74705e-10
-1.95997e-15
-1.65782e-15
6.74703e-10
1.66103e-15
1.41321e-15
6.74703e-10
-1.33677e-15
-1.98683e-15
6.74701e-10
9.79301e-16
1.47973e-15
6.74702e-10
-1.34096e-15
-1.20109e-15
6.747e-10
1.14028e-15
9.23033e-16
6.747e-10
-1.25548e-15
-1.05646e-15
6.74699e-10
1.30266e-15
1.04447e-15
-8.72378e-16
-7.89985e-16
5.82449e-10
-1.75101e-10
-6.81364e-11
6.35204e-10
-3.70665e-11
-1.59748e-11
6.33006e-10
1.68991e-12
3.90421e-13
6.2883e-10
2.98415e-12
1.31377e-12
6.2876e-10
2.88902e-14
5.10443e-14
6.28782e-10
-4.26597e-15
-5.18839e-15
6.28801e-10
-1.24926e-14
-6.41135e-15
6.28811e-10
-8.00102e-15
-3.48859e-15
6.28809e-10
4.57893e-15
2.04926e-15
6.28811e-10
-2.52969e-15
-7.73438e-16
6.2881e-10
2.24342e-15
9.74881e-16
6.28812e-10
-2.4903e-15
-9.51952e-16
6.28811e-10
2.61314e-15
1.097e-15
6.28813e-10
-2.79327e-15
-1.08956e-15
6.28812e-10
3.08258e-15
1.38462e-15
6.28814e-10
-3.15191e-15
-1.19232e-15
6.28813e-10
3.14829e-15
1.25409e-15
6.28815e-10
-3.54635e-15
-1.47095e-15
6.28813e-10
3.52989e-15
1.3994e-15
6.28815e-10
-3.62321e-15
-1.50717e-15
6.28813e-10
3.26239e-15
1.28495e-15
6.28813e-10
-3.22482e-15
-1.8964e-15
6.28812e-10
2.74539e-15
1.43477e-15
6.28812e-10
-2.47344e-15
-1.11926e-15
6.2881e-10
2.32849e-15
8.31391e-16
6.2881e-10
-2.2206e-15
-9.46545e-16
6.2881e-10
2.23118e-15
9.30396e-16
-1.51415e-15
-6.84425e-16
4.67527e-10
-1.79989e-10
-6.12182e-11
4.86307e-10
-2.90649e-11
-1.3387e-11
4.84005e-10
2.75978e-12
6.05135e-13
4.83142e-10
1.9018e-12
9.79619e-13
4.83334e-10
-1.70032e-13
1.99005e-16
4.83308e-10
3.30634e-14
-1.26645e-15
4.83312e-10
-8.99714e-15
-4.15438e-15
4.83315e-10
-6.54957e-15
-2.52784e-15
4.83314e-10
5.74157e-15
1.37012e-15
4.83316e-10
-3.88638e-15
-3.54767e-16
4.83315e-10
3.29891e-15
6.65203e-16
4.83316e-10
-3.49779e-15
-6.52339e-16
4.83315e-10
3.71153e-15
7.4149e-16
4.83317e-10
-4.02293e-15
-7.37753e-16
4.83316e-10
4.38801e-15
9.5192e-16
4.83318e-10
-4.40371e-15
-7.95468e-16
4.83316e-10
4.57418e-15
8.1203e-16
4.83318e-10
-4.93768e-15
-9.84231e-16
4.83316e-10
5.01189e-15
9.34569e-16
4.83318e-10
-5.04323e-15
-1.01098e-15
4.83316e-10
4.6587e-15
8.65675e-16
4.83317e-10
-4.85587e-15
-1.36175e-15
4.83315e-10
4.22055e-15
1.08717e-15
4.83316e-10
-3.52633e-15
-8.20043e-16
4.83315e-10
3.25022e-15
5.20646e-16
4.83315e-10
-3.00312e-15
-6.13867e-16
4.83315e-10
2.85185e-15
5.90448e-16
-2.33965e-15
-3.78878e-16
2.29863e-10
-3.48241e-11
2.11912e-10
-5.55613e-12
2.13675e-10
4.95331e-13
2.14829e-10
3.76624e-13
2.14716e-10
-2.99461e-14
2.14737e-10
7.18522e-15
2.14733e-10
-2.74092e-15
2.14728e-10
-9.23431e-16
2.14733e-10
7.64592e-16
2.1473e-10
-3.32236e-16
2.14733e-10
2.27585e-16
2.1473e-10
-2.53239e-16
2.14733e-10
2.63355e-16
2.1473e-10
-3.14858e-16
2.14734e-10
3.56155e-16
2.1473e-10
-3.41898e-16
2.14734e-10
2.79163e-16
2.1473e-10
-3.86564e-16
2.14734e-10
3.63525e-16
2.1473e-10
-4.15602e-16
2.14734e-10
3.04601e-16
2.14729e-10
-5.81191e-16
2.14733e-10
5.65525e-16
2.1473e-10
-2.71813e-16
2.14732e-10
2.8391e-16
2.1473e-10
-2.61927e-16
2.14732e-10
3.35451e-16
-1.62842e-16
2.20848e-10
1.79443e-10
-9.49131e-11
2.00372e-10
2.94482e-11
-1.45262e-11
2.02133e-10
-2.81216e-12
1.53536e-12
2.03491e-10
-1.77635e-12
8.05998e-13
2.03378e-10
1.72626e-13
-9.51061e-14
2.03399e-10
-3.1496e-14
2.28625e-14
2.03394e-10
8.64693e-15
-5.57741e-15
2.03389e-10
6.36681e-15
-2.94908e-15
2.03394e-10
-4.92025e-15
2.5642e-15
2.03391e-10
3.6069e-15
-1.75726e-15
2.03394e-10
-3.072e-15
1.38393e-15
2.03391e-10
3.38383e-15
-1.49313e-15
2.03394e-10
-3.46837e-15
1.55058e-15
2.03391e-10
3.82942e-15
-1.69837e-15
2.03395e-10
-3.98361e-15
1.8252e-15
2.03391e-10
4.23937e-15
-1.90921e-15
2.03395e-10
-4.29351e-15
1.90089e-15
2.03391e-10
4.61568e-15
-2.10543e-15
2.03395e-10
-4.74498e-15
2.13265e-15
2.03391e-10
4.67719e-15
-2.17546e-15
2.03395e-10
-4.50961e-15
2.00687e-15
2.0339e-10
4.4536e-15
-2.09613e-15
2.03394e-10
-4.00121e-15
1.85856e-15
2.03391e-10
3.31729e-15
-1.49815e-15
2.03394e-10
-3.13924e-15
1.44934e-15
2.03391e-10
2.49452e-15
-1.2759e-15
2.03393e-10
-2.29011e-15
1.25957e-15
2.40886e-15
-1.0116e-15
4.44186e-10
1.73444e-10
-1.59204e-10
4.55489e-10
3.68265e-11
-3.20655e-11
4.52964e-10
-1.8328e-12
2.12592e-12
4.52873e-10
-2.77481e-12
2.09336e-12
4.53116e-10
-6.11917e-16
-8.08057e-14
4.53078e-10
5.36948e-15
1.15499e-14
4.53079e-10
1.25178e-14
-7.52148e-15
4.53081e-10
7.14376e-15
-6.01866e-15
4.5308e-10
-2.58912e-15
3.98286e-15
4.53082e-10
1.59158e-15
-2.32558e-15
4.53081e-10
-1.20665e-15
2.09919e-15
4.53082e-10
1.73769e-15
-2.23604e-15
4.53081e-10
-1.48791e-15
2.38747e-15
4.53083e-10
1.93085e-15
-2.51794e-15
4.53082e-10
-1.71154e-15
2.8486e-15
4.53084e-10
2.1183e-15
-2.80618e-15
4.53082e-10
-1.87501e-15
2.88496e-15
4.53084e-10
2.12489e-15
-3.18484e-15
4.53082e-10
-2.24295e-15
3.20189e-15
4.53084e-10
2.13096e-15
-3.24827e-15
4.53082e-10
-2.18793e-15
2.98101e-15
4.53083e-10
2.2968e-15
-3.21438e-15
4.53081e-10
-2.33207e-15
2.65158e-15
4.53082e-10
1.40764e-15
-2.31385e-15
4.53081e-10
-1.68423e-15
2.01552e-15
4.53081e-10
9.73275e-16
-2.00045e-15
4.53081e-10
-9.736e-16
1.95366e-15
9.85796e-16
-1.43698e-15
5.50819e-10
6.81347e-11
-1.73446e-10
5.92527e-10
1.59743e-11
-3.6827e-11
5.89642e-10
-4.00224e-13
1.82245e-12
5.86716e-10
-1.30279e-12
2.78704e-12
5.86817e-10
-5.52149e-14
-4.4731e-15
5.86817e-10
9.87825e-15
-2.04192e-16
5.86828e-10
7.56917e-15
-1.1227e-14
5.86836e-10
3.08349e-15
-7.69638e-15
5.86834e-10
-1.75031e-16
4.59707e-15
5.86836e-10
1.19052e-16
-2.55674e-15
5.86835e-10
3.25665e-17
2.34826e-15
5.86836e-10
3.19047e-16
-2.56602e-15
5.86835e-10
-3.49338e-17
2.70257e-15
5.86837e-10
3.45676e-16
-2.89112e-15
5.86836e-10
-5.05507e-17
3.23584e-15
5.86838e-10
3.17599e-16
-3.21058e-15
5.86837e-10
-1.19234e-16
3.26981e-15
5.86839e-10
1.57582e-16
-3.645e-15
5.86837e-10
-2.60162e-16
3.6519e-15
5.86839e-10
1.33876e-16
-3.72325e-15
5.86837e-10
-3.2001e-16
3.39712e-15
5.86838e-10
5.86048e-16
-3.74268e-15
5.86836e-10
-8.17891e-16
3.11153e-15
5.86837e-10
4.83181e-17
-2.60865e-15
5.86835e-10
-3.36622e-16
2.35298e-15
5.86835e-10
-1.20289e-16
-2.27616e-15
5.86835e-10
9.73788e-17
2.21482e-15
7.49819e-18
-1.61105e-15
5.82449e-10
-6.8137e-11
-1.75101e-10
6.35204e-10
-1.59792e-11
-3.7064e-11
6.33006e-10
3.93853e-13
1.68819e-12
6.2883e-10
1.31587e-12
2.98272e-12
6.2876e-10
5.01518e-14
2.94263e-14
6.28782e-10
-5.70905e-15
-4.00527e-15
6.28801e-10
-5.07286e-15
-1.32411e-14
6.28811e-10
-3.56773e-15
-7.98108e-15
6.28809e-10
2.26567e-15
4.44156e-15
6.28811e-10
-1.12847e-15
-2.32214e-15
6.2881e-10
1.16098e-15
2.13519e-15
6.28812e-10
-1.15532e-15
-2.37006e-15
6.28811e-10
1.33274e-15
2.47283e-15
6.28813e-10
-1.26718e-15
-2.6846e-15
6.28812e-10
1.52957e-15
2.98404e-15
6.28814e-10
-1.5044e-15
-2.96879e-15
6.28813e-10
1.53839e-15
2.9786e-15
6.28815e-10
-1.77147e-15
-3.36834e-15
6.28813e-10
1.69308e-15
3.35525e-15
6.28815e-10
-1.81224e-15
-3.44179e-15
6.28813e-10
1.54578e-15
3.11101e-15
6.28813e-10
-1.28326e-15
-3.55419e-15
6.28812e-10
9.35972e-16
2.98447e-15
6.28812e-10
-1.24194e-15
-2.37268e-15
6.2881e-10
1.05031e-15
2.20588e-15
6.2881e-10
-1.15124e-15
-2.0894e-15
6.2881e-10
1.18914e-15
2.06888e-15
-7.71068e-16
-1.4778e-15
5.50819e-10
-1.73445e-10
-1.73445e-10
5.92527e-10
-3.68293e-11
-3.68268e-11
5.89641e-10
1.82808e-12
1.82598e-12
5.86716e-10
2.78342e-12
2.78217e-12
5.86817e-10
-2.74433e-15
-2.10668e-15
5.86817e-10
-2.50529e-15
-2.27283e-15
5.86828e-10
-1.08633e-14
-1.16717e-14
5.86836e-10
-7.39747e-15
-7.31001e-15
5.86834e-10
4.11597e-15
3.97146e-15
5.86836e-10
-2.11697e-15
-1.89289e-15
5.86835e-10
2.05283e-15
1.92395e-15
5.86836e-10
-2.27039e-15
-2.13333e-15
5.86835e-10
2.3844e-15
2.22761e-15
5.86837e-10
-2.53908e-15
-2.41115e-15
5.86836e-10
2.80588e-15
2.69079e-15
5.86838e-10
-2.84334e-15
-2.6418e-15
5.86837e-10
2.84054e-15
2.64449e-15
5.86839e-10
-3.21238e-15
-3.01167e-15
5.86837e-10
3.20423e-15
3.00273e-15
5.86839e-10
-3.27664e-15
-3.07135e-15
5.86837e-10
2.97656e-15
2.79e-15
5.86838e-10
-2.9284e-15
-3.25624e-15
5.86836e-10
2.47384e-15
2.74884e-15
5.86837e-10
-2.27161e-15
-2.17773e-15
5.86835e-10
2.08115e-15
1.94122e-15
5.86834e-10
-2.01714e-15
-1.87072e-15
5.86835e-10
1.96678e-15
1.7978e-15
-1.25303e-15
-1.19704e-15
4.44186e-10
-1.79445e-10
-1.59203e-10
4.55488e-10
-2.94476e-11
-3.2065e-11
4.52964e-10
2.80575e-12
2.12788e-12
4.52874e-10
1.78336e-12
2.08965e-12
4.53116e-10
-1.75431e-13
-7.88217e-14
4.53078e-10
3.4243e-14
1.00047e-14
4.5308e-10
-7.82683e-15
-7.79318e-15
4.53081e-10
-6.77889e-15
-5.68574e-15
4.5308e-10
6.09816e-15
3.49369e-15
4.53082e-10
-4.21099e-15
-1.80292e-15
4.53081e-10
3.82775e-15
1.73587e-15
4.53082e-10
-3.97531e-15
-1.89678e-15
4.53081e-10
4.26643e-15
2.00299e-15
4.53083e-10
-4.50953e-15
-2.1521e-15
4.53082e-10
5.0102e-15
2.42164e-15
4.53084e-10
-4.96179e-15
-2.35467e-15
4.53082e-10
5.26649e-15
2.39727e-15
4.53084e-10
-5.60517e-15
-2.67882e-15
4.53082e-10
5.71901e-15
2.68303e-15
4.53084e-10
-5.70835e-15
-2.72846e-15
4.53082e-10
5.37619e-15
2.48996e-15
4.53083e-10
-5.47715e-15
-2.89793e-15
4.53081e-10
4.60557e-15
2.46084e-15
4.53082e-10
-4.15689e-15
-1.97755e-15
4.53081e-10
3.58659e-15
1.7065e-15
4.5308e-10
-3.43168e-15
-1.70256e-15
4.53081e-10
3.09132e-15
1.63327e-15
-2.60786e-15
-1.03148e-15
2.20848e-10
-9.49128e-11
2.00371e-10
-1.45264e-11
2.02133e-10
1.53642e-12
2.03492e-10
8.03754e-13
2.03378e-10
-9.32293e-14
2.03399e-10
2.15839e-14
2.03394e-10
-5.42447e-15
2.03389e-10
-2.74306e-15
2.03394e-10
2.26318e-15
2.03391e-10
-1.4176e-15
2.03394e-10
1.18102e-15
2.03391e-10
-1.28737e-15
2.03394e-10
1.33702e-15
2.03391e-10
-1.46778e-15
2.03395e-10
1.58437e-15
2.03391e-10
-1.62189e-15
2.03395e-10
1.62093e-15
2.03391e-10
-1.79557e-15
2.03395e-10
1.81817e-15
2.03391e-10
-1.84663e-15
2.03395e-10
1.70247e-15
2.0339e-10
-1.87341e-15
2.03394e-10
1.68628e-15
2.03391e-10
-1.31903e-15
2.03394e-10
1.21551e-15
2.03391e-10
-1.10354e-15
2.03393e-10
1.06598e-15
-7.79481e-16
1.88946e-10
1.71237e-10
-1.14893e-10
1.61674e-10
2.74655e-11
-1.47189e-11
1.6409e-10
-2.86315e-12
1.9757e-12
1.65731e-10
-1.34883e-12
5.2056e-13
1.65572e-10
1.75128e-13
-1.14837e-13
1.65602e-10
-3.38673e-14
3.00346e-14
1.65596e-10
7.06461e-15
-5.3695e-15
1.6559e-10
4.99171e-15
-2.3639e-15
1.65595e-10
-4.09892e-15
2.69838e-15
1.65592e-10
3.03119e-15
-1.88927e-15
1.65595e-10
-2.6659e-15
1.65288e-15
1.65591e-10
2.8815e-15
-1.67319e-15
1.65595e-10
-2.99214e-15
1.8186e-15
1.65591e-10
3.25166e-15
-1.90558e-15
1.65595e-10
-3.4271e-15
2.13872e-15
1.65591e-10
3.59504e-15
-2.11276e-15
1.65596e-10
-3.69671e-15
2.22839e-15
1.65591e-10
3.93393e-15
-2.38485e-15
1.65596e-10
-4.04652e-15
2.43109e-15
1.65591e-10
3.96421e-15
-2.44076e-15
1.65595e-10
-3.83613e-15
2.28033e-15
1.65591e-10
3.76517e-15
-2.34543e-15
1.65595e-10
-3.3281e-15
1.96443e-15
1.65591e-10
2.86246e-15
-1.77229e-15
1.65594e-10
-2.604e-15
1.54391e-15
1.65591e-10
2.13289e-15
-1.49944e-15
1.65594e-10
-1.90808e-15
1.33748e-15
2.03545e-15
-1.11199e-15
3.6427e-10
1.59203e-10
-1.71238e-10
3.55073e-10
3.20649e-11
-2.74653e-11
3.53596e-10
-2.13398e-12
2.85762e-12
3.55083e-10
-2.08292e-12
1.35552e-12
3.55273e-10
7.56477e-14
-1.78739e-13
3.55228e-10
-6.77433e-15
3.7047e-14
3.55227e-10
8.08065e-15
-6.80951e-15
3.55225e-10
5.59304e-15
-5.29733e-15
3.55225e-10
-2.33894e-15
5.22431e-15
3.55227e-10
1.45211e-15
-3.64134e-15
3.55226e-10
-1.18502e-15
3.31996e-15
3.55227e-10
1.57217e-15
-3.38983e-15
3.55226e-10
-1.43443e-15
3.67362e-15
3.55227e-10
1.74707e-15
-3.84363e-15
3.55226e-10
-1.64124e-15
4.31124e-15
3.55228e-10
1.91806e-15
-4.24771e-15
3.55226e-10
-1.79048e-15
4.50641e-15
3.55228e-10
1.97412e-15
-4.80457e-15
3.55226e-10
-2.07151e-15
4.88636e-15
3.55228e-10
1.96922e-15
-4.88793e-15
3.55226e-10
-2.00182e-15
4.57864e-15
3.55227e-10
2.08407e-15
-4.67564e-15
3.55226e-10
-2.02275e-15
3.90972e-15
3.55227e-10
1.37223e-15
-3.56388e-15
3.55225e-10
-1.4815e-15
3.03255e-15
3.55225e-10
9.65396e-16
-2.99822e-15
3.55225e-10
-8.43528e-16
2.73887e-15
8.82677e-16
-2.1554e-15
4.44186e-10
6.12174e-11
-1.79444e-10
4.55489e-10
1.33865e-11
-2.94479e-11
4.52964e-10
-6.0973e-13
2.80633e-12
4.52873e-10
-9.73804e-13
1.78276e-12
4.53116e-10
-2.39533e-15
-1.75646e-13
4.53078e-10
3.53198e-15
3.45336e-14
4.53079e-10
4.48868e-15
-8.11048e-15
4.53081e-10
2.33436e-15
-6.59125e-15
4.5308e-10
-2.64802e-16
5.9807e-15
4.53082e-10
1.65359e-16
-4.11522e-15
4.53081e-10
-4.50051e-17
3.64025e-15
4.53082e-10
3.11495e-16
-3.80378e-15
4.53081e-10
-1.18234e-16
4.07105e-15
4.53083e-10
3.43823e-16
-4.33417e-15
4.53082e-10
-1.46372e-16
4.78321e-15
4.53084e-10
3.23195e-16
-4.77601e-15
4.53082e-10
-2.06534e-16
5.00942e-15
4.53084e-10
2.20658e-16
-5.37651e-15
4.53082e-10
-3.05605e-16
5.46268e-15
4.53084e-10
1.964e-16
-5.48552e-15
4.53082e-10
-3.26615e-16
5.11069e-15
4.53083e-10
5.30696e-16
-5.28748e-15
4.53081e-10
-6.89434e-16
4.49472e-15
4.53082e-10
1.36072e-16
-3.91459e-15
4.53081e-10
-3.15275e-16
3.48298e-15
4.53081e-10
-3.57866e-18
-3.28552e-15
4.53081e-10
6.31519e-17
3.04025e-15
1.29632e-17
-2.50363e-15
4.67527e-10
-6.12187e-11
-1.79989e-10
4.86308e-10
-1.33903e-11
-2.90642e-11
4.84005e-10
6.08019e-13
2.75919e-12
4.83142e-10
9.81094e-13
1.90161e-12
4.83334e-10
-6.66644e-16
-1.6998e-13
4.83308e-10
-1.57298e-15
3.31817e-14
4.83312e-10
-3.03459e-15
-9.13392e-15
4.83315e-10
-2.66644e-15
-6.5593e-15
4.83314e-10
1.55264e-15
5.73546e-15
4.83316e-10
-6.52117e-16
-3.85641e-15
4.83315e-10
8.33455e-16
3.28746e-15
4.83316e-10
-8.22655e-16
-3.47961e-15
4.83315e-10
9.3982e-16
3.69349e-15
4.83317e-10
-8.8797e-16
-4.00232e-15
4.83316e-10
1.07267e-15
4.37735e-15
4.83318e-10
-1.04579e-15
-4.37416e-15
4.83316e-10
1.05522e-15
4.55397e-15
4.83318e-10
-1.23556e-15
-4.91296e-15
4.83316e-10
1.18459e-15
4.99193e-15
4.83318e-10
-1.26644e-15
-5.01717e-15
4.83316e-10
1.10465e-15
4.64865e-15
4.83317e-10
-8.82627e-16
-4.9098e-15
4.83315e-10
6.23605e-16
4.22933e-15
4.83316e-10
-8.84115e-16
-3.52002e-15
4.83315e-10
6.93948e-16
3.23036e-15
4.83314e-10
-7.96624e-16
-2.9936e-15
4.83315e-10
8.28214e-16
2.83407e-15
-4.52383e-16
-2.33504e-15
4.44186e-10
-1.59204e-10
-1.79444e-10
4.55488e-10
-3.20669e-11
-2.94468e-11
4.52964e-10
2.1298e-12
2.80482e-12
4.52873e-10
2.09043e-12
1.78314e-12
4.53116e-10
-7.94507e-14
-1.75222e-13
4.53078e-10
9.89907e-15
3.43142e-14
4.5308e-10
-7.10524e-15
-8.07513e-15
4.53081e-10
-5.81722e-15
-6.72124e-15
4.5308e-10
3.61542e-15
6.05358e-15
4.53082e-10
-1.99291e-15
-4.14135e-15
4.53081e-10
1.85407e-15
3.77946e-15
4.53082e-10
-2.01135e-15
-3.92359e-15
4.53081e-10
2.13556e-15
4.20972e-15
4.53083e-10
-2.2607e-15
-4.45444e-15
4.53082e-10
2.51403e-15
4.95864e-15
4.53084e-10
-2.51878e-15
-4.88621e-15
4.53082e-10
2.56384e-15
5.19313e-15
4.53084e-10
-2.8493e-15
-5.52926e-15
4.53082e-10
2.85338e-15
5.64387e-15
4.53084e-10
-2.90342e-15
-5.62948e-15
4.53082e-10
2.66028e-15
5.30706e-15
4.53083e-10
-2.64457e-15
-5.55205e-15
4.53081e-10
2.19078e-15
4.65418e-15
4.53082e-10
-2.01457e-15
-4.11698e-15
4.53081e-10
1.82007e-15
3.53265e-15
4.5308e-10
-1.82995e-15
-3.38376e-15
4.53081e-10
1.78873e-15
3.04957e-15
-1.08317e-15
-2.57836e-15
3.6427e-10
-1.71238e-10
-1.71238e-10
3.55073e-10
-2.74651e-11
-2.74646e-11
3.53596e-10
2.85835e-12
2.85754e-12
3.55083e-10
1.3543e-12
1.35419e-12
3.55273e-10
-1.78115e-13
-1.77857e-13
3.55228e-10
3.65971e-14
3.65818e-14
3.55227e-10
-6.70687e-15
-6.93134e-15
3.55226e-10
-5.23169e-15
-5.14786e-15
3.55225e-10
5.01505e-15
4.96162e-15
3.55227e-10
-3.52412e-15
-3.45537e-15
3.55226e-10
3.15844e-15
3.10688e-15
3.55227e-10
-3.26645e-15
-3.21864e-15
3.55226e-10
3.51452e-15
3.45941e-15
3.55227e-10
-3.71498e-15
-3.66572e-15
3.55226e-10
4.11925e-15
4.07129e-15
3.55228e-10
-4.08249e-15
-4.01363e-15
3.55226e-10
4.33563e-15
4.26287e-15
3.55228e-10
-4.6032e-15
-4.52964e-15
3.55226e-10
4.69075e-15
4.61621e-15
3.55228e-10
-4.67552e-15
-4.59971e-15
3.55226e-10
4.39707e-15
4.31655e-15
3.55227e-10
-4.46154e-15
-4.53066e-15
3.55226e-10
3.74752e-15
3.84196e-15
3.55227e-10
-3.3771e-15
-3.3584e-15
3.55225e-10
2.92809e-15
2.87679e-15
3.55225e-10
-2.84492e-15
-2.79086e-15
3.55225e-10
2.61266e-15
2.56761e-15
-2.07222e-15
-2.04349e-15
1.88946e-10
-1.14893e-10
1.61674e-10
-1.47192e-11
1.6409e-10
1.97701e-12
1.65731e-10
5.18683e-13
1.65572e-10
-1.13562e-13
1.65602e-10
2.90727e-14
1.65596e-10
-5.35579e-15
1.6559e-10
-2.23335e-15
1.65595e-10
2.40554e-15
1.65592e-10
-1.69133e-15
1.65595e-10
1.44804e-15
1.65591e-10
-1.51896e-15
1.65595e-10
1.61261e-15
1.65591e-10
-1.73063e-15
1.65595e-10
1.88669e-15
1.65591e-10
-1.90273e-15
1.65596e-10
1.98115e-15
1.65591e-10
-2.11864e-15
1.65596e-10
2.16016e-15
1.65591e-10
-2.15946e-15
1.65595e-10
2.02879e-15
1.65591e-10
-2.10061e-15
1.65595e-10
1.8366e-15
1.65591e-10
-1.56645e-15
1.65594e-10
1.39563e-15
1.65591e-10
-1.30139e-15
1.65594e-10
1.19068e-15
-9.50948e-16
1.10418e-10
1.14892e-10
8.09802e-11
1.47196e-11
8.49345e-11
-1.98008e-12
8.59716e-11
-5.15235e-13
8.57444e-11
1.11778e-13
8.58026e-11
-2.75315e-14
8.5792e-11
5.37526e-15
8.57875e-11
2.10581e-15
8.57923e-11
-1.90845e-15
8.57889e-11
1.42219e-15
8.57918e-11
-1.1386e-15
8.57888e-11
1.29014e-15
8.5792e-11
-1.2938e-15
8.57885e-11
1.45891e-15
8.57923e-11
-1.46313e-15
8.57885e-11
1.60848e-15
8.57925e-11
-1.60048e-15
8.57882e-11
1.71738e-15
8.57926e-11
-1.75641e-15
8.57882e-11
1.73449e-15
8.57923e-11
-1.6795e-15
8.57882e-11
1.63052e-15
8.57918e-11
-1.52928e-15
8.57886e-11
1.20201e-15
8.57915e-11
-1.19917e-15
8.57888e-11
9.35252e-16
8.57912e-11
-8.92111e-16
8.07813e-16
1.88946e-10
9.49123e-11
1.61674e-10
1.45264e-11
1.6409e-10
-1.53987e-12
1.65731e-10
-7.99049e-13
1.65572e-10
9.08376e-14
1.65602e-10
-1.96746e-14
1.65596e-10
5.35995e-15
1.6559e-10
2.56007e-15
1.65595e-10
-1.545e-15
1.65592e-10
1.06846e-15
1.65595e-10
-7.10006e-16
1.65591e-10
9.49477e-16
1.65595e-10
-8.63668e-16
1.65591e-10
1.08594e-15
1.65595e-10
-9.72005e-16
1.65591e-10
1.176e-15
1.65596e-10
-1.08971e-15
1.65591e-10
1.1978e-15
1.65596e-10
-1.23496e-15
1.65591e-10
1.212e-15
1.65595e-10
-1.18951e-15
1.65591e-10
1.21836e-15
1.65595e-10
-1.25959e-15
1.65591e-10
7.70243e-16
1.65594e-10
-9.29846e-16
1.65591e-10
5.79923e-16
1.65594e-10
-6.33796e-16
5.63284e-16
2.20848e-10
3.4824e-11
2.00371e-10
5.5554e-12
2.02133e-10
-4.97093e-13
2.03492e-10
-3.73222e-13
2.03378e-10
2.767e-14
2.03399e-10
-5.4133e-15
2.03394e-10
2.36054e-15
2.03389e-10
9.74212e-16
2.03394e-10
-2.65247e-16
2.03391e-10
1.88526e-16
2.03394e-10
-1.06964e-17
2.03391e-10
1.55816e-16
2.03394e-10
-6.14171e-17
2.03391e-10
1.8977e-16
2.03395e-10
-6.38945e-17
2.03391e-10
1.66151e-16
2.03395e-10
-1.12991e-16
2.03391e-10
1.1343e-16
2.03395e-10
-1.41502e-16
2.03391e-10
1.00962e-16
2.03395e-10
-1.51072e-16
2.0339e-10
2.3933e-16
2.03394e-10
-3.54747e-16
2.03391e-10
3.94503e-17
2.03394e-10
-1.63626e-16
2.03391e-10
-3.70616e-17
2.03393e-10
-2.4568e-17
8.20542e-17
2.29863e-10
-3.48244e-11
2.11912e-10
-5.55752e-12
2.13675e-10
4.97346e-13
2.14828e-10
3.76754e-13
2.14716e-10
-3.04981e-14
2.14737e-10
7.19418e-15
2.14733e-10
-2.20538e-15
2.14728e-10
-1.11179e-15
2.14733e-10
8.90444e-16
2.1473e-10
-4.95339e-16
2.14733e-10
3.47121e-16
2.1473e-10
-3.67695e-16
2.14733e-10
3.92678e-16
2.1473e-10
-4.30711e-16
2.14734e-10
4.67348e-16
2.1473e-10
-5.08248e-16
2.14734e-10
4.49635e-16
2.1473e-10
-5.6057e-16
2.14734e-10
5.37927e-16
2.1473e-10
-5.94828e-16
2.14734e-10
4.84395e-16
2.14729e-10
-4.12427e-16
2.14733e-10
3.58016e-16
2.1473e-10
-3.15124e-16
2.14732e-10
4.03769e-16
2.1473e-10
-3.87685e-16
2.14732e-10
4.41031e-16
-2.23325e-16
2.20848e-10
-9.4913e-11
2.00371e-10
-1.4527e-11
2.02133e-10
1.53757e-12
2.03492e-10
8.03673e-13
2.03378e-10
-9.36096e-14
2.03399e-10
2.16672e-14
2.03394e-10
-5.12766e-15
2.03389e-10
-2.87956e-15
2.03394e-10
2.34525e-15
2.03391e-10
-1.51389e-15
2.03394e-10
1.25468e-15
2.03391e-10
-1.35136e-15
2.03394e-10
1.41128e-15
2.03391e-10
-1.53067e-15
2.03395e-10
1.64612e-15
2.03391e-10
-1.71461e-15
2.03395e-10
1.72091e-15
2.03391e-10
-1.89637e-15
2.03395e-10
1.92026e-15
2.03391e-10
-1.95048e-15
2.03395e-10
1.81993e-15
2.0339e-10
-1.77851e-15
2.03394e-10
1.52285e-15
2.03391e-10
-1.32266e-15
2.03394e-10
1.28349e-15
2.03391e-10
-1.18509e-15
2.03393e-10
1.1315e-15
-8.12727e-16
1.88946e-10
-1.14893e-10
1.61674e-10
-1.47192e-11
1.6409e-10
1.97737e-12
1.65731e-10
5.18489e-13
1.65572e-10
-1.13692e-13
1.65602e-10
2.91427e-14
1.65596e-10
-5.28327e-15
1.6559e-10
-2.28791e-15
1.65595e-10
2.43383e-15
1.65592e-10
-1.71881e-15
1.65595e-10
1.47034e-15
1.65591e-10
-1.53498e-15
1.65595e-10
1.63161e-15
1.65591e-10
-1.74431e-15
1.65595e-10
1.90044e-15
1.65591e-10
-1.92641e-15
1.65596e-10
2.00836e-15
1.65591e-10
-2.14587e-15
1.65596e-10
2.1877e-15
1.65591e-10
-2.18768e-15
1.65595e-10
2.06727e-15
1.65591e-10
-2.0754e-15
1.65595e-10
1.76662e-15
1.65591e-10
-1.55066e-15
1.65594e-10
1.41237e-15
1.65591e-10
-1.32927e-15
1.65594e-10
1.2109e-15
-9.56284e-16
1.10418e-10
8.09801e-11
8.49345e-11
8.59717e-11
8.57444e-11
8.58026e-11
8.5792e-11
8.57875e-11
8.57923e-11
8.57889e-11
8.57918e-11
8.57888e-11
8.5792e-11
8.57886e-11
8.57923e-11
8.57885e-11
8.57925e-11
8.57882e-11
8.57926e-11
8.57882e-11
8.57923e-11
8.57882e-11
8.57918e-11
8.57886e-11
8.57914e-11
8.57888e-11
8.57912e-11
)
;

boundaryField
{
    inlet
    {
        type            calculated;
        value           nonuniform List<scalar> 
49
(
-3.40204e-10
-3.40204e-10
-3.40204e-10
-3.40204e-10
-3.40204e-10
-3.40204e-10
-3.40204e-10
-3.40204e-10
-3.40204e-10
-3.40204e-10
-3.40204e-10
-3.40204e-10
-3.40204e-10
-3.40204e-10
-3.40204e-10
-3.40204e-10
-3.40204e-10
-3.40204e-10
-3.40204e-10
-3.40204e-10
-3.40204e-10
-3.40204e-10
-3.40204e-10
-3.40204e-10
-3.40204e-10
-3.40204e-10
-3.40204e-10
-3.40204e-10
-3.40204e-10
-3.40204e-10
-3.40204e-10
-3.40204e-10
-3.40204e-10
-3.40204e-10
-3.40204e-10
-3.40204e-10
-3.40204e-10
-3.40204e-10
-3.40204e-10
-3.40204e-10
-3.40204e-10
-3.40204e-10
-3.40204e-10
-3.40204e-10
-3.40204e-10
-3.40204e-10
-3.40204e-10
-3.40204e-10
-3.40204e-10
)
;
    }
    outlet
    {
        type            calculated;
        value           nonuniform List<scalar> 
49
(
8.57893e-11
1.65592e-10
2.03391e-10
2.1473e-10
2.03391e-10
1.65592e-10
8.57893e-11
1.65592e-10
3.55228e-10
4.53083e-10
4.83317e-10
4.53083e-10
3.55227e-10
1.65592e-10
2.03391e-10
4.53083e-10
5.86837e-10
6.28812e-10
5.86836e-10
4.53083e-10
2.03391e-10
2.1473e-10
4.83317e-10
6.28812e-10
6.74701e-10
6.28812e-10
4.83316e-10
2.1473e-10
2.03391e-10
4.53083e-10
5.86837e-10
6.28812e-10
5.86836e-10
4.53083e-10
2.03391e-10
1.65592e-10
3.55227e-10
4.53083e-10
4.83316e-10
4.53083e-10
3.55227e-10
1.65592e-10
8.57893e-11
1.65592e-10
2.03391e-10
2.1473e-10
2.03391e-10
1.65592e-10
8.57893e-11
)
;
    }
    Walls
    {
        type            calculated;
        value           uniform 0;
    }
}


// ************************************************************************* //
