/*--------------------------------*- C++ -*----------------------------------*\
  =========                 |
  \\      /  F ield         | OpenFOAM: The Open Source CFD Toolbox
   \\    /   O peration     | Website:  https://openfoam.org
    \\  /    A nd           | Version:  13
     \\/     M anipulation  |
\*---------------------------------------------------------------------------*/
FoamFile
{
    format      ascii;
    class       volVectorField;
    location    "32";
    object      U;
}
// * * * * * * * * * * * * * * * * * * * * * * * * * * * * * * * * * * * * * //

dimensions      [0 1 -1 0 0 0 0];

internalField   nonuniform List<vector> 
1372
(
(0.413281 0.00641248 0.00641248)
(0.485569 0.000826347 0.000826346)
(0.39248 -0.000197539 -0.000197562)
(0.42193 5.06063e-06 5.08401e-06)
(0.420942 5.54113e-06 5.54206e-06)
(0.420104 -2.45168e-06 -2.45366e-06)
(0.420462 6.20398e-07 6.16298e-07)
(0.420357 3.01946e-08 3.29962e-08)
(0.420371 -1.14875e-07 -1.16178e-07)
(0.420374 1.01283e-07 1.01859e-07)
(0.420373 -8.94005e-08 -9.03457e-08)
(0.420372 9.2651e-08 9.28064e-08)
(0.420374 -9.60871e-08 -9.68221e-08)
(0.420371 1.0404e-07 1.03792e-07)
(0.420374 -1.09247e-07 -1.08869e-07)
(0.420372 1.15171e-07 1.15983e-07)
(0.420374 -1.17928e-07 -1.1847e-07)
(0.420372 1.24569e-07 1.2553e-07)
(0.420374 -1.28566e-07 -1.29098e-07)
(0.420373 1.26356e-07 1.27302e-07)
(0.420373 -1.23571e-07 -1.25031e-07)
(0.420372 1.18906e-07 1.15839e-07)
(0.420371 -1.0924e-07 -1.03379e-07)
(0.420372 9.50874e-08 9.34519e-08)
(0.420371 -8.45562e-08 -8.48852e-08)
(0.420372 7.15564e-08 7.25106e-08)
(0.420371 -6.2242e-08 -6.30511e-08)
(0.420372 6.19963e-08 6.18122e-08)
(0.725372 0.0114337 0.00956184)
(0.90994 0.00172388 0.0015956)
(0.774594 -0.000173304 -0.000329568)
(0.812141 -8.75267e-05 -1.79465e-05)
(0.812453 1.15907e-05 1.29552e-05)
(0.811034 -2.226e-06 -4.18738e-06)
(0.811517 4.90441e-07 8.11994e-07)
(0.811388 3.00598e-07 3.00459e-07)
(0.811403 -2.05922e-07 -3.68481e-07)
(0.811407 1.40376e-07 2.77934e-07)
(0.811407 -1.07176e-07 -2.91944e-07)
(0.811404 1.29623e-07 2.87408e-07)
(0.811408 -1.2552e-07 -3.19919e-07)
(0.811404 1.47637e-07 3.19737e-07)
(0.811409 -1.46016e-07 -3.57979e-07)
(0.811405 1.60653e-07 3.60654e-07)
(0.81141 -1.56334e-07 -3.85505e-07)
(0.811405 1.70088e-07 4.05413e-07)
(0.811409 -1.76536e-07 -4.21484e-07)
(0.811406 1.72977e-07 4.10593e-07)
(0.811408 -1.67985e-07 -4.08472e-07)
(0.811405 1.76925e-07 3.77776e-07)
(0.811404 -1.71489e-07 -3.08862e-07)
(0.811405 1.21994e-07 3.29671e-07)
(0.811405 -1.23042e-07 -2.53403e-07)
(0.811403 9.18417e-08 2.43627e-07)
(0.811404 -8.95314e-08 -1.85861e-07)
(0.811406 7.8377e-08 1.96222e-07)
(0.847376 0.00719399 0.00929465)
(1.10064 0.0011928 0.00162068)
(0.962741 -0.000103458 -0.000346672)
(0.996901 -7.2068e-05 -3.05291e-05)
(0.997746 5.24962e-06 1.53774e-05)
(0.996237 -1.02381e-06 -4.56113e-06)
(0.996726 4.82361e-07 8.48287e-07)
(0.996606 1.82187e-07 3.71712e-07)
(0.99662 -6.19555e-08 -4.17494e-07)
(0.996624 3.73061e-08 3.15866e-07)
(0.996624 -7.78329e-09 -3.05577e-07)
(0.996621 3.49388e-08 3.12845e-07)
(0.996626 -1.68203e-08 -3.42363e-07)
(0.996621 4.08782e-08 3.50644e-07)
(0.996627 -1.97659e-08 -3.81214e-07)
(0.996623 4.0167e-08 3.94943e-07)
(0.996628 -2.35464e-08 -4.15276e-07)
(0.996623 3.06923e-08 4.39539e-07)
(0.996627 -3.40037e-08 -4.57579e-07)
(0.996624 3.09306e-08 4.48081e-07)
(0.996626 -3.52373e-08 -4.42525e-07)
(0.996623 5.61921e-08 4.09438e-07)
(0.996622 -7.76672e-08 -3.44417e-07)
(0.996623 1.38842e-08 3.45869e-07)
(0.996622 -3.79581e-08 -2.86156e-07)
(0.99662 1.24721e-09 2.62738e-07)
(0.996621 -1.7004e-08 -2.10772e-07)
(0.996622 1.23712e-08 2.14581e-07)
(0.880002 -9.44666e-08 0.00907006)
(1.15608 -1.3375e-07 0.00156538)
(1.02032 -1.7456e-07 -0.000345699)
(1.05245 5.73982e-07 -3.46039e-05)
(1.0533 -3.54697e-07 1.60459e-05)
(1.05179 2.36479e-07 -4.63935e-06)
(1.05228 5.07417e-08 8.66574e-07)
(1.05217 -4.60746e-08 3.68275e-07)
(1.05218 8.71654e-08 -4.13274e-07)
(1.05218 -7.12484e-08 3.12842e-07)
(1.05218 5.89255e-08 -2.8795e-07)
(1.05218 -5.33997e-08 2.97267e-07)
(1.05219 6.30874e-08 -3.24037e-07)
(1.05218 -6.00394e-08 3.34444e-07)
(1.05219 7.45205e-08 -3.5923e-07)
(1.05218 -7.15026e-08 3.77612e-07)
(1.05219 7.87821e-08 -3.94196e-07)
(1.05218 -8.43639e-08 4.1869e-07)
(1.05219 8.41645e-08 -4.35161e-07)
(1.05219 -8.84747e-08 4.27441e-07)
(1.05219 7.55341e-08 -4.2109e-07)
(1.05218 -5.10281e-08 3.8284e-07)
(1.05218 3.37328e-08 -3.21839e-07)
(1.05218 -5.71709e-08 3.20824e-07)
(1.05218 5.24048e-08 -2.7596e-07)
(1.05218 -6.10518e-08 2.48586e-07)
(1.05218 5.54858e-08 -2.04248e-07)
(1.05218 -4.22735e-08 2.09089e-07)
(0.847375 -0.00719415 0.00929462)
(1.10064 -0.00119298 0.00162067)
(0.962739 0.000103034 -0.000346571)
(0.996902 7.30851e-05 -3.0486e-05)
(0.997746 -5.85193e-06 1.53384e-05)
(0.996238 1.44434e-06 -4.5655e-06)
(0.996727 -3.97985e-07 8.56005e-07)
(0.996606 -2.62669e-07 3.51244e-07)
(0.99662 2.19989e-07 -4.08494e-07)
(0.996624 -1.58637e-07 3.04845e-07)
(0.996624 1.16466e-07 -2.94496e-07)
(0.996621 -1.28213e-07 2.96077e-07)
(0.996626 1.31572e-07 -3.27979e-07)
(0.996621 -1.45439e-07 3.29372e-07)
(0.996627 1.54745e-07 -3.60697e-07)
(0.996623 -1.65452e-07 3.75371e-07)
(0.996629 1.64225e-07 -3.95206e-07)
(0.996623 -1.8144e-07 4.19269e-07)
(0.996628 1.83748e-07 -4.34904e-07)
(0.996624 -1.88354e-07 4.2542e-07)
(0.996627 1.70919e-07 -4.23109e-07)
(0.996623 -1.53442e-07 3.70367e-07)
(0.996622 1.35538e-07 -2.98849e-07)
(0.996623 -1.19936e-07 3.28434e-07)
(0.996622 1.2719e-07 -2.69701e-07)
(0.99662 -1.12395e-07 2.49886e-07)
(0.996621 1.14154e-07 -2.00207e-07)
(0.996622 -8.69904e-08 2.09007e-07)
(0.725372 -0.0114338 0.00956182)
(0.90994 -0.00172386 0.00159563)
(0.774592 0.000172872 -0.0003296)
(0.812143 8.81348e-05 -1.78073e-05)
(0.812454 -1.19416e-05 1.29082e-05)
(0.811035 2.50928e-06 -4.18569e-06)
(0.811518 -4.60157e-07 8.229e-07)
(0.811388 -3.40745e-07 2.59682e-07)
(0.811403 3.03438e-07 -3.37079e-07)
(0.811407 -2.04849e-07 2.58888e-07)
(0.811407 1.71813e-07 -2.56166e-07)
(0.811404 -1.79534e-07 2.55348e-07)
(0.811408 1.92001e-07 -2.81716e-07)
(0.811404 -2.03895e-07 2.81846e-07)
(0.811409 2.25792e-07 -3.10803e-07)
(0.811405 -2.27744e-07 3.20808e-07)
(0.81141 2.35796e-07 -3.40279e-07)
(0.811405 -2.55342e-07 3.58265e-07)
(0.811409 2.60561e-07 -3.718e-07)
(0.811406 -2.62068e-07 3.61427e-07)
(0.811408 2.44981e-07 -3.61196e-07)
(0.811405 -2.4607e-07 3.10094e-07)
(0.811404 2.06776e-07 -2.5198e-07)
(0.811405 -1.85765e-07 2.85286e-07)
(0.811405 1.68499e-07 -2.27618e-07)
(0.811403 -1.58996e-07 2.11773e-07)
(0.811404 1.468e-07 -1.67061e-07)
(0.811405 -1.1977e-07 1.78707e-07)
(0.413281 -0.00641251 0.00641248)
(0.485569 -0.000826287 0.000826399)
(0.392479 0.000197338 -0.000197631)
(0.42193 -4.88282e-06 5.13482e-06)
(0.420941 -5.64731e-06 5.50225e-06)
(0.420105 2.555e-06 -2.42173e-06)
(0.420463 -6.20422e-07 6.0366e-07)
(0.420357 -3.59767e-08 2.7767e-08)
(0.420371 1.43151e-07 -1.07946e-07)
(0.420374 -1.17082e-07 9.908e-08)
(0.420373 1.0584e-07 -8.35984e-08)
(0.420372 -1.03765e-07 8.88299e-08)
(0.420374 1.1257e-07 -9.06994e-08)
(0.420371 -1.16711e-07 9.88017e-08)
(0.420374 1.30177e-07 -9.99951e-08)
(0.420372 -1.29936e-07 1.10852e-07)
(0.420375 1.37592e-07 -1.11393e-07)
(0.420372 -1.4536e-07 1.17951e-07)
(0.420374 1.49076e-07 -1.20788e-07)
(0.420372 -1.48342e-07 1.19084e-07)
(0.420373 1.42017e-07 -1.16788e-07)
(0.420372 -1.42803e-07 1.00151e-07)
(0.420371 1.20791e-07 -9.42329e-08)
(0.420372 -1.11803e-07 8.53086e-08)
(0.420371 9.47883e-08 -8.18601e-08)
(0.420372 -9.1034e-08 6.62912e-08)
(0.420371 7.82258e-08 -6.04673e-08)
(0.420372 -7.15551e-08 5.74349e-08)
(0.725372 0.00956183 0.0114337)
(0.90994 0.00159558 0.00172395)
(0.774593 -0.000329524 -0.000173457)
(0.812141 -1.79722e-05 -8.74804e-05)
(0.812453 1.29523e-05 1.16103e-05)
(0.811034 -4.18809e-06 -2.22286e-06)
(0.811517 8.21747e-07 4.5916e-07)
(0.811388 2.97468e-07 3.12242e-07)
(0.811403 -3.66343e-07 -2.12132e-07)
(0.811407 2.76492e-07 1.47177e-07)
(0.811407 -2.9028e-07 -1.13374e-07)
(0.811404 2.86962e-07 1.33851e-07)
(0.811408 -3.18295e-07 -1.31896e-07)
(0.811404 3.2008e-07 1.51438e-07)
(0.811409 -3.58638e-07 -1.48382e-07)
(0.811405 3.58524e-07 1.6906e-07)
(0.81141 -3.84501e-07 -1.62801e-07)
(0.811405 4.03319e-07 1.78697e-07)
(0.811409 -4.20484e-07 -1.83067e-07)
(0.811406 4.08515e-07 1.81768e-07)
(0.811408 -4.0643e-07 -1.76113e-07)
(0.811405 3.84688e-07 1.62282e-07)
(0.811404 -3.18452e-07 -1.52283e-07)
(0.811405 3.31524e-07 1.19225e-07)
(0.811405 -2.52027e-07 -1.28861e-07)
(0.811403 2.41828e-07 9.69444e-08)
(0.811404 -1.83925e-07 -9.47878e-08)
(0.811406 1.97238e-07 8.01897e-08)
(1.40949 0.0185545 0.0185545)
(1.90001 0.00366835 0.00366855)
(1.70096 -0.000254039 -0.000254277)
(1.73813 -0.000222999 -0.000223026)
(1.74244 1.34077e-05 1.345e-05)
(1.74016 -1.19716e-06 -1.17423e-06)
(1.74071 7.45128e-07 6.78531e-07)
(1.7406 5.4927e-07 5.61866e-07)
(1.7406 -2.83761e-07 -2.93664e-07)
(1.74061 1.94872e-07 2.09496e-07)
(1.74061 -1.32008e-07 -1.42751e-07)
(1.74061 1.76493e-07 1.85269e-07)
(1.74061 -1.57027e-07 -1.69354e-07)
(1.74061 2.02047e-07 2.09771e-07)
(1.74061 -1.86934e-07 -1.91425e-07)
(1.74061 2.19998e-07 2.35911e-07)
(1.74062 -1.99522e-07 -2.11663e-07)
(1.74061 2.24781e-07 2.40641e-07)
(1.74062 -2.28977e-07 -2.4148e-07)
(1.74061 2.25531e-07 2.41713e-07)
(1.74061 -2.12821e-07 -2.25521e-07)
(1.74061 2.3711e-07 2.08397e-07)
(1.74061 -2.44127e-07 -2.15387e-07)
(1.74061 1.36727e-07 1.35939e-07)
(1.74061 -1.73237e-07 -1.84492e-07)
(1.7406 1.07722e-07 1.15867e-07)
(1.7406 -1.15929e-07 -1.28383e-07)
(1.74061 1.02375e-07 1.06619e-07)
(1.70627 0.0124155 0.0200958)
(2.38749 0.00277572 0.00419145)
(2.19612 -0.000121588 -0.000236428)
(2.2171 -0.000190493 -0.000295236)
(2.2218 -9.26363e-07 8.22305e-06)
(2.21964 6.51222e-07 1.50478e-07)
(2.22017 8.79358e-07 9.4306e-07)
(2.22009 4.69828e-07 7.38719e-07)
(2.22009 -1.21084e-07 -3.62479e-07)
(2.2201 6.12468e-08 2.57593e-07)
(2.2201 -4.78344e-08 -1.79374e-07)
(2.2201 8.97255e-08 2.3578e-07)
(2.2201 -6.51318e-08 -2.13706e-07)
(2.2201 1.00252e-07 2.64821e-07)
(2.22011 -7.59058e-08 -2.41033e-07)
(2.2201 1.06876e-07 2.99907e-07)
(2.22011 -8.14222e-08 -2.66455e-07)
(2.2201 9.93296e-08 3.04799e-07)
(2.22011 -1.06843e-07 -3.06968e-07)
(2.2201 9.8062e-08 3.07014e-07)
(2.22011 -1.07576e-07 -2.88817e-07)
(2.2201 1.43842e-07 2.62131e-07)
(2.2201 -1.58921e-07 -2.76078e-07)
(2.2201 6.4771e-08 1.79764e-07)
(2.2201 -9.04842e-08 -2.34591e-07)
(2.22009 3.73011e-08 1.39007e-07)
(2.2201 -3.48528e-08 -1.59213e-07)
(2.2201 2.53766e-08 1.48339e-07)
(1.78851 -1.44825e-07 0.0202745)
(2.5335 -3.03835e-07 0.00422308)
(2.35181 -4.12762e-07 -0.000227339)
(2.36572 8.97439e-07 -0.000315673)
(2.36982 -3.95624e-07 5.69146e-06)
(2.36776 2.94653e-07 6.10532e-07)
(2.3683 1.50306e-07 1.06194e-06)
(2.36824 -5.07706e-08 7.76382e-07)
(2.36824 1.3109e-07 -3.66879e-07)
(2.36824 -9.32654e-08 2.60333e-07)
(2.36825 7.94351e-08 -1.76914e-07)
(2.36824 -6.72524e-08 2.3818e-07)
(2.36825 8.72858e-08 -2.12273e-07)
(2.36824 -7.36992e-08 2.66872e-07)
(2.36825 1.00148e-07 -2.39533e-07)
(2.36825 -8.93035e-08 3.02369e-07)
(2.36826 1.05077e-07 -2.65168e-07)
(2.36825 -1.11237e-07 3.0461e-07)
(2.36826 1.07851e-07 -3.06446e-07)
(2.36825 -1.15583e-07 3.07054e-07)
(2.36826 9.43467e-08 -2.87246e-07)
(2.36825 -4.79252e-08 2.62762e-07)
(2.36825 1.66964e-08 -2.85569e-07)
(2.36825 -7.81938e-08 1.78699e-07)
(2.36825 5.75265e-08 -2.37749e-07)
(2.36824 -8.05006e-08 1.33746e-07)
(2.36824 8.66876e-08 -1.60323e-07)
(2.36825 -6.70988e-08 1.54484e-07)
(1.70627 -0.0124158 0.0200958)
(2.38749 -0.00277616 0.0041915)
(2.19612 0.000120726 -0.000236335)
(2.21711 0.000192044 -0.000295318)
(2.2218 2.25269e-07 8.17524e-06)
(2.21964 -8.04623e-08 1.74152e-07)
(2.22017 -6.3695e-07 8.88947e-07)
(2.22009 -5.47844e-07 7.41046e-07)
(2.22009 3.53867e-07 -3.73753e-07)
(2.2201 -2.1637e-07 2.65744e-07)
(2.2201 1.8326e-07 -1.87762e-07)
(2.2201 -1.98992e-07 2.45599e-07)
(2.2201 2.12706e-07 -2.25467e-07)
(2.2201 -2.21588e-07 2.75643e-07)
(2.22011 2.4837e-07 -2.54945e-07)
(2.2201 -2.52585e-07 3.0956e-07)
(2.22011 2.58124e-07 -2.82223e-07)
(2.2201 -2.85795e-07 3.1676e-07)
(2.22011 2.86271e-07 -3.21035e-07)
(2.2201 -2.92366e-07 3.18878e-07)
(2.22011 2.63823e-07 -2.98804e-07)
(2.2201 -2.36968e-07 2.74693e-07)
(2.2201 1.91801e-07 -2.88807e-07)
(2.2201 -1.9846e-07 1.93329e-07)
(2.2201 1.82319e-07 -2.39291e-07)
(2.22009 -1.80223e-07 1.4574e-07)
(2.2201 1.87733e-07 -1.64262e-07)
(2.2201 -1.33113e-07 1.60424e-07)
(1.40949 -0.0185546 0.0185545)
(1.9 -0.0036685 0.0036686)
(1.70095 0.000253379 -0.000254177)
(1.73814 0.000223946 -0.00022313)
(1.74244 -1.38086e-05 1.33845e-05)
(1.74016 1.55102e-06 -1.12106e-06)
(1.74071 -6.08404e-07 5.96673e-07)
(1.7406 -6.11526e-07 5.75242e-07)
(1.7406 4.48041e-07 -3.12029e-07)
(1.74061 -2.90909e-07 2.23081e-07)
(1.74061 2.34221e-07 -1.58615e-07)
(1.74061 -2.59645e-07 2.02446e-07)
(1.74061 2.67338e-07 -1.90469e-07)
(1.74061 -2.97715e-07 2.28278e-07)
(1.74061 3.22061e-07 -2.14423e-07)
(1.74061 -3.25443e-07 2.54927e-07)
(1.74062 3.3035e-07 -2.38045e-07)
(1.74061 -3.61288e-07 2.62831e-07)
(1.74062 3.61227e-07 -2.66722e-07)
(1.74061 -3.68509e-07 2.63607e-07)
(1.74062 3.31062e-07 -2.46291e-07)
(1.74061 -3.57695e-07 2.25215e-07)
(1.74061 3.18528e-07 -2.31368e-07)
(1.74061 -2.43851e-07 1.61193e-07)
(1.74061 2.35851e-07 -1.93551e-07)
(1.7406 -2.21055e-07 1.23746e-07)
(1.7406 2.34903e-07 -1.34324e-07)
(1.74061 -1.55958e-07 1.33185e-07)
(0.725372 -0.00956187 0.0114337)
(0.90994 -0.00159546 0.00172402)
(0.774591 0.000329115 -0.00017348)
(0.812143 1.82014e-05 -8.74805e-05)
(0.812453 -1.31179e-05 1.1559e-05)
(0.811035 4.39296e-06 -2.19174e-06)
(0.811518 -8.34401e-07 4.22024e-07)
(0.811388 -2.75107e-07 3.09967e-07)
(0.811403 3.96689e-07 -2.10325e-07)
(0.811407 -2.85925e-07 1.4963e-07)
(0.811407 2.92181e-07 -1.12125e-07)
(0.811404 -2.79033e-07 1.34496e-07)
(0.811408 3.1772e-07 -1.32216e-07)
(0.811404 -3.10644e-07 1.51949e-07)
(0.811409 3.60626e-07 -1.46548e-07)
(0.811405 -3.50588e-07 1.69327e-07)
(0.81141 3.8324e-07 -1.64164e-07)
(0.811405 -4.02705e-07 1.78133e-07)
(0.811409 4.17019e-07 -1.82002e-07)
(0.811406 -4.08484e-07 1.80014e-07)
(0.811408 4.01427e-07 -1.73257e-07)
(0.811405 -3.78687e-07 1.49156e-07)
(0.811404 2.92576e-07 -1.44437e-07)
(0.811405 -3.27897e-07 1.16358e-07)
(0.811405 2.47284e-07 -1.28011e-07)
(0.811403 -2.56009e-07 9.38811e-08)
(0.811404 1.98258e-07 -9.3437e-08)
(0.811405 -1.95055e-07 8.22066e-08)
(0.847376 0.00929464 0.00719402)
(1.10064 0.00162067 0.00119298)
(0.96274 -0.000346656 -0.000103726)
(0.996901 -3.05428e-05 -7.20554e-05)
(0.997746 1.53781e-05 5.29956e-06)
(0.996237 -4.56603e-06 -1.01512e-06)
(0.996726 8.5777e-07 4.19558e-07)
(0.996606 3.71205e-07 2.01938e-07)
(0.99662 -4.16539e-07 -7.45002e-08)
(0.996624 3.15269e-07 5.41886e-08)
(0.996624 -3.05922e-07 -2.05004e-08)
(0.996621 3.13792e-07 4.66156e-08)
(0.996626 -3.42868e-07 -3.08714e-08)
(0.996621 3.53964e-07 5.27699e-08)
(0.996627 -3.84531e-07 -2.96944e-08)
(0.996623 3.9557e-07 5.89049e-08)
(0.996628 -4.16146e-07 -4.04244e-08)
(0.996623 4.40505e-07 4.96726e-08)
(0.996627 -4.58332e-07 -5.11558e-08)
(0.996624 4.4934e-07 5.04507e-08)
(0.996626 -4.41643e-07 -5.2584e-08)
(0.996623 4.22401e-07 3.37566e-08)
(0.996622 -3.61512e-07 -5.36161e-08)
(0.996623 3.48924e-07 1.59953e-08)
(0.996622 -2.87086e-07 -5.14175e-08)
(0.99662 2.61534e-07 1.28139e-08)
(0.996621 -2.09612e-07 -2.79531e-08)
(0.996622 2.16809e-07 1.85595e-08)
(1.70627 0.0200958 0.0124156)
(2.38749 0.00419118 0.00277609)
(2.19612 -0.000236168 -0.000121953)
(2.2171 -0.000295166 -0.0001906)
(2.2218 8.17987e-06 -8.47622e-07)
(2.21964 1.14172e-07 6.95623e-07)
(2.22017 1.02006e-06 7.59175e-07)
(2.22009 7.30546e-07 4.8554e-07)
(2.22009 -3.51113e-07 -1.38277e-07)
(2.2201 2.40432e-07 8.99133e-08)
(2.2201 -1.67171e-07 -6.51542e-08)
(2.2201 2.25023e-07 1.06211e-07)
(2.2201 -1.98616e-07 -8.58463e-08)
(2.2201 2.54824e-07 1.14258e-07)
(2.22011 -2.3421e-07 -8.55402e-08)
(2.2201 2.79755e-07 1.34078e-07)
(2.22011 -2.52027e-07 -1.04412e-07)
(2.2201 2.85417e-07 1.25843e-07)
(2.22011 -2.91998e-07 -1.30567e-07)
(2.2201 2.87242e-07 1.2504e-07)
(2.22011 -2.75676e-07 -1.29996e-07)
(2.2201 2.94633e-07 8.90175e-08)
(2.2201 -3.00773e-07 -1.08498e-07)
(2.2201 1.75321e-07 6.92042e-08)
(2.2201 -2.20092e-07 -1.09937e-07)
(2.22009 1.29938e-07 5.27539e-08)
(2.2201 -1.45365e-07 -5.66382e-08)
(2.2201 1.43846e-07 3.43013e-08)
(2.09509 0.0138007 0.0138007)
(3.04539 0.00332949 0.00332995)
(2.8793 -7.90601e-05 -7.94706e-05)
(2.8738 -0.000255516 -0.000255684)
(2.87675 -1.15548e-05 -1.14753e-05)
(2.87494 1.82006e-06 1.88536e-06)
(2.8755 1.41938e-06 1.28241e-06)
(2.87549 6.16667e-07 6.25178e-07)
(2.87549 -1.35026e-07 -1.55236e-07)
(2.87549 7.33532e-08 1.06785e-07)
(2.87549 -3.71739e-08 -5.63313e-08)
(2.87549 9.73942e-08 1.17008e-07)
(2.8755 -5.85017e-08 -8.30529e-08)
(2.87549 1.09373e-07 1.26193e-07)
(2.8755 -6.75953e-08 -7.99664e-08)
(2.8755 1.15995e-07 1.49627e-07)
(2.87551 -7.69026e-08 -1.03415e-07)
(2.8755 1.0079e-07 1.32404e-07)
(2.87551 -1.08688e-07 -1.3619e-07)
(2.8755 1.01062e-07 1.33245e-07)
(2.87551 -1.10553e-07 -1.34197e-07)
(2.8755 1.49693e-07 8.60017e-08)
(2.8755 -1.75836e-07 -1.27992e-07)
(2.8755 4.62517e-08 5.74001e-08)
(2.8755 -1.05779e-07 -1.29898e-07)
(2.87549 2.67415e-08 4.39547e-08)
(2.87549 -4.5442e-08 -6.93381e-08)
(2.87549 3.37466e-08 4.31776e-08)
(2.20476 -1.7452e-07 0.0140126)
(3.24532 -3.55153e-07 0.00340895)
(3.09713 -4.63416e-07 -6.26331e-05)
(3.08108 9.74732e-07 -0.000274368)
(3.08218 -3.75434e-07 -1.58771e-05)
(3.08055 2.95945e-07 2.16802e-06)
(3.08116 1.87435e-07 1.4976e-06)
(3.08117 -4.82773e-08 6.72155e-07)
(3.08117 1.43954e-07 -1.63224e-07)
(3.08117 -9.19662e-08 1.14436e-07)
(3.08117 8.43529e-08 -5.28583e-08)
(3.08117 -7.13325e-08 1.18752e-07)
(3.08118 9.53024e-08 -8.13167e-08)
(3.08117 -7.88764e-08 1.28158e-07)
(3.08118 1.10439e-07 -7.82591e-08)
(3.08118 -9.52766e-08 1.51996e-07)
(3.08119 1.13107e-07 -1.03553e-07)
(3.08119 -1.20946e-07 1.32632e-07)
(3.08119 1.1487e-07 -1.37028e-07)
(3.08119 -1.25581e-07 1.33787e-07)
(3.08119 9.77109e-08 -1.32747e-07)
(3.08118 -5.76528e-08 7.67076e-08)
(3.08118 2.64057e-08 -1.25346e-07)
(3.08118 -8.8133e-08 5.24898e-08)
(3.08118 6.27342e-08 -1.33504e-07)
(3.08117 -9.02109e-08 4.20698e-08)
(3.08117 8.99529e-08 -7.38859e-08)
(3.08117 -6.42884e-08 4.85555e-08)
(2.09509 -0.013801 0.0138008)
(3.04539 -0.00332997 0.00333004)
(2.87929 7.80369e-05 -7.93101e-05)
(2.87381 0.000257236 -0.000255886)
(2.87675 1.08988e-05 -1.1435e-05)
(2.87495 -1.25126e-06 1.83466e-06)
(2.8755 -1.1056e-06 1.22845e-06)
(2.87549 -6.98824e-07 6.27554e-07)
(2.87549 3.98799e-07 -1.78649e-07)
(2.87549 -2.28547e-07 1.26768e-07)
(2.8755 1.92817e-07 -6.67116e-08)
(2.87549 -2.19421e-07 1.27501e-07)
(2.8755 2.30207e-07 -9.66321e-08)
(2.87549 -2.456e-07 1.37899e-07)
(2.8755 2.69264e-07 -9.65851e-08)
(2.8755 -2.79416e-07 1.60847e-07)
(2.87551 2.7864e-07 -1.23399e-07)
(2.8755 -3.1496e-07 1.47296e-07)
(2.87551 3.11393e-07 -1.54388e-07)
(2.8755 -3.23084e-07 1.47641e-07)
(2.87551 2.84221e-07 -1.47262e-07)
(2.8755 -2.67228e-07 8.37419e-08)
(2.8755 2.23673e-07 -1.21077e-07)
(2.8755 -2.08462e-07 7.00019e-08)
(2.8755 2.08753e-07 -1.36827e-07)
(2.87549 -1.95914e-07 5.64167e-08)
(2.87549 2.06678e-07 -7.89742e-08)
(2.87549 -1.4015e-07 5.98597e-08)
(1.70627 -0.020096 0.0124156)
(2.38749 -0.00419135 0.00277619)
(2.19611 0.000235346 -0.000121723)
(2.21711 0.000296231 -0.000190891)
(2.2218 -8.5617e-06 -7.74249e-07)
(2.21964 2.58555e-07 6.1508e-07)
(2.22017 -8.34655e-07 6.81261e-07)
(2.22009 -7.9267e-07 4.94583e-07)
(2.22009 5.3527e-07 -1.75186e-07)
(2.2201 -3.33971e-07 1.25627e-07)
(2.2201 2.80003e-07 -8.51557e-08)
(2.2201 -3.10887e-07 1.28108e-07)
(2.2201 3.21617e-07 -1.10447e-07)
(2.2201 -3.54265e-07 1.37767e-07)
(2.22011 3.84499e-07 -1.14317e-07)
(2.2201 -3.90203e-07 1.59169e-07)
(2.22011 3.94996e-07 -1.39826e-07)
(2.2201 -4.34807e-07 1.55738e-07)
(2.22011 4.34713e-07 -1.63661e-07)
(2.2201 -4.42784e-07 1.55206e-07)
(2.22011 4.00433e-07 -1.56647e-07)
(2.2201 -4.21881e-07 9.61365e-08)
(2.2201 3.70873e-07 -1.11171e-07)
(2.2201 -2.98674e-07 9.17883e-08)
(2.2201 2.85365e-07 -1.26854e-07)
(2.22009 -2.61387e-07 7.23305e-08)
(2.2201 2.69265e-07 -7.54776e-08)
(2.2201 -1.9463e-07 6.21939e-08)
(0.847375 -0.00929467 0.00719407)
(1.10064 -0.00162057 0.00119301)
(0.962737 0.000346195 -0.000103566)
(0.996903 3.08195e-05 -7.23013e-05)
(0.997746 -1.55355e-05 5.38964e-06)
(0.996239 4.78112e-06 -1.09571e-06)
(0.996727 -8.63791e-07 3.71957e-07)
(0.996606 -3.48596e-07 2.19972e-07)
(0.99662 4.53376e-07 -1.09709e-07)
(0.996624 -3.2675e-07 8.34652e-08)
(0.996625 3.15092e-07 -4.51204e-08)
(0.996621 -3.09462e-07 6.87558e-08)
(0.996626 3.47567e-07 -5.85748e-08)
(0.996621 -3.48464e-07 7.84745e-08)
(0.996627 3.94706e-07 -6.17666e-08)
(0.996623 -3.90336e-07 8.68182e-08)
(0.996629 4.22119e-07 -7.63557e-08)
(0.996623 -4.45252e-07 8.40062e-08)
(0.996628 4.60917e-07 -8.64076e-08)
(0.996624 -4.53957e-07 8.47264e-08)
(0.996627 4.41526e-07 -8.24535e-08)
(0.996623 -4.24653e-07 5.48088e-08)
(0.996622 3.36462e-07 -6.77057e-08)
(0.996622 -3.47754e-07 4.10618e-08)
(0.996622 2.81081e-07 -7.0493e-08)
(0.99662 -2.82221e-07 3.70464e-08)
(0.996621 2.24871e-07 -4.62326e-08)
(0.996622 -2.14249e-07 3.85856e-08)
(0.880002 0.00907006 -5.60902e-08)
(1.15608 0.00156541 9.83907e-08)
(1.02032 -0.000345756 -4.55394e-07)
(1.05245 -3.45935e-05 5.29736e-07)
(1.0533 1.60471e-05 -2.8853e-07)
(1.05179 -4.64131e-06 2.45816e-07)
(1.05228 8.70767e-07 -2.39971e-08)
(1.05217 3.72821e-07 -2.43542e-08)
(1.05218 -4.12801e-07 7.12786e-08)
(1.05218 3.14163e-07 -4.83574e-08)
(1.05218 -2.90869e-07 4.34134e-08)
(1.05218 3.01857e-07 -3.67127e-08)
(1.05219 -3.27608e-07 4.54718e-08)
(1.05218 3.43185e-07 -4.25445e-08)
(1.05219 -3.67461e-07 5.82054e-08)
(1.05218 3.8318e-07 -4.8272e-08)
(1.05219 -3.99341e-07 5.49909e-08)
(1.05218 4.24372e-07 -6.06725e-08)
(1.05219 -4.40163e-07 5.98842e-08)
(1.05219 4.33947e-07 -6.41056e-08)
(1.05219 -4.23028e-07 5.28284e-08)
(1.05218 4.05735e-07 -7.25574e-08)
(1.05218 -3.54699e-07 5.42885e-08)
(1.05218 3.28292e-07 -4.94445e-08)
(1.05218 -2.80713e-07 3.56828e-08)
(1.05218 2.49082e-07 -4.51918e-08)
(1.05218 -2.04315e-07 4.18474e-08)
(1.05218 2.12854e-07 -3.31859e-08)
(1.78851 0.0202744 -8.96588e-08)
(2.5335 0.00422279 1.05235e-07)
(2.35181 -0.000227098 -7.67026e-07)
(2.36572 -0.000315571 7.21737e-07)
(2.36982 5.65894e-06 -3.04554e-07)
(2.36776 5.66496e-07 3.42512e-07)
(2.3683 1.13818e-06 1.82301e-08)
(2.36824 7.75063e-07 -3.64809e-08)
(2.36824 -3.55327e-07 1.1115e-07)
(2.36824 2.42558e-07 -5.87165e-08)
(2.36825 -1.65548e-07 6.06444e-08)
(2.36824 2.26917e-07 -4.703e-08)
(2.36825 -1.97213e-07 6.44261e-08)
(2.36824 2.56391e-07 -5.58867e-08)
(2.36825 -2.32201e-07 8.58978e-08)
(2.36825 2.81721e-07 -5.95394e-08)
(2.36826 -2.50948e-07 7.66563e-08)
(2.36825 2.85321e-07 -8.20974e-08)
(2.36826 -2.91661e-07 7.84877e-08)
(2.36825 2.87366e-07 -8.60146e-08)
(2.36826 -2.76201e-07 6.77628e-08)
(2.36825 2.92137e-07 -1.07294e-07)
(2.36825 -3.01347e-07 6.90722e-08)
(2.36825 1.71747e-07 -6.81915e-08)
(2.36825 -2.22861e-07 3.64721e-08)
(2.36824 1.25976e-07 -6.09648e-08)
(2.36824 -1.46178e-07 6.21121e-08)
(2.36825 1.48927e-07 -5.6224e-08)
(2.20476 0.0140126 -1.09476e-07)
(3.24533 0.00340846 1.55708e-07)
(3.09713 -6.22486e-05 -8.70806e-07)
(3.08108 -0.00027416 7.39605e-07)
(3.08218 -1.59474e-05 -2.82138e-07)
(3.08055 2.09437e-06 3.61919e-07)
(3.08116 1.63575e-06 3.76655e-08)
(3.08117 6.71235e-07 -4.04595e-08)
(3.08117 -1.42217e-07 1.20642e-07)
(3.08117 8.03305e-08 -5.2336e-08)
(3.08117 -3.52743e-08 6.36774e-08)
(3.08117 9.95944e-08 -4.76818e-08)
(3.08118 -5.75447e-08 6.84503e-08)
(3.08117 1.12465e-07 -5.76678e-08)
(3.08118 -6.69799e-08 9.29721e-08)
(3.08118 1.18816e-07 -5.88542e-08)
(3.08119 -7.81487e-08 8.06498e-08)
(3.08119 1.02123e-07 -8.64061e-08)
(3.08119 -1.10518e-07 8.12947e-08)
(3.08119 1.02917e-07 -9.04062e-08)
(3.08119 -1.11341e-07 6.93703e-08)
(3.08118 1.46332e-07 -1.24856e-07)
(3.08118 -1.75245e-07 7.45838e-08)
(3.08118 4.06245e-08 -7.1303e-08)
(3.08118 -1.09661e-07 3.71373e-08)
(3.08117 2.58831e-08 -6.82457e-08)
(3.08117 -5.0073e-08 6.26262e-08)
(3.08117 3.9549e-08 -5.33689e-08)
(2.32281 -1.60285e-07 -9.32073e-08)
(3.46261 -3.10589e-07 2.22056e-07)
(3.33581 -4.26488e-07 -8.33797e-07)
(3.30814 8.66077e-07 6.10659e-07)
(3.30677 -3.05026e-07 -2.16497e-07)
(3.3053 2.5136e-07 3.24594e-07)
(3.30598 1.77255e-07 2.40712e-08)
(3.30603 -3.88225e-08 -3.3667e-08)
(3.30603 1.32934e-07 1.08378e-07)
(3.30602 -7.63897e-08 -3.58562e-08)
(3.30603 7.89576e-08 5.78842e-08)
(3.30603 -6.38936e-08 -3.95064e-08)
(3.30604 8.84125e-08 6.04472e-08)
(3.30603 -7.01387e-08 -4.8579e-08)
(3.30604 1.01398e-07 8.33061e-08)
(3.30604 -8.69251e-08 -4.88244e-08)
(3.30605 1.01831e-07 6.8637e-08)
(3.30605 -1.11948e-07 -7.60786e-08)
(3.30605 1.0287e-07 6.83698e-08)
(3.30605 -1.16362e-07 -7.99006e-08)
(3.30605 8.75353e-08 5.8824e-08)
(3.30604 -5.43318e-08 -1.25436e-07)
(3.30604 2.46658e-08 7.28603e-08)
(3.30604 -8.26434e-08 -6.27591e-08)
(3.30604 5.62345e-08 2.97502e-08)
(3.30603 -8.33021e-08 -6.11982e-08)
(3.30603 8.17824e-08 5.43457e-08)
(3.30603 -5.37212e-08 -4.2101e-08)
(2.20476 -0.0140129 -4.28222e-08)
(3.24533 -0.00340891 2.40991e-07)
(3.09712 6.13542e-05 -6.67659e-07)
(3.08109 0.000275667 4.00482e-07)
(3.08218 1.53869e-05 -1.70974e-07)
(3.08055 -1.58784e-06 2.77199e-07)
(3.08116 -1.34864e-06 -2.45785e-08)
(3.08117 -7.27578e-07 -9.87673e-09)
(3.08117 3.79084e-07 7.69951e-08)
(3.08117 -2.00897e-07 -7.27026e-09)
(3.08117 1.67631e-07 3.0823e-08)
(3.08117 -1.95869e-07 -1.1666e-08)
(3.08118 2.03757e-07 3.06469e-08)
(3.08117 -2.2096e-07 -1.87966e-08)
(3.08118 2.38875e-07 4.77808e-08)
(3.08118 -2.51627e-07 -1.66686e-08)
(3.08119 2.44172e-07 2.85878e-08)
(3.08118 -2.8296e-07 -3.80457e-08)
(3.08119 2.76039e-07 2.83671e-08)
(3.08118 -2.90675e-07 -4.09592e-08)
(3.08119 2.50035e-07 2.16929e-08)
(3.08118 -2.39342e-07 -9.18331e-08)
(3.08118 2.04823e-07 4.97202e-08)
(3.08118 -1.79577e-07 -3.36625e-08)
(3.08118 1.91544e-07 7.81683e-09)
(3.08117 -1.74943e-07 -3.61001e-08)
(3.08117 1.91561e-07 3.51704e-08)
(3.08117 -1.22144e-07 -2.22361e-08)
(1.78851 -0.0202746 -9.20131e-09)
(2.5335 -0.00422296 1.83367e-07)
(2.3518 0.000226361 -4.07504e-07)
(2.36572 0.00031652 2.13022e-07)
(2.36982 -6.00358e-06 -7.30136e-08)
(2.36776 -2.20117e-07 1.39066e-07)
(2.3683 -9.67808e-07 -4.82786e-08)
(2.36824 -8.19978e-07 -5.23594e-09)
(2.36824 5.22851e-07 4.85557e-08)
(2.36824 -3.15284e-07 5.11144e-09)
(2.36825 2.61917e-07 2.4422e-08)
(2.36824 -2.94475e-07 -1.012e-08)
(2.36825 3.02239e-07 2.25999e-08)
(2.36824 -3.36484e-07 -1.41829e-08)
(2.36825 3.62158e-07 3.63585e-08)
(2.36825 -3.70091e-07 -1.27182e-08)
(2.36826 3.7009e-07 1.9345e-08)
(2.36825 -4.11302e-07 -2.79986e-08)
(2.36826 4.0957e-07 2.06161e-08)
(2.36825 -4.18771e-07 -3.06535e-08)
(2.36826 3.7639e-07 1.74827e-08)
(2.36825 -3.97631e-07 -7.62656e-08)
(2.36825 3.52837e-07 4.95379e-08)
(2.36825 -2.77886e-07 -3.08847e-08)
(2.36825 2.73417e-07 3.3726e-09)
(2.36824 -2.45169e-07 -2.39505e-08)
(2.36824 2.56935e-07 2.37989e-08)
(2.36825 -1.84923e-07 -1.2999e-08)
(0.880001 -0.0090701 1.76694e-08)
(1.15608 -0.00156531 6.049e-08)
(1.02032 0.000345383 -1.98549e-07)
(1.05246 3.4855e-05 1.44626e-07)
(1.0533 -1.61974e-05 -8.67736e-08)
(1.05179 4.83439e-06 9.38849e-08)
(1.05228 -8.75126e-07 -5.43845e-08)
(1.05217 -3.53873e-07 1.40659e-08)
(1.05218 4.46932e-07 1.63007e-08)
(1.05218 -3.22112e-07 3.81185e-09)
(1.05219 2.98932e-07 1.66683e-09)
(1.05218 -2.97585e-07 4.1219e-09)
(1.05219 3.31804e-07 -6.52023e-11)
(1.05218 -3.38529e-07 3.01939e-09)
(1.05219 3.79159e-07 5.066e-09)
(1.05218 -3.76252e-07 3.62659e-09)
(1.05219 4.05494e-07 -4.87343e-09)
(1.05218 -4.27555e-07 -5.22719e-10)
(1.05219 4.43381e-07 -2.27963e-09)
(1.05218 -4.36833e-07 -2.35903e-09)
(1.05219 4.22725e-07 -5.21538e-09)
(1.05218 -4.09579e-07 -2.4585e-08)
(1.05218 3.32606e-07 1.84796e-08)
(1.05218 -3.28777e-07 -5.13325e-09)
(1.05218 2.73082e-07 -2.26607e-09)
(1.05218 -2.70448e-07 -6.26188e-09)
(1.05218 2.1801e-07 8.85563e-09)
(1.05218 -2.08741e-07 1.12611e-09)
(0.847375 0.00929463 -0.00719413)
(1.10064 0.00162072 -0.00119281)
(0.962739 -0.000346663 0.000102866)
(0.996901 -3.04679e-05 7.30221e-05)
(0.997746 1.53365e-05 -5.80278e-06)
(0.996238 -4.56434e-06 1.45093e-06)
(0.996726 8.58186e-07 -4.50323e-07)
(0.996606 3.60072e-07 -2.49232e-07)
(0.99662 -4.09013e-07 2.08281e-07)
(0.996624 3.0838e-07 -1.41469e-07)
(0.996624 -2.99945e-07 1.05706e-07)
(0.996621 3.05003e-07 -1.15965e-07)
(0.996626 -3.34287e-07 1.19292e-07)
(0.996621 3.43683e-07 -1.32851e-07)
(0.996627 -3.74808e-07 1.42369e-07)
(0.996623 3.84609e-07 -1.49578e-07)
(0.996628 -4.05701e-07 1.4668e-07)
(0.996623 4.28757e-07 -1.65114e-07)
(0.996628 -4.45356e-07 1.65742e-07)
(0.996624 4.36053e-07 -1.71697e-07)
(0.996627 -4.29493e-07 1.54302e-07)
(0.996623 4.05268e-07 -1.69084e-07)
(0.996622 -3.45221e-07 1.51699e-07)
(0.996623 3.39673e-07 -1.13856e-07)
(0.996622 -2.77241e-07 1.15658e-07)
(0.99662 2.52755e-07 -1.00357e-07)
(0.996621 -2.00788e-07 1.04256e-07)
(0.996622 2.15342e-07 -8.05757e-08)
(1.70627 0.0200958 -0.0124157)
(2.38749 0.00419121 -0.00277591)
(2.19612 -0.000236116 0.000120545)
(2.2171 -0.000295209 0.000191897)
(2.2218 8.15433e-06 2.88783e-07)
(2.21964 1.23701e-07 -5.40973e-08)
(2.22017 9.65215e-07 -7.21824e-07)
(2.22009 7.41754e-07 -5.42097e-07)
(2.22009 -3.62692e-07 3.39706e-07)
(2.2201 2.47603e-07 -1.93065e-07)
(2.2201 -1.76665e-07 1.71953e-07)
(2.2201 2.33232e-07 -1.8635e-07)
(2.2201 -2.1065e-07 1.98632e-07)
(2.2201 2.64116e-07 -2.10996e-07)
(2.22011 -2.46454e-07 2.39078e-07)
(2.2201 2.8934e-07 -2.3468e-07)
(2.22011 -2.67009e-07 2.39807e-07)
(2.2201 2.97984e-07 -2.6815e-07)
(2.22011 -3.05238e-07 2.6736e-07)
(2.2201 2.99765e-07 -2.74566e-07)
(2.22011 -2.87771e-07 2.46779e-07)
(2.2201 3.00102e-07 -2.77673e-07)
(2.2201 -2.99463e-07 2.28151e-07)
(2.2201 1.84825e-07 -1.90042e-07)
(2.2201 -2.24718e-07 1.69844e-07)
(2.22009 1.37155e-07 -1.66147e-07)
(2.2201 -1.49572e-07 1.70081e-07)
(2.2201 1.55474e-07 -1.27528e-07)
(2.09509 0.0138007 -0.013801)
(3.04539 0.00332956 -0.00332965)
(2.87929 -7.89454e-05 7.78213e-05)
(2.8738 -0.000255675 0.000257047)
(2.87675 -1.15006e-05 1.09617e-05)
(2.87495 1.76095e-06 -1.21177e-06)
(2.8755 1.36391e-06 -1.20486e-06)
(2.87549 6.27632e-07 -6.96301e-07)
(2.87549 -1.58672e-07 3.81208e-07)
(2.87549 9.29573e-08 -2.01365e-07)
(2.8755 -5.01121e-08 1.79125e-07)
(2.87549 1.0873e-07 -2.03832e-07)
(2.8755 -7.42173e-08 2.12399e-07)
(2.87549 1.22601e-07 -2.32207e-07)
(2.8755 -8.60051e-08 2.5707e-07)
(2.8755 1.29589e-07 -2.56275e-07)
(2.87551 -9.855e-08 2.56462e-07)
(2.8755 1.18627e-07 -2.92594e-07)
(2.87551 -1.28511e-07 2.88467e-07)
(2.8755 1.18754e-07 -3.00528e-07)
(2.87551 -1.26791e-07 2.64218e-07)
(2.8755 1.52101e-07 -3.13689e-07)
(2.8755 -1.71608e-07 2.60924e-07)
(2.8755 6.00506e-08 -1.95959e-07)
(2.8755 -1.14149e-07 1.92476e-07)
(2.87549 4.07279e-08 -1.79395e-07)
(2.87549 -5.60783e-08 1.8699e-07)
(2.87549 5.0749e-08 -1.33977e-07)
(2.20476 -1.07865e-07 -0.0140128)
(3.24533 -2.74876e-07 -0.00340856)
(3.09712 -2.59779e-07 6.11004e-05)
(3.08108 6.39565e-07 0.000275474)
(3.08218 -2.63452e-07 1.54574e-05)
(3.08055 2.1022e-07 -1.54601e-06)
(3.08116 1.25933e-07 -1.45616e-06)
(3.08117 -1.7191e-08 -7.24071e-07)
(3.08117 1.00549e-07 3.60251e-07)
(3.08117 -4.72093e-08 -1.71931e-07)
(3.08117 5.14863e-08 1.52769e-07)
(3.08117 -3.55401e-08 -1.79257e-07)
(3.08118 5.75881e-08 1.84254e-07)
(3.08117 -4.0202e-08 -2.06466e-07)
(3.08118 6.53564e-08 2.25885e-07)
(3.08118 -5.32815e-08 -2.25905e-07)
(3.08119 6.12721e-08 2.20582e-07)
(3.08118 -7.27104e-08 -2.58272e-07)
(3.08119 6.2187e-08 2.51687e-07)
(3.08118 -7.62469e-08 -2.65632e-07)
(3.08119 5.01102e-08 2.28736e-07)
(3.08118 -2.41271e-08 -2.89753e-07)
(3.08118 1.56746e-09 2.42923e-07)
(3.08118 -5.06845e-08 -1.65353e-07)
(3.08118 3.35484e-08 1.73723e-07)
(3.08117 -5.81528e-08 -1.57473e-07)
(3.08117 6.25677e-08 1.7045e-07)
(3.08117 -3.32963e-08 -1.15554e-07)
(2.09509 -0.0138009 -0.0138009)
(3.04539 -0.00332996 -0.00332962)
(2.87929 7.83578e-05 7.80775e-05)
(2.87381 0.000256824 0.000256651)
(2.87675 1.10671e-05 1.11476e-05)
(2.87495 -1.40621e-06 -1.3693e-06)
(2.8755 -1.14072e-06 -1.25142e-06)
(2.87549 -6.73606e-07 -6.63291e-07)
(2.87549 3.51817e-07 3.32526e-07)
(2.87549 -1.77317e-07 -1.47332e-07)
(2.8755 1.63836e-07 1.46981e-07)
(2.87549 -1.87371e-07 -1.69235e-07)
(2.8755 1.96504e-07 1.75517e-07)
(2.87549 -2.10007e-07 -1.93631e-07)
(2.8755 2.28999e-07 2.141e-07)
(2.8755 -2.38454e-07 -2.1128e-07)
(2.87551 2.32585e-07 2.06517e-07)
(2.8755 -2.69607e-07 -2.42906e-07)
(2.87551 2.63564e-07 2.36681e-07)
(2.8755 -2.7626e-07 -2.4907e-07)
(2.87551 2.41815e-07 2.17132e-07)
(2.8755 -2.31612e-07 -2.79852e-07)
(2.8755 1.95253e-07 2.34791e-07)
(2.8755 -1.77117e-07 -1.62769e-07)
(2.8755 1.7892e-07 1.59827e-07)
(2.87549 -1.66734e-07 -1.47637e-07)
(2.87549 1.75801e-07 1.54109e-07)
(2.87549 -1.0866e-07 -1.00517e-07)
(1.70627 -0.020096 -0.0124156)
(2.38749 -0.00419137 -0.00277586)
(2.19611 0.000235555 0.000120885)
(2.21711 0.000295977 0.000191377)
(2.2218 -8.47102e-06 5.57372e-07)
(2.21964 1.69798e-07 -2.78034e-07)
(2.22017 -8.41183e-07 -7.66107e-07)
(2.22009 -7.75588e-07 -4.99503e-07)
(2.22009 5.03967e-07 2.72286e-07)
(2.2201 -3.01296e-07 -1.22635e-07)
(2.2201 2.5636e-07 1.2723e-07)
(2.2201 -2.85546e-07 -1.42797e-07)
(2.2201 2.955e-07 1.49562e-07)
(2.2201 -3.26847e-07 -1.62809e-07)
(2.22011 3.52956e-07 1.82672e-07)
(2.2201 -3.57934e-07 -1.77193e-07)
(2.22011 3.61241e-07 1.75652e-07)
(2.2201 -3.99628e-07 -2.03349e-07)
(2.22011 3.98927e-07 2.0009e-07)
(2.2201 -4.0628e-07 -2.08029e-07)
(2.22011 3.66733e-07 1.84523e-07)
(2.2201 -3.85568e-07 -2.34425e-07)
(2.2201 3.37591e-07 2.00074e-07)
(2.2201 -2.70365e-07 -1.45457e-07)
(2.2201 2.62596e-07 1.2947e-07)
(2.22009 -2.4086e-07 -1.24895e-07)
(2.2201 2.47243e-07 1.2638e-07)
(2.2201 -1.73294e-07 -7.85507e-08)
(0.847375 -0.00929471 -0.00719407)
(1.10064 -0.00162056 -0.00119286)
(0.962736 0.000346211 0.00010308)
(0.996904 3.08638e-05 7.26803e-05)
(0.997746 -1.54903e-05 -5.58236e-06)
(0.996239 4.73433e-06 1.29577e-06)
(0.996727 -8.30601e-07 -4.53605e-07)
(0.996606 -3.77925e-07 -2.12599e-07)
(0.99662 4.66373e-07 1.60274e-07)
(0.996624 -3.40327e-07 -9.08481e-08)
(0.996625 3.40324e-07 6.86405e-08)
(0.996621 -3.36143e-07 -7.83023e-08)
(0.996626 3.74093e-07 7.96116e-08)
(0.996621 -3.76207e-07 -9.14105e-08)
(0.996627 4.27894e-07 9.68336e-08)
(0.996623 -4.19251e-07 -1.00272e-07)
(0.996629 4.58452e-07 9.44906e-08)
(0.996623 -4.78232e-07 -1.10312e-07)
(0.996628 4.97533e-07 1.09725e-07)
(0.996624 -4.87047e-07 -1.14511e-07)
(0.996627 4.78863e-07 1.00082e-07)
(0.996623 -4.57029e-07 -1.24359e-07)
(0.996623 3.6471e-07 1.16893e-07)
(0.996622 -3.81767e-07 -7.65326e-08)
(0.996622 2.97931e-07 7.80663e-08)
(0.99662 -3.00122e-07 -6.77472e-08)
(0.996621 2.32384e-07 7.32193e-08)
(0.996622 -2.29262e-07 -4.779e-08)
(0.725372 0.00956182 -0.0114338)
(0.90994 0.00159564 -0.00172385)
(0.774592 -0.000329636 0.00017287)
(0.812142 -1.77959e-05 8.81093e-05)
(0.812453 1.29028e-05 -1.19268e-05)
(0.811035 -4.18782e-06 2.50664e-06)
(0.811518 8.30939e-07 -4.67617e-07)
(0.811388 2.65428e-07 -3.39208e-07)
(0.811403 -3.37734e-07 3.01103e-07)
(0.811407 2.60307e-07 -2.0157e-07)
(0.811407 -2.60419e-07 1.70293e-07)
(0.811404 2.61398e-07 -1.77922e-07)
(0.811408 -2.86261e-07 1.90465e-07)
(0.811404 2.91912e-07 -2.02706e-07)
(0.811409 -3.21287e-07 2.24181e-07)
(0.811405 3.26882e-07 -2.26057e-07)
(0.81141 -3.4755e-07 2.33156e-07)
(0.811405 3.64869e-07 -2.53393e-07)
(0.811409 -3.79064e-07 2.57773e-07)
(0.811406 3.68722e-07 -2.60141e-07)
(0.811408 -3.66213e-07 2.4193e-07)
(0.811405 3.40666e-07 -2.49987e-07)
(0.811404 -2.86443e-07 2.13054e-07)
(0.811405 2.91792e-07 -1.85311e-07)
(0.811405 -2.32636e-07 1.67321e-07)
(0.811403 2.13376e-07 -1.56394e-07)
(0.811404 -1.66425e-07 1.44705e-07)
(0.811405 1.838e-07 -1.19158e-07)
(1.40949 0.0185545 -0.0185546)
(1.90001 0.00366836 -0.0036684)
(1.70095 -0.00025398 0.000253316)
(1.73813 -0.000223048 0.000223886)
(1.74244 1.33628e-05 -1.37951e-05)
(1.74016 -1.16378e-06 1.56015e-06)
(1.74071 6.66391e-07 -6.28659e-07)
(1.7406 5.73103e-07 -6.08959e-07)
(1.7406 -3.02587e-07 4.43267e-07)
(1.74061 2.06568e-07 -2.83056e-07)
(1.74061 -1.4876e-07 2.28448e-07)
(1.74061 1.91372e-07 -2.52277e-07)
(1.74061 -1.7773e-07 2.6028e-07)
(1.74061 2.18078e-07 -2.8823e-07)
(1.74061 -2.06766e-07 3.12652e-07)
(1.74061 2.37889e-07 -3.16629e-07)
(1.74062 -2.24021e-07 3.20742e-07)
(1.74061 2.46843e-07 -3.52161e-07)
(1.74062 -2.52206e-07 3.51412e-07)
(1.74061 2.47374e-07 -3.58992e-07)
(1.74062 -2.35494e-07 3.23448e-07)
(1.74061 2.47952e-07 -3.50866e-07)
(1.74061 -2.43767e-07 3.06771e-07)
(1.74061 1.54167e-07 -2.36622e-07)
(1.74061 -1.81723e-07 2.29613e-07)
(1.7406 1.1639e-07 -2.16247e-07)
(1.7406 -1.21631e-07 2.28865e-07)
(1.74061 1.26457e-07 -1.51135e-07)
(1.70627 0.0124156 -0.020096)
(2.38749 0.00277582 -0.00419124)
(2.19611 -0.000121417 0.000235278)
(2.21711 -0.000190738 0.000296156)
(2.2218 -8.36635e-07 -8.54704e-06)
(2.21964 5.60509e-07 2.74195e-07)
(2.22017 7.96829e-07 -8.63328e-07)
(2.22009 4.88974e-07 -7.91311e-07)
(2.22009 -1.58965e-07 5.29108e-07)
(2.2201 9.73828e-08 -3.2537e-07)
(2.2201 -7.11261e-08 2.7427e-07)
(2.2201 1.1277e-07 -3.04297e-07)
(2.2201 -9.23418e-08 3.14098e-07)
(2.2201 1.25731e-07 -3.46947e-07)
(2.22011 -1.06249e-07 3.77193e-07)
(2.2201 1.34747e-07 -3.80863e-07)
(2.22011 -1.18951e-07 3.8601e-07)
(2.2201 1.32822e-07 -4.25402e-07)
(2.22011 -1.4196e-07 4.25364e-07)
(2.2201 1.32163e-07 -4.33179e-07)
(2.22011 -1.38273e-07 3.92746e-07)
(2.2201 1.55306e-07 -4.28094e-07)
(2.2201 -1.60255e-07 3.71703e-07)
(2.2201 8.49986e-08 -2.90724e-07)
(2.2201 -1.09418e-07 2.78581e-07)
(2.22009 5.87034e-08 -2.55992e-07)
(2.2201 -5.54823e-08 2.62409e-07)
(2.2201 5.37537e-08 -1.90883e-07)
(1.78851 -6.28167e-08 -0.0202746)
(2.5335 -2.08352e-07 -0.00422281)
(2.3518 -6.6841e-08 0.000226249)
(2.36572 3.78633e-07 0.000316441)
(2.36982 -1.58204e-07 -5.97497e-06)
(2.36776 9.29889e-08 -2.03482e-07)
(2.3683 7.7655e-08 -1.00921e-06)
(2.36824 -1.86963e-08 -8.15683e-07)
(2.36824 6.79466e-08 5.14793e-07)
(2.36824 -2.77297e-08 -3.03741e-07)
(2.36825 4.27574e-08 2.54744e-07)
(2.36824 -2.97369e-08 -2.86752e-07)
(2.36825 4.49568e-08 2.9305e-07)
(2.36824 -3.15771e-08 -3.28531e-07)
(2.36825 5.04005e-08 3.54676e-07)
(2.36825 -4.18117e-08 -3.58485e-07)
(2.36826 4.67668e-08 3.59139e-07)
(2.36825 -5.64961e-08 -3.99701e-07)
(2.36826 4.89256e-08 3.98221e-07)
(2.36825 -5.96057e-08 -4.06931e-07)
(2.36826 4.31417e-08 3.66072e-07)
(2.36825 -2.15825e-08 -4.12855e-07)
(2.36825 2.34309e-09 3.63151e-07)
(2.36825 -4.10825e-08 -2.70147e-07)
(2.36825 2.38262e-08 2.65216e-07)
(2.36824 -4.29788e-08 -2.38031e-07)
(2.36824 4.77814e-08 2.48167e-07)
(2.36825 -2.28564e-08 -1.80517e-07)
(1.70627 -0.0124157 -0.0200959)
(2.38749 -0.00277612 -0.00419122)
(2.19611 0.000121131 0.000235412)
(2.21711 0.00019149 0.000295906)
(2.2218 4.7824e-07 -8.42725e-06)
(2.21964 -2.97166e-07 1.81392e-07)
(2.22017 -6.73485e-07 -8.91049e-07)
(2.22009 -5.14357e-07 -7.66141e-07)
(2.22009 2.8812e-07 4.94414e-07)
(2.2201 -1.47451e-07 -2.87413e-07)
(2.2201 1.42018e-07 2.47461e-07)
(2.2201 -1.57353e-07 -2.76567e-07)
(2.2201 1.66721e-07 2.84943e-07)
(2.2201 -1.76054e-07 -3.17932e-07)
(2.22011 1.94046e-07 3.44706e-07)
(2.2201 -1.98679e-07 -3.44801e-07)
(2.22011 1.96969e-07 3.48064e-07)
(2.2201 -2.25231e-07 -3.8615e-07)
(2.22011 2.21946e-07 3.85329e-07)
(2.2201 -2.30381e-07 -3.92519e-07)
(2.22011 2.06072e-07 3.53203e-07)
(2.2201 -1.96424e-07 -4.05081e-07)
(2.2201 1.62183e-07 3.56121e-07)
(2.2201 -1.52276e-07 -2.64017e-07)
(2.2201 1.44536e-07 2.53171e-07)
(2.22009 -1.41224e-07 -2.3174e-07)
(2.2201 1.46201e-07 2.37151e-07)
(2.2201 -8.50999e-08 -1.67841e-07)
(1.40949 -0.0185546 -0.0185546)
(1.90001 -0.00366852 -0.00366841)
(1.70095 0.000253597 0.000253468)
(1.73814 0.000223627 0.000223585)
(1.74244 -1.37039e-05 -1.36583e-05)
(1.74016 1.46808e-06 1.47007e-06)
(1.74071 -6.14883e-07 -6.58633e-07)
(1.7406 -5.84968e-07 -5.72931e-07)
(1.7406 4.08245e-07 3.99593e-07)
(1.74061 -2.48017e-07 -2.35581e-07)
(1.74061 1.95243e-07 1.8669e-07)
(1.74061 -2.17987e-07 -2.10161e-07)
(1.74061 2.26097e-07 2.16894e-07)
(1.74061 -2.53125e-07 -2.45418e-07)
(1.74061 2.71449e-07 2.64597e-07)
(1.74061 -2.74797e-07 -2.63806e-07)
(1.74062 2.76716e-07 2.6503e-07)
(1.74061 -3.05656e-07 -2.93796e-07)
(1.74062 3.04591e-07 2.926e-07)
(1.74061 -3.10362e-07 -2.98204e-07)
(1.74062 2.77356e-07 2.6454e-07)
(1.74061 -2.95577e-07 -3.10716e-07)
(1.74061 2.59201e-07 2.78398e-07)
(1.74061 -1.99012e-07 -1.97011e-07)
(1.74061 2.01002e-07 1.9332e-07)
(1.7406 -1.90711e-07 -1.82089e-07)
(1.7406 2.05449e-07 1.95679e-07)
(1.74061 -1.25593e-07 -1.20827e-07)
(0.725372 -0.0095619 -0.0114338)
(0.90994 -0.00159548 -0.00172387)
(0.77459 0.000329199 0.000172985)
(0.812143 1.82063e-05 8.79039e-05)
(0.812454 -1.30627e-05 -1.17587e-05)
(0.811035 4.34307e-06 2.38764e-06)
(0.811518 -7.94682e-07 -4.55901e-07)
(0.811388 -2.96149e-07 -3.23847e-07)
(0.811403 3.98517e-07 2.70816e-07)
(0.811407 -3.00367e-07 -1.752e-07)
(0.811407 3.07264e-07 1.50612e-07)
(0.811404 -3.0253e-07 -1.61294e-07)
(0.811408 3.35059e-07 1.70414e-07)
(0.811404 -3.3618e-07 -1.83719e-07)
(0.811409 3.8297e-07 2.00603e-07)
(0.811405 -3.75351e-07 -2.02355e-07)
(0.81141 4.11178e-07 2.08486e-07)
(0.811405 -4.27375e-07 -2.25727e-07)
(0.811409 4.43551e-07 2.29981e-07)
(0.811406 -4.34019e-07 -2.30684e-07)
(0.811408 4.27606e-07 2.15741e-07)
(0.811405 -4.06319e-07 -2.28006e-07)
(0.811404 3.24723e-07 1.9953e-07)
(0.811405 -3.42773e-07 -1.67322e-07)
(0.811405 2.64706e-07 1.4883e-07)
(0.811403 -2.65425e-07 -1.38077e-07)
(0.811404 2.04774e-07 1.27446e-07)
(0.811405 -2.01388e-07 -1.0006e-07)
(0.413281 0.00641248 -0.00641251)
(0.48557 0.00082636 -0.000826315)
(0.392479 -0.000197596 0.000197369)
(0.42193 5.14436e-06 -4.88141e-06)
(0.420941 5.49713e-06 -5.64824e-06)
(0.420105 -2.42591e-06 2.55204e-06)
(0.420463 6.14976e-07 -6.15006e-07)
(0.420357 2.60816e-08 -3.77799e-08)
(0.420371 -1.06038e-07 1.44208e-07)
(0.420374 9.634e-08 -1.18656e-07)
(0.420373 -8.21149e-08 1.0717e-07)
(0.420372 8.72645e-08 -1.05367e-07)
(0.420374 -8.88041e-08 1.14214e-07)
(0.420371 9.75559e-08 -1.18818e-07)
(0.420374 -9.90712e-08 1.32045e-07)
(0.420372 1.08365e-07 -1.32157e-07)
(0.420374 -1.09156e-07 1.39734e-07)
(0.420372 1.1554e-07 -1.47568e-07)
(0.420374 -1.18472e-07 1.51243e-07)
(0.420372 1.16704e-07 -1.50585e-07)
(0.420373 -1.14744e-07 1.438e-07)
(0.420372 1.07021e-07 -1.42062e-07)
(0.420371 -1.0046e-07 1.20892e-07)
(0.420372 8.47472e-08 -1.12669e-07)
(0.420371 -8.01777e-08 9.63884e-08)
(0.420372 6.45812e-08 -9.15398e-08)
(0.420371 -5.85021e-08 7.84399e-08)
(0.420372 5.69839e-08 -7.33666e-08)
(0.725372 0.0114337 -0.00956188)
(0.90994 0.0017239 -0.00159558)
(0.774591 -0.000173351 0.000329258)
(0.812143 -8.7457e-05 1.82122e-05)
(0.812453 1.15404e-05 -1.31217e-05)
(0.811035 -2.20564e-06 4.38124e-06)
(0.811518 4.58184e-07 -8.14535e-07)
(0.811388 3.03807e-07 -2.8493e-07)
(0.811403 -2.04038e-07 4.01956e-07)
(0.811407 1.40153e-07 -2.94365e-07)
(0.811407 -1.06117e-07 3.00802e-07)
(0.811404 1.28137e-07 -2.90097e-07)
(0.811408 -1.25059e-07 3.27892e-07)
(0.811404 1.4582e-07 -3.25752e-07)
(0.811409 -1.41615e-07 3.75168e-07)
(0.811405 1.59838e-07 -3.64373e-07)
(0.81141 -1.55428e-07 3.97272e-07)
(0.811405 1.68807e-07 -4.16663e-07)
(0.811409 -1.73065e-07 4.31211e-07)
(0.811406 1.70615e-07 -4.23142e-07)
(0.811408 -1.65282e-07 4.11979e-07)
(0.811405 1.64279e-07 -3.96318e-07)
(0.811404 -1.58003e-07 3.17603e-07)
(0.811405 1.14793e-07 -3.369e-07)
(0.811405 -1.21506e-07 2.57843e-07)
(0.811403 8.84086e-08 -2.61073e-07)
(0.811404 -8.76514e-08 2.01371e-07)
(0.811405 7.8957e-08 -2.03369e-07)
(0.847375 0.00719404 -0.00929468)
(1.10064 0.00119281 -0.00162065)
(0.962737 -0.000103336 0.000346308)
(0.996903 -7.22714e-05 3.0826e-05)
(0.997746 5.34841e-06 -1.5541e-05)
(0.996239 -1.11236e-06 4.77461e-06)
(0.996727 4.31793e-07 -8.49227e-07)
(0.996606 2.06526e-07 -3.593e-07)
(0.99662 -9.85144e-08 4.57808e-07)
(0.996624 6.66007e-08 -3.32923e-07)
(0.996625 -3.38954e-08 3.21877e-07)
(0.996621 5.67917e-08 -3.18326e-07)
(0.996626 -4.55784e-08 3.56034e-07)
(0.996621 6.62338e-08 -3.6061e-07)
(0.996627 -5.12777e-08 4.07236e-07)
(0.996623 6.92866e-08 -4.01896e-07)
(0.996629 -5.97931e-08 4.33818e-07)
(0.996623 6.65949e-08 -4.56937e-07)
(0.996628 -6.95263e-08 4.72937e-07)
(0.996624 6.691e-08 -4.66319e-07)
(0.996627 -6.72084e-08 4.50639e-07)
(0.996623 7.45986e-08 -4.36682e-07)
(0.996622 -8.50633e-08 3.57728e-07)
(0.996622 3.72386e-08 -3.60531e-07)
(0.996622 -5.7986e-08 2.90237e-07)
(0.99662 2.62698e-08 -2.86418e-07)
(0.996621 -3.60368e-08 2.2716e-07)
(0.996622 3.27943e-08 -2.22135e-07)
(0.880001 -1.56198e-08 -0.0090701)
(1.15608 -1.16357e-07 -0.00156534)
(1.02032 3.58908e-08 0.000345419)
(1.05245 1.64967e-07 3.48689e-05)
(1.0533 -1.42208e-07 -1.61991e-05)
(1.05179 8.76017e-08 4.83256e-06)
(1.05228 6.49669e-09 -8.70411e-07)
(1.05217 -4.22422e-09 -3.60674e-07)
(1.05218 2.91504e-08 4.49883e-07)
(1.05218 -1.40333e-08 -3.24615e-07)
(1.05219 1.41831e-08 3.02748e-07)
(1.05218 -8.46254e-09 -3.02099e-07)
(1.05219 1.39282e-08 3.36686e-07)
(1.05218 -9.83822e-09 -3.44731e-07)
(1.05219 1.69285e-08 3.86446e-07)
(1.05218 -1.48938e-08 -3.82267e-07)
(1.05219 1.33671e-08 4.11987e-07)
(1.05218 -1.94161e-08 -4.33936e-07)
(1.05219 1.63561e-08 4.50226e-07)
(1.05218 -2.18183e-08 -4.43485e-07)
(1.05219 1.29528e-08 4.2872e-07)
(1.05218 -4.79329e-09 -4.15386e-07)
(1.05218 -1.69918e-09 3.42399e-07)
(1.05218 -1.03984e-08 -3.38645e-07)
(1.05218 1.10365e-08 2.78122e-07)
(1.05218 -1.90855e-08 -2.72423e-07)
(1.05218 2.0009e-08 2.18442e-07)
(1.05218 -5.37707e-09 -2.14615e-07)
(0.847375 -0.0071941 -0.00929471)
(1.10064 -0.00119296 -0.00162056)
(0.962736 0.000103238 0.000346202)
(0.996903 7.26831e-05 3.08757e-05)
(0.997746 -5.63087e-06 -1.54857e-05)
(0.996239 1.30139e-06 4.7328e-06)
(0.996727 -4.11389e-07 -8.33866e-07)
(0.996606 -2.29466e-07 -3.78559e-07)
(0.99662 1.71012e-07 4.66236e-07)
(0.996624 -1.04004e-07 -3.39576e-07)
(0.996625 7.8547e-08 3.40446e-07)
(0.996621 -8.73579e-08 -3.36569e-07)
(0.996626 9.00474e-08 3.74656e-07)
(0.996621 -1.00448e-07 -3.77336e-07)
(0.996627 1.05771e-07 4.29443e-07)
(0.996623 -1.13472e-07 -4.19706e-07)
(0.996629 1.08377e-07 4.59105e-07)
(0.996623 -1.24363e-07 -4.78778e-07)
(0.996628 1.2393e-07 4.98311e-07)
(0.996624 -1.28982e-07 -4.87555e-07)
(0.996627 1.15518e-07 4.79456e-07)
(0.996623 -1.10784e-07 -4.59288e-07)
(0.996623 9.75344e-08 3.68655e-07)
(0.996622 -7.94136e-08 -3.85352e-07)
(0.996622 8.77031e-08 2.98655e-07)
(0.99662 -7.84885e-08 -2.99038e-07)
(0.996621 8.18592e-08 2.31155e-07)
(0.996622 -5.26535e-08 -2.31797e-07)
(0.725372 -0.0114338 -0.00956189)
(0.909941 -0.0017239 -0.00159548)
(0.77459 0.000173056 0.000329183)
(0.812143 8.78863e-05 1.82173e-05)
(0.812454 -1.17846e-05 -1.30551e-05)
(0.811035 2.39698e-06 4.33879e-06)
(0.811518 -4.38726e-07 -7.98953e-07)
(0.811388 -3.33688e-07 -2.93671e-07)
(0.811403 2.76284e-07 3.96891e-07)
(0.811407 -1.8108e-07 -2.98822e-07)
(0.811407 1.55261e-07 3.06218e-07)
(0.811404 -1.64998e-07 -3.0191e-07)
(0.811408 1.74799e-07 3.34231e-07)
(0.811404 -1.87203e-07 -3.35956e-07)
(0.811409 2.04076e-07 3.82702e-07)
(0.811405 -2.07734e-07 -3.74298e-07)
(0.81141 2.14515e-07 4.09976e-07)
(0.811405 -2.31758e-07 -4.26187e-07)
(0.811409 2.36123e-07 4.4235e-07)
(0.811406 -2.36901e-07 -4.32796e-07)
(0.811408 2.23479e-07 4.25663e-07)
(0.811405 -2.22286e-07 -4.08474e-07)
(0.811404 1.87157e-07 3.29888e-07)
(0.811405 -1.66159e-07 -3.44109e-07)
(0.811405 1.52762e-07 2.63915e-07)
(0.811403 -1.43439e-07 -2.63419e-07)
(0.811404 1.31598e-07 2.03227e-07)
(0.811405 -1.01898e-07 -2.02245e-07)
(0.413281 -0.00641251 -0.0064125)
(0.48557 -0.000826319 -0.000826326)
(0.392478 0.00019743 0.000197421)
(0.421931 -4.96623e-06 -4.95284e-06)
(0.420942 -5.59664e-06 -5.59258e-06)
(0.420105 2.51286e-06 2.50879e-06)
(0.420463 -6.0896e-07 -6.1012e-07)
(0.420357 -3.63141e-08 -3.42871e-08)
(0.420371 1.33906e-07 1.32979e-07)
(0.420374 -1.1261e-07 -1.11934e-07)
(0.420373 1.00455e-07 9.98747e-08)
(0.420372 -1.01249e-07 -1.01015e-07)
(0.420374 1.07606e-07 1.07302e-07)
(0.420371 -1.13662e-07 -1.13631e-07)
(0.420374 1.23347e-07 1.23314e-07)
(0.420372 -1.26086e-07 -1.25723e-07)
(0.420375 1.32361e-07 1.31839e-07)
(0.420372 -1.39335e-07 -1.3882e-07)
(0.420374 1.4275e-07 1.42234e-07)
(0.420372 -1.41814e-07 -1.41272e-07)
(0.420373 1.36769e-07 1.35649e-07)
(0.420372 -1.33047e-07 -1.33584e-07)
(0.420371 1.1481e-07 1.17817e-07)
(0.420372 -1.04192e-07 -1.05595e-07)
(0.420371 9.20271e-08 9.18365e-08)
(0.420372 -8.65056e-08 -8.55605e-08)
(0.420371 7.55016e-08 7.48154e-08)
(0.420372 -6.43759e-08 -6.46247e-08)
)
;

boundaryField
{
    inlet
    {
        type            fixedValue;
        value           uniform (1.667 0 0);
    }
    outlet
    {
        type            zeroGradient;
    }
    Walls
    {
        type            noSlip;
    }
}


// ************************************************************************* //
