/*--------------------------------*- C++ -*----------------------------------*\
  =========                 |
  \\      /  F ield         | OpenFOAM: The Open Source CFD Toolbox
   \\    /   O peration     | Website:  https://openfoam.org
    \\  /    A nd           | Version:  13
     \\/     M anipulation  |
\*---------------------------------------------------------------------------*/
FoamFile
{
    format      ascii;
    class       vectorField;
    location    "constant/polyMesh";
    object      points;
}
// * * * * * * * * * * * * * * * * * * * * * * * * * * * * * * * * * * * * * //


1856
(
(0 0 0)
(0.0007142857143 0 0)
(0.001428571429 0 0)
(0.002142857143 0 0)
(0.002857142857 0 0)
(0.003571428571 0 0)
(0.004285714286 0 0)
(0.005 0 0)
(0.005714285714 0 0)
(0.006428571429 0 0)
(0.007142857143 0 0)
(0.007857142857 0 0)
(0.008571428571 0 0)
(0.009285714286 0 0)
(0.01 0 0)
(0.01071428571 0 0)
(0.01142857143 0 0)
(0.01214285714 0 0)
(0.01285714286 0 0)
(0.01357142857 0 0)
(0.01428571429 0 0)
(0.015 0 0)
(0.01571428571 0 0)
(0.01642857143 0 0)
(0.01714285714 0 0)
(0.01785714286 0 0)
(0.01857142857 0 0)
(0.01928571429 0 0)
(0.02 0 0)
(0 1.428571429e-05 0)
(0.0007142857143 1.428571429e-05 0)
(0.001428571429 1.428571429e-05 0)
(0.002142857143 1.428571429e-05 0)
(0.002857142857 1.428571429e-05 0)
(0.003571428571 1.428571429e-05 0)
(0.004285714286 1.428571429e-05 0)
(0.005 1.428571429e-05 0)
(0.005714285714 1.428571429e-05 0)
(0.006428571429 1.428571429e-05 0)
(0.007142857143 1.428571429e-05 0)
(0.007857142857 1.428571429e-05 0)
(0.008571428571 1.428571429e-05 0)
(0.009285714286 1.428571429e-05 0)
(0.01 1.428571429e-05 0)
(0.01071428571 1.428571429e-05 0)
(0.01142857143 1.428571429e-05 0)
(0.01214285714 1.428571429e-05 0)
(0.01285714286 1.428571429e-05 0)
(0.01357142857 1.428571429e-05 0)
(0.01428571429 1.428571429e-05 0)
(0.015 1.428571429e-05 0)
(0.01571428571 1.428571429e-05 0)
(0.01642857143 1.428571429e-05 0)
(0.01714285714 1.428571429e-05 0)
(0.01785714286 1.428571429e-05 0)
(0.01857142857 1.428571429e-05 0)
(0.01928571429 1.428571429e-05 0)
(0.02 1.428571429e-05 0)
(0 2.857142857e-05 0)
(0.0007142857143 2.857142857e-05 0)
(0.001428571429 2.857142857e-05 0)
(0.002142857143 2.857142857e-05 0)
(0.002857142857 2.857142857e-05 0)
(0.003571428571 2.857142857e-05 0)
(0.004285714286 2.857142857e-05 0)
(0.005 2.857142857e-05 0)
(0.005714285714 2.857142857e-05 0)
(0.006428571429 2.857142857e-05 0)
(0.007142857143 2.857142857e-05 0)
(0.007857142857 2.857142857e-05 0)
(0.008571428571 2.857142857e-05 0)
(0.009285714286 2.857142857e-05 0)
(0.01 2.857142857e-05 0)
(0.01071428571 2.857142857e-05 0)
(0.01142857143 2.857142857e-05 0)
(0.01214285714 2.857142857e-05 0)
(0.01285714286 2.857142857e-05 0)
(0.01357142857 2.857142857e-05 0)
(0.01428571429 2.857142857e-05 0)
(0.015 2.857142857e-05 0)
(0.01571428571 2.857142857e-05 0)
(0.01642857143 2.857142857e-05 0)
(0.01714285714 2.857142857e-05 0)
(0.01785714286 2.857142857e-05 0)
(0.01857142857 2.857142857e-05 0)
(0.01928571429 2.857142857e-05 0)
(0.02 2.857142857e-05 0)
(0 4.285714286e-05 0)
(0.0007142857143 4.285714286e-05 0)
(0.001428571429 4.285714286e-05 0)
(0.002142857143 4.285714286e-05 0)
(0.002857142857 4.285714286e-05 0)
(0.003571428571 4.285714286e-05 0)
(0.004285714286 4.285714286e-05 0)
(0.005 4.285714286e-05 0)
(0.005714285714 4.285714286e-05 0)
(0.006428571429 4.285714286e-05 0)
(0.007142857143 4.285714286e-05 0)
(0.007857142857 4.285714286e-05 0)
(0.008571428571 4.285714286e-05 0)
(0.009285714286 4.285714286e-05 0)
(0.01 4.285714286e-05 0)
(0.01071428571 4.285714286e-05 0)
(0.01142857143 4.285714286e-05 0)
(0.01214285714 4.285714286e-05 0)
(0.01285714286 4.285714286e-05 0)
(0.01357142857 4.285714286e-05 0)
(0.01428571429 4.285714286e-05 0)
(0.015 4.285714286e-05 0)
(0.01571428571 4.285714286e-05 0)
(0.01642857143 4.285714286e-05 0)
(0.01714285714 4.285714286e-05 0)
(0.01785714286 4.285714286e-05 0)
(0.01857142857 4.285714286e-05 0)
(0.01928571429 4.285714286e-05 0)
(0.02 4.285714286e-05 0)
(0 5.714285714e-05 0)
(0.0007142857143 5.714285714e-05 0)
(0.001428571429 5.714285714e-05 0)
(0.002142857143 5.714285714e-05 0)
(0.002857142857 5.714285714e-05 0)
(0.003571428571 5.714285714e-05 0)
(0.004285714286 5.714285714e-05 0)
(0.005 5.714285714e-05 0)
(0.005714285714 5.714285714e-05 0)
(0.006428571429 5.714285714e-05 0)
(0.007142857143 5.714285714e-05 0)
(0.007857142857 5.714285714e-05 0)
(0.008571428571 5.714285714e-05 0)
(0.009285714286 5.714285714e-05 0)
(0.01 5.714285714e-05 0)
(0.01071428571 5.714285714e-05 0)
(0.01142857143 5.714285714e-05 0)
(0.01214285714 5.714285714e-05 0)
(0.01285714286 5.714285714e-05 0)
(0.01357142857 5.714285714e-05 0)
(0.01428571429 5.714285714e-05 0)
(0.015 5.714285714e-05 0)
(0.01571428571 5.714285714e-05 0)
(0.01642857143 5.714285714e-05 0)
(0.01714285714 5.714285714e-05 0)
(0.01785714286 5.714285714e-05 0)
(0.01857142857 5.714285714e-05 0)
(0.01928571429 5.714285714e-05 0)
(0.02 5.714285714e-05 0)
(0 7.142857143e-05 0)
(0.0007142857143 7.142857143e-05 0)
(0.001428571429 7.142857143e-05 0)
(0.002142857143 7.142857143e-05 0)
(0.002857142857 7.142857143e-05 0)
(0.003571428571 7.142857143e-05 0)
(0.004285714286 7.142857143e-05 0)
(0.005 7.142857143e-05 0)
(0.005714285714 7.142857143e-05 0)
(0.006428571429 7.142857143e-05 0)
(0.007142857143 7.142857143e-05 0)
(0.007857142857 7.142857143e-05 0)
(0.008571428571 7.142857143e-05 0)
(0.009285714286 7.142857143e-05 0)
(0.01 7.142857143e-05 0)
(0.01071428571 7.142857143e-05 0)
(0.01142857143 7.142857143e-05 0)
(0.01214285714 7.142857143e-05 0)
(0.01285714286 7.142857143e-05 0)
(0.01357142857 7.142857143e-05 0)
(0.01428571429 7.142857143e-05 0)
(0.015 7.142857143e-05 0)
(0.01571428571 7.142857143e-05 0)
(0.01642857143 7.142857143e-05 0)
(0.01714285714 7.142857143e-05 0)
(0.01785714286 7.142857143e-05 0)
(0.01857142857 7.142857143e-05 0)
(0.01928571429 7.142857143e-05 0)
(0.02 7.142857143e-05 0)
(0 8.571428571e-05 0)
(0.0007142857143 8.571428571e-05 0)
(0.001428571429 8.571428571e-05 0)
(0.002142857143 8.571428571e-05 0)
(0.002857142857 8.571428571e-05 0)
(0.003571428571 8.571428571e-05 0)
(0.004285714286 8.571428571e-05 0)
(0.005 8.571428571e-05 0)
(0.005714285714 8.571428571e-05 0)
(0.006428571429 8.571428571e-05 0)
(0.007142857143 8.571428571e-05 0)
(0.007857142857 8.571428571e-05 0)
(0.008571428571 8.571428571e-05 0)
(0.009285714286 8.571428571e-05 0)
(0.01 8.571428571e-05 0)
(0.01071428571 8.571428571e-05 0)
(0.01142857143 8.571428571e-05 0)
(0.01214285714 8.571428571e-05 0)
(0.01285714286 8.571428571e-05 0)
(0.01357142857 8.571428571e-05 0)
(0.01428571429 8.571428571e-05 0)
(0.015 8.571428571e-05 0)
(0.01571428571 8.571428571e-05 0)
(0.01642857143 8.571428571e-05 0)
(0.01714285714 8.571428571e-05 0)
(0.01785714286 8.571428571e-05 0)
(0.01857142857 8.571428571e-05 0)
(0.01928571429 8.571428571e-05 0)
(0.02 8.571428571e-05 0)
(0 0.0001 0)
(0.0007142857143 0.0001 0)
(0.001428571429 0.0001 0)
(0.002142857143 0.0001 0)
(0.002857142857 0.0001 0)
(0.003571428571 0.0001 0)
(0.004285714286 0.0001 0)
(0.005 0.0001 0)
(0.005714285714 0.0001 0)
(0.006428571429 0.0001 0)
(0.007142857143 0.0001 0)
(0.007857142857 0.0001 0)
(0.008571428571 0.0001 0)
(0.009285714286 0.0001 0)
(0.01 0.0001 0)
(0.01071428571 0.0001 0)
(0.01142857143 0.0001 0)
(0.01214285714 0.0001 0)
(0.01285714286 0.0001 0)
(0.01357142857 0.0001 0)
(0.01428571429 0.0001 0)
(0.015 0.0001 0)
(0.01571428571 0.0001 0)
(0.01642857143 0.0001 0)
(0.01714285714 0.0001 0)
(0.01785714286 0.0001 0)
(0.01857142857 0.0001 0)
(0.01928571429 0.0001 0)
(0.02 0.0001 0)
(0 0 1.428571429e-05)
(0.0007142857143 0 1.428571429e-05)
(0.001428571429 0 1.428571429e-05)
(0.002142857143 0 1.428571429e-05)
(0.002857142857 0 1.428571429e-05)
(0.003571428571 0 1.428571429e-05)
(0.004285714286 0 1.428571429e-05)
(0.005 0 1.428571429e-05)
(0.005714285714 0 1.428571429e-05)
(0.006428571429 0 1.428571429e-05)
(0.007142857143 0 1.428571429e-05)
(0.007857142857 0 1.428571429e-05)
(0.008571428571 0 1.428571429e-05)
(0.009285714286 0 1.428571429e-05)
(0.01 0 1.428571429e-05)
(0.01071428571 0 1.428571429e-05)
(0.01142857143 0 1.428571429e-05)
(0.01214285714 0 1.428571429e-05)
(0.01285714286 0 1.428571429e-05)
(0.01357142857 0 1.428571429e-05)
(0.01428571429 0 1.428571429e-05)
(0.015 0 1.428571429e-05)
(0.01571428571 0 1.428571429e-05)
(0.01642857143 0 1.428571429e-05)
(0.01714285714 0 1.428571429e-05)
(0.01785714286 0 1.428571429e-05)
(0.01857142857 0 1.428571429e-05)
(0.01928571429 0 1.428571429e-05)
(0.02 0 1.428571429e-05)
(0 1.428571429e-05 1.428571429e-05)
(0.0007142857143 1.428571429e-05 1.428571429e-05)
(0.001428571429 1.428571429e-05 1.428571429e-05)
(0.002142857143 1.428571429e-05 1.428571429e-05)
(0.002857142857 1.428571429e-05 1.428571429e-05)
(0.003571428571 1.428571429e-05 1.428571429e-05)
(0.004285714286 1.428571429e-05 1.428571429e-05)
(0.005 1.428571429e-05 1.428571429e-05)
(0.005714285714 1.428571429e-05 1.428571429e-05)
(0.006428571429 1.428571429e-05 1.428571429e-05)
(0.007142857143 1.428571429e-05 1.428571429e-05)
(0.007857142857 1.428571429e-05 1.428571429e-05)
(0.008571428571 1.428571429e-05 1.428571429e-05)
(0.009285714286 1.428571429e-05 1.428571429e-05)
(0.01 1.428571429e-05 1.428571429e-05)
(0.01071428571 1.428571429e-05 1.428571429e-05)
(0.01142857143 1.428571429e-05 1.428571429e-05)
(0.01214285714 1.428571429e-05 1.428571429e-05)
(0.01285714286 1.428571429e-05 1.428571429e-05)
(0.01357142857 1.428571429e-05 1.428571429e-05)
(0.01428571429 1.428571429e-05 1.428571429e-05)
(0.015 1.428571429e-05 1.428571429e-05)
(0.01571428571 1.428571429e-05 1.428571429e-05)
(0.01642857143 1.428571429e-05 1.428571429e-05)
(0.01714285714 1.428571429e-05 1.428571429e-05)
(0.01785714286 1.428571429e-05 1.428571429e-05)
(0.01857142857 1.428571429e-05 1.428571429e-05)
(0.01928571429 1.428571429e-05 1.428571429e-05)
(0.02 1.428571429e-05 1.428571429e-05)
(0 2.857142857e-05 1.428571429e-05)
(0.0007142857143 2.857142857e-05 1.428571429e-05)
(0.001428571429 2.857142857e-05 1.428571429e-05)
(0.002142857143 2.857142857e-05 1.428571429e-05)
(0.002857142857 2.857142857e-05 1.428571429e-05)
(0.003571428571 2.857142857e-05 1.428571429e-05)
(0.004285714286 2.857142857e-05 1.428571429e-05)
(0.005 2.857142857e-05 1.428571429e-05)
(0.005714285714 2.857142857e-05 1.428571429e-05)
(0.006428571429 2.857142857e-05 1.428571429e-05)
(0.007142857143 2.857142857e-05 1.428571429e-05)
(0.007857142857 2.857142857e-05 1.428571429e-05)
(0.008571428571 2.857142857e-05 1.428571429e-05)
(0.009285714286 2.857142857e-05 1.428571429e-05)
(0.01 2.857142857e-05 1.428571429e-05)
(0.01071428571 2.857142857e-05 1.428571429e-05)
(0.01142857143 2.857142857e-05 1.428571429e-05)
(0.01214285714 2.857142857e-05 1.428571429e-05)
(0.01285714286 2.857142857e-05 1.428571429e-05)
(0.01357142857 2.857142857e-05 1.428571429e-05)
(0.01428571429 2.857142857e-05 1.428571429e-05)
(0.015 2.857142857e-05 1.428571429e-05)
(0.01571428571 2.857142857e-05 1.428571429e-05)
(0.01642857143 2.857142857e-05 1.428571429e-05)
(0.01714285714 2.857142857e-05 1.428571429e-05)
(0.01785714286 2.857142857e-05 1.428571429e-05)
(0.01857142857 2.857142857e-05 1.428571429e-05)
(0.01928571429 2.857142857e-05 1.428571429e-05)
(0.02 2.857142857e-05 1.428571429e-05)
(0 4.285714286e-05 1.428571429e-05)
(0.0007142857143 4.285714286e-05 1.428571429e-05)
(0.001428571429 4.285714286e-05 1.428571429e-05)
(0.002142857143 4.285714286e-05 1.428571429e-05)
(0.002857142857 4.285714286e-05 1.428571429e-05)
(0.003571428571 4.285714286e-05 1.428571429e-05)
(0.004285714286 4.285714286e-05 1.428571429e-05)
(0.005 4.285714286e-05 1.428571429e-05)
(0.005714285714 4.285714286e-05 1.428571429e-05)
(0.006428571429 4.285714286e-05 1.428571429e-05)
(0.007142857143 4.285714286e-05 1.428571429e-05)
(0.007857142857 4.285714286e-05 1.428571429e-05)
(0.008571428571 4.285714286e-05 1.428571429e-05)
(0.009285714286 4.285714286e-05 1.428571429e-05)
(0.01 4.285714286e-05 1.428571429e-05)
(0.01071428571 4.285714286e-05 1.428571429e-05)
(0.01142857143 4.285714286e-05 1.428571429e-05)
(0.01214285714 4.285714286e-05 1.428571429e-05)
(0.01285714286 4.285714286e-05 1.428571429e-05)
(0.01357142857 4.285714286e-05 1.428571429e-05)
(0.01428571429 4.285714286e-05 1.428571429e-05)
(0.015 4.285714286e-05 1.428571429e-05)
(0.01571428571 4.285714286e-05 1.428571429e-05)
(0.01642857143 4.285714286e-05 1.428571429e-05)
(0.01714285714 4.285714286e-05 1.428571429e-05)
(0.01785714286 4.285714286e-05 1.428571429e-05)
(0.01857142857 4.285714286e-05 1.428571429e-05)
(0.01928571429 4.285714286e-05 1.428571429e-05)
(0.02 4.285714286e-05 1.428571429e-05)
(0 5.714285714e-05 1.428571429e-05)
(0.0007142857143 5.714285714e-05 1.428571429e-05)
(0.001428571429 5.714285714e-05 1.428571429e-05)
(0.002142857143 5.714285714e-05 1.428571429e-05)
(0.002857142857 5.714285714e-05 1.428571429e-05)
(0.003571428571 5.714285714e-05 1.428571429e-05)
(0.004285714286 5.714285714e-05 1.428571429e-05)
(0.005 5.714285714e-05 1.428571429e-05)
(0.005714285714 5.714285714e-05 1.428571429e-05)
(0.006428571429 5.714285714e-05 1.428571429e-05)
(0.007142857143 5.714285714e-05 1.428571429e-05)
(0.007857142857 5.714285714e-05 1.428571429e-05)
(0.008571428571 5.714285714e-05 1.428571429e-05)
(0.009285714286 5.714285714e-05 1.428571429e-05)
(0.01 5.714285714e-05 1.428571429e-05)
(0.01071428571 5.714285714e-05 1.428571429e-05)
(0.01142857143 5.714285714e-05 1.428571429e-05)
(0.01214285714 5.714285714e-05 1.428571429e-05)
(0.01285714286 5.714285714e-05 1.428571429e-05)
(0.01357142857 5.714285714e-05 1.428571429e-05)
(0.01428571429 5.714285714e-05 1.428571429e-05)
(0.015 5.714285714e-05 1.428571429e-05)
(0.01571428571 5.714285714e-05 1.428571429e-05)
(0.01642857143 5.714285714e-05 1.428571429e-05)
(0.01714285714 5.714285714e-05 1.428571429e-05)
(0.01785714286 5.714285714e-05 1.428571429e-05)
(0.01857142857 5.714285714e-05 1.428571429e-05)
(0.01928571429 5.714285714e-05 1.428571429e-05)
(0.02 5.714285714e-05 1.428571429e-05)
(0 7.142857143e-05 1.428571429e-05)
(0.0007142857143 7.142857143e-05 1.428571429e-05)
(0.001428571429 7.142857143e-05 1.428571429e-05)
(0.002142857143 7.142857143e-05 1.428571429e-05)
(0.002857142857 7.142857143e-05 1.428571429e-05)
(0.003571428571 7.142857143e-05 1.428571429e-05)
(0.004285714286 7.142857143e-05 1.428571429e-05)
(0.005 7.142857143e-05 1.428571429e-05)
(0.005714285714 7.142857143e-05 1.428571429e-05)
(0.006428571429 7.142857143e-05 1.428571429e-05)
(0.007142857143 7.142857143e-05 1.428571429e-05)
(0.007857142857 7.142857143e-05 1.428571429e-05)
(0.008571428571 7.142857143e-05 1.428571429e-05)
(0.009285714286 7.142857143e-05 1.428571429e-05)
(0.01 7.142857143e-05 1.428571429e-05)
(0.01071428571 7.142857143e-05 1.428571429e-05)
(0.01142857143 7.142857143e-05 1.428571429e-05)
(0.01214285714 7.142857143e-05 1.428571429e-05)
(0.01285714286 7.142857143e-05 1.428571429e-05)
(0.01357142857 7.142857143e-05 1.428571429e-05)
(0.01428571429 7.142857143e-05 1.428571429e-05)
(0.015 7.142857143e-05 1.428571429e-05)
(0.01571428571 7.142857143e-05 1.428571429e-05)
(0.01642857143 7.142857143e-05 1.428571429e-05)
(0.01714285714 7.142857143e-05 1.428571429e-05)
(0.01785714286 7.142857143e-05 1.428571429e-05)
(0.01857142857 7.142857143e-05 1.428571429e-05)
(0.01928571429 7.142857143e-05 1.428571429e-05)
(0.02 7.142857143e-05 1.428571429e-05)
(0 8.571428571e-05 1.428571429e-05)
(0.0007142857143 8.571428571e-05 1.428571429e-05)
(0.001428571429 8.571428571e-05 1.428571429e-05)
(0.002142857143 8.571428571e-05 1.428571429e-05)
(0.002857142857 8.571428571e-05 1.428571429e-05)
(0.003571428571 8.571428571e-05 1.428571429e-05)
(0.004285714286 8.571428571e-05 1.428571429e-05)
(0.005 8.571428571e-05 1.428571429e-05)
(0.005714285714 8.571428571e-05 1.428571429e-05)
(0.006428571429 8.571428571e-05 1.428571429e-05)
(0.007142857143 8.571428571e-05 1.428571429e-05)
(0.007857142857 8.571428571e-05 1.428571429e-05)
(0.008571428571 8.571428571e-05 1.428571429e-05)
(0.009285714286 8.571428571e-05 1.428571429e-05)
(0.01 8.571428571e-05 1.428571429e-05)
(0.01071428571 8.571428571e-05 1.428571429e-05)
(0.01142857143 8.571428571e-05 1.428571429e-05)
(0.01214285714 8.571428571e-05 1.428571429e-05)
(0.01285714286 8.571428571e-05 1.428571429e-05)
(0.01357142857 8.571428571e-05 1.428571429e-05)
(0.01428571429 8.571428571e-05 1.428571429e-05)
(0.015 8.571428571e-05 1.428571429e-05)
(0.01571428571 8.571428571e-05 1.428571429e-05)
(0.01642857143 8.571428571e-05 1.428571429e-05)
(0.01714285714 8.571428571e-05 1.428571429e-05)
(0.01785714286 8.571428571e-05 1.428571429e-05)
(0.01857142857 8.571428571e-05 1.428571429e-05)
(0.01928571429 8.571428571e-05 1.428571429e-05)
(0.02 8.571428571e-05 1.428571429e-05)
(0 0.0001 1.428571429e-05)
(0.0007142857143 0.0001 1.428571429e-05)
(0.001428571429 0.0001 1.428571429e-05)
(0.002142857143 0.0001 1.428571429e-05)
(0.002857142857 0.0001 1.428571429e-05)
(0.003571428571 0.0001 1.428571429e-05)
(0.004285714286 0.0001 1.428571429e-05)
(0.005 0.0001 1.428571429e-05)
(0.005714285714 0.0001 1.428571429e-05)
(0.006428571429 0.0001 1.428571429e-05)
(0.007142857143 0.0001 1.428571429e-05)
(0.007857142857 0.0001 1.428571429e-05)
(0.008571428571 0.0001 1.428571429e-05)
(0.009285714286 0.0001 1.428571429e-05)
(0.01 0.0001 1.428571429e-05)
(0.01071428571 0.0001 1.428571429e-05)
(0.01142857143 0.0001 1.428571429e-05)
(0.01214285714 0.0001 1.428571429e-05)
(0.01285714286 0.0001 1.428571429e-05)
(0.01357142857 0.0001 1.428571429e-05)
(0.01428571429 0.0001 1.428571429e-05)
(0.015 0.0001 1.428571429e-05)
(0.01571428571 0.0001 1.428571429e-05)
(0.01642857143 0.0001 1.428571429e-05)
(0.01714285714 0.0001 1.428571429e-05)
(0.01785714286 0.0001 1.428571429e-05)
(0.01857142857 0.0001 1.428571429e-05)
(0.01928571429 0.0001 1.428571429e-05)
(0.02 0.0001 1.428571429e-05)
(0 0 2.857142857e-05)
(0.0007142857143 0 2.857142857e-05)
(0.001428571429 0 2.857142857e-05)
(0.002142857143 0 2.857142857e-05)
(0.002857142857 0 2.857142857e-05)
(0.003571428571 0 2.857142857e-05)
(0.004285714286 0 2.857142857e-05)
(0.005 0 2.857142857e-05)
(0.005714285714 0 2.857142857e-05)
(0.006428571429 0 2.857142857e-05)
(0.007142857143 0 2.857142857e-05)
(0.007857142857 0 2.857142857e-05)
(0.008571428571 0 2.857142857e-05)
(0.009285714286 0 2.857142857e-05)
(0.01 0 2.857142857e-05)
(0.01071428571 0 2.857142857e-05)
(0.01142857143 0 2.857142857e-05)
(0.01214285714 0 2.857142857e-05)
(0.01285714286 0 2.857142857e-05)
(0.01357142857 0 2.857142857e-05)
(0.01428571429 0 2.857142857e-05)
(0.015 0 2.857142857e-05)
(0.01571428571 0 2.857142857e-05)
(0.01642857143 0 2.857142857e-05)
(0.01714285714 0 2.857142857e-05)
(0.01785714286 0 2.857142857e-05)
(0.01857142857 0 2.857142857e-05)
(0.01928571429 0 2.857142857e-05)
(0.02 0 2.857142857e-05)
(0 1.428571429e-05 2.857142857e-05)
(0.0007142857143 1.428571429e-05 2.857142857e-05)
(0.001428571429 1.428571429e-05 2.857142857e-05)
(0.002142857143 1.428571429e-05 2.857142857e-05)
(0.002857142857 1.428571429e-05 2.857142857e-05)
(0.003571428571 1.428571429e-05 2.857142857e-05)
(0.004285714286 1.428571429e-05 2.857142857e-05)
(0.005 1.428571429e-05 2.857142857e-05)
(0.005714285714 1.428571429e-05 2.857142857e-05)
(0.006428571429 1.428571429e-05 2.857142857e-05)
(0.007142857143 1.428571429e-05 2.857142857e-05)
(0.007857142857 1.428571429e-05 2.857142857e-05)
(0.008571428571 1.428571429e-05 2.857142857e-05)
(0.009285714286 1.428571429e-05 2.857142857e-05)
(0.01 1.428571429e-05 2.857142857e-05)
(0.01071428571 1.428571429e-05 2.857142857e-05)
(0.01142857143 1.428571429e-05 2.857142857e-05)
(0.01214285714 1.428571429e-05 2.857142857e-05)
(0.01285714286 1.428571429e-05 2.857142857e-05)
(0.01357142857 1.428571429e-05 2.857142857e-05)
(0.01428571429 1.428571429e-05 2.857142857e-05)
(0.015 1.428571429e-05 2.857142857e-05)
(0.01571428571 1.428571429e-05 2.857142857e-05)
(0.01642857143 1.428571429e-05 2.857142857e-05)
(0.01714285714 1.428571429e-05 2.857142857e-05)
(0.01785714286 1.428571429e-05 2.857142857e-05)
(0.01857142857 1.428571429e-05 2.857142857e-05)
(0.01928571429 1.428571429e-05 2.857142857e-05)
(0.02 1.428571429e-05 2.857142857e-05)
(0 2.857142857e-05 2.857142857e-05)
(0.0007142857143 2.857142857e-05 2.857142857e-05)
(0.001428571429 2.857142857e-05 2.857142857e-05)
(0.002142857143 2.857142857e-05 2.857142857e-05)
(0.002857142857 2.857142857e-05 2.857142857e-05)
(0.003571428571 2.857142857e-05 2.857142857e-05)
(0.004285714286 2.857142857e-05 2.857142857e-05)
(0.005 2.857142857e-05 2.857142857e-05)
(0.005714285714 2.857142857e-05 2.857142857e-05)
(0.006428571429 2.857142857e-05 2.857142857e-05)
(0.007142857143 2.857142857e-05 2.857142857e-05)
(0.007857142857 2.857142857e-05 2.857142857e-05)
(0.008571428571 2.857142857e-05 2.857142857e-05)
(0.009285714286 2.857142857e-05 2.857142857e-05)
(0.01 2.857142857e-05 2.857142857e-05)
(0.01071428571 2.857142857e-05 2.857142857e-05)
(0.01142857143 2.857142857e-05 2.857142857e-05)
(0.01214285714 2.857142857e-05 2.857142857e-05)
(0.01285714286 2.857142857e-05 2.857142857e-05)
(0.01357142857 2.857142857e-05 2.857142857e-05)
(0.01428571429 2.857142857e-05 2.857142857e-05)
(0.015 2.857142857e-05 2.857142857e-05)
(0.01571428571 2.857142857e-05 2.857142857e-05)
(0.01642857143 2.857142857e-05 2.857142857e-05)
(0.01714285714 2.857142857e-05 2.857142857e-05)
(0.01785714286 2.857142857e-05 2.857142857e-05)
(0.01857142857 2.857142857e-05 2.857142857e-05)
(0.01928571429 2.857142857e-05 2.857142857e-05)
(0.02 2.857142857e-05 2.857142857e-05)
(0 4.285714286e-05 2.857142857e-05)
(0.0007142857143 4.285714286e-05 2.857142857e-05)
(0.001428571429 4.285714286e-05 2.857142857e-05)
(0.002142857143 4.285714286e-05 2.857142857e-05)
(0.002857142857 4.285714286e-05 2.857142857e-05)
(0.003571428571 4.285714286e-05 2.857142857e-05)
(0.004285714286 4.285714286e-05 2.857142857e-05)
(0.005 4.285714286e-05 2.857142857e-05)
(0.005714285714 4.285714286e-05 2.857142857e-05)
(0.006428571429 4.285714286e-05 2.857142857e-05)
(0.007142857143 4.285714286e-05 2.857142857e-05)
(0.007857142857 4.285714286e-05 2.857142857e-05)
(0.008571428571 4.285714286e-05 2.857142857e-05)
(0.009285714286 4.285714286e-05 2.857142857e-05)
(0.01 4.285714286e-05 2.857142857e-05)
(0.01071428571 4.285714286e-05 2.857142857e-05)
(0.01142857143 4.285714286e-05 2.857142857e-05)
(0.01214285714 4.285714286e-05 2.857142857e-05)
(0.01285714286 4.285714286e-05 2.857142857e-05)
(0.01357142857 4.285714286e-05 2.857142857e-05)
(0.01428571429 4.285714286e-05 2.857142857e-05)
(0.015 4.285714286e-05 2.857142857e-05)
(0.01571428571 4.285714286e-05 2.857142857e-05)
(0.01642857143 4.285714286e-05 2.857142857e-05)
(0.01714285714 4.285714286e-05 2.857142857e-05)
(0.01785714286 4.285714286e-05 2.857142857e-05)
(0.01857142857 4.285714286e-05 2.857142857e-05)
(0.01928571429 4.285714286e-05 2.857142857e-05)
(0.02 4.285714286e-05 2.857142857e-05)
(0 5.714285714e-05 2.857142857e-05)
(0.0007142857143 5.714285714e-05 2.857142857e-05)
(0.001428571429 5.714285714e-05 2.857142857e-05)
(0.002142857143 5.714285714e-05 2.857142857e-05)
(0.002857142857 5.714285714e-05 2.857142857e-05)
(0.003571428571 5.714285714e-05 2.857142857e-05)
(0.004285714286 5.714285714e-05 2.857142857e-05)
(0.005 5.714285714e-05 2.857142857e-05)
(0.005714285714 5.714285714e-05 2.857142857e-05)
(0.006428571429 5.714285714e-05 2.857142857e-05)
(0.007142857143 5.714285714e-05 2.857142857e-05)
(0.007857142857 5.714285714e-05 2.857142857e-05)
(0.008571428571 5.714285714e-05 2.857142857e-05)
(0.009285714286 5.714285714e-05 2.857142857e-05)
(0.01 5.714285714e-05 2.857142857e-05)
(0.01071428571 5.714285714e-05 2.857142857e-05)
(0.01142857143 5.714285714e-05 2.857142857e-05)
(0.01214285714 5.714285714e-05 2.857142857e-05)
(0.01285714286 5.714285714e-05 2.857142857e-05)
(0.01357142857 5.714285714e-05 2.857142857e-05)
(0.01428571429 5.714285714e-05 2.857142857e-05)
(0.015 5.714285714e-05 2.857142857e-05)
(0.01571428571 5.714285714e-05 2.857142857e-05)
(0.01642857143 5.714285714e-05 2.857142857e-05)
(0.01714285714 5.714285714e-05 2.857142857e-05)
(0.01785714286 5.714285714e-05 2.857142857e-05)
(0.01857142857 5.714285714e-05 2.857142857e-05)
(0.01928571429 5.714285714e-05 2.857142857e-05)
(0.02 5.714285714e-05 2.857142857e-05)
(0 7.142857143e-05 2.857142857e-05)
(0.0007142857143 7.142857143e-05 2.857142857e-05)
(0.001428571429 7.142857143e-05 2.857142857e-05)
(0.002142857143 7.142857143e-05 2.857142857e-05)
(0.002857142857 7.142857143e-05 2.857142857e-05)
(0.003571428571 7.142857143e-05 2.857142857e-05)
(0.004285714286 7.142857143e-05 2.857142857e-05)
(0.005 7.142857143e-05 2.857142857e-05)
(0.005714285714 7.142857143e-05 2.857142857e-05)
(0.006428571429 7.142857143e-05 2.857142857e-05)
(0.007142857143 7.142857143e-05 2.857142857e-05)
(0.007857142857 7.142857143e-05 2.857142857e-05)
(0.008571428571 7.142857143e-05 2.857142857e-05)
(0.009285714286 7.142857143e-05 2.857142857e-05)
(0.01 7.142857143e-05 2.857142857e-05)
(0.01071428571 7.142857143e-05 2.857142857e-05)
(0.01142857143 7.142857143e-05 2.857142857e-05)
(0.01214285714 7.142857143e-05 2.857142857e-05)
(0.01285714286 7.142857143e-05 2.857142857e-05)
(0.01357142857 7.142857143e-05 2.857142857e-05)
(0.01428571429 7.142857143e-05 2.857142857e-05)
(0.015 7.142857143e-05 2.857142857e-05)
(0.01571428571 7.142857143e-05 2.857142857e-05)
(0.01642857143 7.142857143e-05 2.857142857e-05)
(0.01714285714 7.142857143e-05 2.857142857e-05)
(0.01785714286 7.142857143e-05 2.857142857e-05)
(0.01857142857 7.142857143e-05 2.857142857e-05)
(0.01928571429 7.142857143e-05 2.857142857e-05)
(0.02 7.142857143e-05 2.857142857e-05)
(0 8.571428571e-05 2.857142857e-05)
(0.0007142857143 8.571428571e-05 2.857142857e-05)
(0.001428571429 8.571428571e-05 2.857142857e-05)
(0.002142857143 8.571428571e-05 2.857142857e-05)
(0.002857142857 8.571428571e-05 2.857142857e-05)
(0.003571428571 8.571428571e-05 2.857142857e-05)
(0.004285714286 8.571428571e-05 2.857142857e-05)
(0.005 8.571428571e-05 2.857142857e-05)
(0.005714285714 8.571428571e-05 2.857142857e-05)
(0.006428571429 8.571428571e-05 2.857142857e-05)
(0.007142857143 8.571428571e-05 2.857142857e-05)
(0.007857142857 8.571428571e-05 2.857142857e-05)
(0.008571428571 8.571428571e-05 2.857142857e-05)
(0.009285714286 8.571428571e-05 2.857142857e-05)
(0.01 8.571428571e-05 2.857142857e-05)
(0.01071428571 8.571428571e-05 2.857142857e-05)
(0.01142857143 8.571428571e-05 2.857142857e-05)
(0.01214285714 8.571428571e-05 2.857142857e-05)
(0.01285714286 8.571428571e-05 2.857142857e-05)
(0.01357142857 8.571428571e-05 2.857142857e-05)
(0.01428571429 8.571428571e-05 2.857142857e-05)
(0.015 8.571428571e-05 2.857142857e-05)
(0.01571428571 8.571428571e-05 2.857142857e-05)
(0.01642857143 8.571428571e-05 2.857142857e-05)
(0.01714285714 8.571428571e-05 2.857142857e-05)
(0.01785714286 8.571428571e-05 2.857142857e-05)
(0.01857142857 8.571428571e-05 2.857142857e-05)
(0.01928571429 8.571428571e-05 2.857142857e-05)
(0.02 8.571428571e-05 2.857142857e-05)
(0 0.0001 2.857142857e-05)
(0.0007142857143 0.0001 2.857142857e-05)
(0.001428571429 0.0001 2.857142857e-05)
(0.002142857143 0.0001 2.857142857e-05)
(0.002857142857 0.0001 2.857142857e-05)
(0.003571428571 0.0001 2.857142857e-05)
(0.004285714286 0.0001 2.857142857e-05)
(0.005 0.0001 2.857142857e-05)
(0.005714285714 0.0001 2.857142857e-05)
(0.006428571429 0.0001 2.857142857e-05)
(0.007142857143 0.0001 2.857142857e-05)
(0.007857142857 0.0001 2.857142857e-05)
(0.008571428571 0.0001 2.857142857e-05)
(0.009285714286 0.0001 2.857142857e-05)
(0.01 0.0001 2.857142857e-05)
(0.01071428571 0.0001 2.857142857e-05)
(0.01142857143 0.0001 2.857142857e-05)
(0.01214285714 0.0001 2.857142857e-05)
(0.01285714286 0.0001 2.857142857e-05)
(0.01357142857 0.0001 2.857142857e-05)
(0.01428571429 0.0001 2.857142857e-05)
(0.015 0.0001 2.857142857e-05)
(0.01571428571 0.0001 2.857142857e-05)
(0.01642857143 0.0001 2.857142857e-05)
(0.01714285714 0.0001 2.857142857e-05)
(0.01785714286 0.0001 2.857142857e-05)
(0.01857142857 0.0001 2.857142857e-05)
(0.01928571429 0.0001 2.857142857e-05)
(0.02 0.0001 2.857142857e-05)
(0 0 4.285714286e-05)
(0.0007142857143 0 4.285714286e-05)
(0.001428571429 0 4.285714286e-05)
(0.002142857143 0 4.285714286e-05)
(0.002857142857 0 4.285714286e-05)
(0.003571428571 0 4.285714286e-05)
(0.004285714286 0 4.285714286e-05)
(0.005 0 4.285714286e-05)
(0.005714285714 0 4.285714286e-05)
(0.006428571429 0 4.285714286e-05)
(0.007142857143 0 4.285714286e-05)
(0.007857142857 0 4.285714286e-05)
(0.008571428571 0 4.285714286e-05)
(0.009285714286 0 4.285714286e-05)
(0.01 0 4.285714286e-05)
(0.01071428571 0 4.285714286e-05)
(0.01142857143 0 4.285714286e-05)
(0.01214285714 0 4.285714286e-05)
(0.01285714286 0 4.285714286e-05)
(0.01357142857 0 4.285714286e-05)
(0.01428571429 0 4.285714286e-05)
(0.015 0 4.285714286e-05)
(0.01571428571 0 4.285714286e-05)
(0.01642857143 0 4.285714286e-05)
(0.01714285714 0 4.285714286e-05)
(0.01785714286 0 4.285714286e-05)
(0.01857142857 0 4.285714286e-05)
(0.01928571429 0 4.285714286e-05)
(0.02 0 4.285714286e-05)
(0 1.428571429e-05 4.285714286e-05)
(0.0007142857143 1.428571429e-05 4.285714286e-05)
(0.001428571429 1.428571429e-05 4.285714286e-05)
(0.002142857143 1.428571429e-05 4.285714286e-05)
(0.002857142857 1.428571429e-05 4.285714286e-05)
(0.003571428571 1.428571429e-05 4.285714286e-05)
(0.004285714286 1.428571429e-05 4.285714286e-05)
(0.005 1.428571429e-05 4.285714286e-05)
(0.005714285714 1.428571429e-05 4.285714286e-05)
(0.006428571429 1.428571429e-05 4.285714286e-05)
(0.007142857143 1.428571429e-05 4.285714286e-05)
(0.007857142857 1.428571429e-05 4.285714286e-05)
(0.008571428571 1.428571429e-05 4.285714286e-05)
(0.009285714286 1.428571429e-05 4.285714286e-05)
(0.01 1.428571429e-05 4.285714286e-05)
(0.01071428571 1.428571429e-05 4.285714286e-05)
(0.01142857143 1.428571429e-05 4.285714286e-05)
(0.01214285714 1.428571429e-05 4.285714286e-05)
(0.01285714286 1.428571429e-05 4.285714286e-05)
(0.01357142857 1.428571429e-05 4.285714286e-05)
(0.01428571429 1.428571429e-05 4.285714286e-05)
(0.015 1.428571429e-05 4.285714286e-05)
(0.01571428571 1.428571429e-05 4.285714286e-05)
(0.01642857143 1.428571429e-05 4.285714286e-05)
(0.01714285714 1.428571429e-05 4.285714286e-05)
(0.01785714286 1.428571429e-05 4.285714286e-05)
(0.01857142857 1.428571429e-05 4.285714286e-05)
(0.01928571429 1.428571429e-05 4.285714286e-05)
(0.02 1.428571429e-05 4.285714286e-05)
(0 2.857142857e-05 4.285714286e-05)
(0.0007142857143 2.857142857e-05 4.285714286e-05)
(0.001428571429 2.857142857e-05 4.285714286e-05)
(0.002142857143 2.857142857e-05 4.285714286e-05)
(0.002857142857 2.857142857e-05 4.285714286e-05)
(0.003571428571 2.857142857e-05 4.285714286e-05)
(0.004285714286 2.857142857e-05 4.285714286e-05)
(0.005 2.857142857e-05 4.285714286e-05)
(0.005714285714 2.857142857e-05 4.285714286e-05)
(0.006428571429 2.857142857e-05 4.285714286e-05)
(0.007142857143 2.857142857e-05 4.285714286e-05)
(0.007857142857 2.857142857e-05 4.285714286e-05)
(0.008571428571 2.857142857e-05 4.285714286e-05)
(0.009285714286 2.857142857e-05 4.285714286e-05)
(0.01 2.857142857e-05 4.285714286e-05)
(0.01071428571 2.857142857e-05 4.285714286e-05)
(0.01142857143 2.857142857e-05 4.285714286e-05)
(0.01214285714 2.857142857e-05 4.285714286e-05)
(0.01285714286 2.857142857e-05 4.285714286e-05)
(0.01357142857 2.857142857e-05 4.285714286e-05)
(0.01428571429 2.857142857e-05 4.285714286e-05)
(0.015 2.857142857e-05 4.285714286e-05)
(0.01571428571 2.857142857e-05 4.285714286e-05)
(0.01642857143 2.857142857e-05 4.285714286e-05)
(0.01714285714 2.857142857e-05 4.285714286e-05)
(0.01785714286 2.857142857e-05 4.285714286e-05)
(0.01857142857 2.857142857e-05 4.285714286e-05)
(0.01928571429 2.857142857e-05 4.285714286e-05)
(0.02 2.857142857e-05 4.285714286e-05)
(0 4.285714286e-05 4.285714286e-05)
(0.0007142857143 4.285714286e-05 4.285714286e-05)
(0.001428571429 4.285714286e-05 4.285714286e-05)
(0.002142857143 4.285714286e-05 4.285714286e-05)
(0.002857142857 4.285714286e-05 4.285714286e-05)
(0.003571428571 4.285714286e-05 4.285714286e-05)
(0.004285714286 4.285714286e-05 4.285714286e-05)
(0.005 4.285714286e-05 4.285714286e-05)
(0.005714285714 4.285714286e-05 4.285714286e-05)
(0.006428571429 4.285714286e-05 4.285714286e-05)
(0.007142857143 4.285714286e-05 4.285714286e-05)
(0.007857142857 4.285714286e-05 4.285714286e-05)
(0.008571428571 4.285714286e-05 4.285714286e-05)
(0.009285714286 4.285714286e-05 4.285714286e-05)
(0.01 4.285714286e-05 4.285714286e-05)
(0.01071428571 4.285714286e-05 4.285714286e-05)
(0.01142857143 4.285714286e-05 4.285714286e-05)
(0.01214285714 4.285714286e-05 4.285714286e-05)
(0.01285714286 4.285714286e-05 4.285714286e-05)
(0.01357142857 4.285714286e-05 4.285714286e-05)
(0.01428571429 4.285714286e-05 4.285714286e-05)
(0.015 4.285714286e-05 4.285714286e-05)
(0.01571428571 4.285714286e-05 4.285714286e-05)
(0.01642857143 4.285714286e-05 4.285714286e-05)
(0.01714285714 4.285714286e-05 4.285714286e-05)
(0.01785714286 4.285714286e-05 4.285714286e-05)
(0.01857142857 4.285714286e-05 4.285714286e-05)
(0.01928571429 4.285714286e-05 4.285714286e-05)
(0.02 4.285714286e-05 4.285714286e-05)
(0 5.714285714e-05 4.285714286e-05)
(0.0007142857143 5.714285714e-05 4.285714286e-05)
(0.001428571429 5.714285714e-05 4.285714286e-05)
(0.002142857143 5.714285714e-05 4.285714286e-05)
(0.002857142857 5.714285714e-05 4.285714286e-05)
(0.003571428571 5.714285714e-05 4.285714286e-05)
(0.004285714286 5.714285714e-05 4.285714286e-05)
(0.005 5.714285714e-05 4.285714286e-05)
(0.005714285714 5.714285714e-05 4.285714286e-05)
(0.006428571429 5.714285714e-05 4.285714286e-05)
(0.007142857143 5.714285714e-05 4.285714286e-05)
(0.007857142857 5.714285714e-05 4.285714286e-05)
(0.008571428571 5.714285714e-05 4.285714286e-05)
(0.009285714286 5.714285714e-05 4.285714286e-05)
(0.01 5.714285714e-05 4.285714286e-05)
(0.01071428571 5.714285714e-05 4.285714286e-05)
(0.01142857143 5.714285714e-05 4.285714286e-05)
(0.01214285714 5.714285714e-05 4.285714286e-05)
(0.01285714286 5.714285714e-05 4.285714286e-05)
(0.01357142857 5.714285714e-05 4.285714286e-05)
(0.01428571429 5.714285714e-05 4.285714286e-05)
(0.015 5.714285714e-05 4.285714286e-05)
(0.01571428571 5.714285714e-05 4.285714286e-05)
(0.01642857143 5.714285714e-05 4.285714286e-05)
(0.01714285714 5.714285714e-05 4.285714286e-05)
(0.01785714286 5.714285714e-05 4.285714286e-05)
(0.01857142857 5.714285714e-05 4.285714286e-05)
(0.01928571429 5.714285714e-05 4.285714286e-05)
(0.02 5.714285714e-05 4.285714286e-05)
(0 7.142857143e-05 4.285714286e-05)
(0.0007142857143 7.142857143e-05 4.285714286e-05)
(0.001428571429 7.142857143e-05 4.285714286e-05)
(0.002142857143 7.142857143e-05 4.285714286e-05)
(0.002857142857 7.142857143e-05 4.285714286e-05)
(0.003571428571 7.142857143e-05 4.285714286e-05)
(0.004285714286 7.142857143e-05 4.285714286e-05)
(0.005 7.142857143e-05 4.285714286e-05)
(0.005714285714 7.142857143e-05 4.285714286e-05)
(0.006428571429 7.142857143e-05 4.285714286e-05)
(0.007142857143 7.142857143e-05 4.285714286e-05)
(0.007857142857 7.142857143e-05 4.285714286e-05)
(0.008571428571 7.142857143e-05 4.285714286e-05)
(0.009285714286 7.142857143e-05 4.285714286e-05)
(0.01 7.142857143e-05 4.285714286e-05)
(0.01071428571 7.142857143e-05 4.285714286e-05)
(0.01142857143 7.142857143e-05 4.285714286e-05)
(0.01214285714 7.142857143e-05 4.285714286e-05)
(0.01285714286 7.142857143e-05 4.285714286e-05)
(0.01357142857 7.142857143e-05 4.285714286e-05)
(0.01428571429 7.142857143e-05 4.285714286e-05)
(0.015 7.142857143e-05 4.285714286e-05)
(0.01571428571 7.142857143e-05 4.285714286e-05)
(0.01642857143 7.142857143e-05 4.285714286e-05)
(0.01714285714 7.142857143e-05 4.285714286e-05)
(0.01785714286 7.142857143e-05 4.285714286e-05)
(0.01857142857 7.142857143e-05 4.285714286e-05)
(0.01928571429 7.142857143e-05 4.285714286e-05)
(0.02 7.142857143e-05 4.285714286e-05)
(0 8.571428571e-05 4.285714286e-05)
(0.0007142857143 8.571428571e-05 4.285714286e-05)
(0.001428571429 8.571428571e-05 4.285714286e-05)
(0.002142857143 8.571428571e-05 4.285714286e-05)
(0.002857142857 8.571428571e-05 4.285714286e-05)
(0.003571428571 8.571428571e-05 4.285714286e-05)
(0.004285714286 8.571428571e-05 4.285714286e-05)
(0.005 8.571428571e-05 4.285714286e-05)
(0.005714285714 8.571428571e-05 4.285714286e-05)
(0.006428571429 8.571428571e-05 4.285714286e-05)
(0.007142857143 8.571428571e-05 4.285714286e-05)
(0.007857142857 8.571428571e-05 4.285714286e-05)
(0.008571428571 8.571428571e-05 4.285714286e-05)
(0.009285714286 8.571428571e-05 4.285714286e-05)
(0.01 8.571428571e-05 4.285714286e-05)
(0.01071428571 8.571428571e-05 4.285714286e-05)
(0.01142857143 8.571428571e-05 4.285714286e-05)
(0.01214285714 8.571428571e-05 4.285714286e-05)
(0.01285714286 8.571428571e-05 4.285714286e-05)
(0.01357142857 8.571428571e-05 4.285714286e-05)
(0.01428571429 8.571428571e-05 4.285714286e-05)
(0.015 8.571428571e-05 4.285714286e-05)
(0.01571428571 8.571428571e-05 4.285714286e-05)
(0.01642857143 8.571428571e-05 4.285714286e-05)
(0.01714285714 8.571428571e-05 4.285714286e-05)
(0.01785714286 8.571428571e-05 4.285714286e-05)
(0.01857142857 8.571428571e-05 4.285714286e-05)
(0.01928571429 8.571428571e-05 4.285714286e-05)
(0.02 8.571428571e-05 4.285714286e-05)
(0 0.0001 4.285714286e-05)
(0.0007142857143 0.0001 4.285714286e-05)
(0.001428571429 0.0001 4.285714286e-05)
(0.002142857143 0.0001 4.285714286e-05)
(0.002857142857 0.0001 4.285714286e-05)
(0.003571428571 0.0001 4.285714286e-05)
(0.004285714286 0.0001 4.285714286e-05)
(0.005 0.0001 4.285714286e-05)
(0.005714285714 0.0001 4.285714286e-05)
(0.006428571429 0.0001 4.285714286e-05)
(0.007142857143 0.0001 4.285714286e-05)
(0.007857142857 0.0001 4.285714286e-05)
(0.008571428571 0.0001 4.285714286e-05)
(0.009285714286 0.0001 4.285714286e-05)
(0.01 0.0001 4.285714286e-05)
(0.01071428571 0.0001 4.285714286e-05)
(0.01142857143 0.0001 4.285714286e-05)
(0.01214285714 0.0001 4.285714286e-05)
(0.01285714286 0.0001 4.285714286e-05)
(0.01357142857 0.0001 4.285714286e-05)
(0.01428571429 0.0001 4.285714286e-05)
(0.015 0.0001 4.285714286e-05)
(0.01571428571 0.0001 4.285714286e-05)
(0.01642857143 0.0001 4.285714286e-05)
(0.01714285714 0.0001 4.285714286e-05)
(0.01785714286 0.0001 4.285714286e-05)
(0.01857142857 0.0001 4.285714286e-05)
(0.01928571429 0.0001 4.285714286e-05)
(0.02 0.0001 4.285714286e-05)
(0 0 5.714285714e-05)
(0.0007142857143 0 5.714285714e-05)
(0.001428571429 0 5.714285714e-05)
(0.002142857143 0 5.714285714e-05)
(0.002857142857 0 5.714285714e-05)
(0.003571428571 0 5.714285714e-05)
(0.004285714286 0 5.714285714e-05)
(0.005 0 5.714285714e-05)
(0.005714285714 0 5.714285714e-05)
(0.006428571429 0 5.714285714e-05)
(0.007142857143 0 5.714285714e-05)
(0.007857142857 0 5.714285714e-05)
(0.008571428571 0 5.714285714e-05)
(0.009285714286 0 5.714285714e-05)
(0.01 0 5.714285714e-05)
(0.01071428571 0 5.714285714e-05)
(0.01142857143 0 5.714285714e-05)
(0.01214285714 0 5.714285714e-05)
(0.01285714286 0 5.714285714e-05)
(0.01357142857 0 5.714285714e-05)
(0.01428571429 0 5.714285714e-05)
(0.015 0 5.714285714e-05)
(0.01571428571 0 5.714285714e-05)
(0.01642857143 0 5.714285714e-05)
(0.01714285714 0 5.714285714e-05)
(0.01785714286 0 5.714285714e-05)
(0.01857142857 0 5.714285714e-05)
(0.01928571429 0 5.714285714e-05)
(0.02 0 5.714285714e-05)
(0 1.428571429e-05 5.714285714e-05)
(0.0007142857143 1.428571429e-05 5.714285714e-05)
(0.001428571429 1.428571429e-05 5.714285714e-05)
(0.002142857143 1.428571429e-05 5.714285714e-05)
(0.002857142857 1.428571429e-05 5.714285714e-05)
(0.003571428571 1.428571429e-05 5.714285714e-05)
(0.004285714286 1.428571429e-05 5.714285714e-05)
(0.005 1.428571429e-05 5.714285714e-05)
(0.005714285714 1.428571429e-05 5.714285714e-05)
(0.006428571429 1.428571429e-05 5.714285714e-05)
(0.007142857143 1.428571429e-05 5.714285714e-05)
(0.007857142857 1.428571429e-05 5.714285714e-05)
(0.008571428571 1.428571429e-05 5.714285714e-05)
(0.009285714286 1.428571429e-05 5.714285714e-05)
(0.01 1.428571429e-05 5.714285714e-05)
(0.01071428571 1.428571429e-05 5.714285714e-05)
(0.01142857143 1.428571429e-05 5.714285714e-05)
(0.01214285714 1.428571429e-05 5.714285714e-05)
(0.01285714286 1.428571429e-05 5.714285714e-05)
(0.01357142857 1.428571429e-05 5.714285714e-05)
(0.01428571429 1.428571429e-05 5.714285714e-05)
(0.015 1.428571429e-05 5.714285714e-05)
(0.01571428571 1.428571429e-05 5.714285714e-05)
(0.01642857143 1.428571429e-05 5.714285714e-05)
(0.01714285714 1.428571429e-05 5.714285714e-05)
(0.01785714286 1.428571429e-05 5.714285714e-05)
(0.01857142857 1.428571429e-05 5.714285714e-05)
(0.01928571429 1.428571429e-05 5.714285714e-05)
(0.02 1.428571429e-05 5.714285714e-05)
(0 2.857142857e-05 5.714285714e-05)
(0.0007142857143 2.857142857e-05 5.714285714e-05)
(0.001428571429 2.857142857e-05 5.714285714e-05)
(0.002142857143 2.857142857e-05 5.714285714e-05)
(0.002857142857 2.857142857e-05 5.714285714e-05)
(0.003571428571 2.857142857e-05 5.714285714e-05)
(0.004285714286 2.857142857e-05 5.714285714e-05)
(0.005 2.857142857e-05 5.714285714e-05)
(0.005714285714 2.857142857e-05 5.714285714e-05)
(0.006428571429 2.857142857e-05 5.714285714e-05)
(0.007142857143 2.857142857e-05 5.714285714e-05)
(0.007857142857 2.857142857e-05 5.714285714e-05)
(0.008571428571 2.857142857e-05 5.714285714e-05)
(0.009285714286 2.857142857e-05 5.714285714e-05)
(0.01 2.857142857e-05 5.714285714e-05)
(0.01071428571 2.857142857e-05 5.714285714e-05)
(0.01142857143 2.857142857e-05 5.714285714e-05)
(0.01214285714 2.857142857e-05 5.714285714e-05)
(0.01285714286 2.857142857e-05 5.714285714e-05)
(0.01357142857 2.857142857e-05 5.714285714e-05)
(0.01428571429 2.857142857e-05 5.714285714e-05)
(0.015 2.857142857e-05 5.714285714e-05)
(0.01571428571 2.857142857e-05 5.714285714e-05)
(0.01642857143 2.857142857e-05 5.714285714e-05)
(0.01714285714 2.857142857e-05 5.714285714e-05)
(0.01785714286 2.857142857e-05 5.714285714e-05)
(0.01857142857 2.857142857e-05 5.714285714e-05)
(0.01928571429 2.857142857e-05 5.714285714e-05)
(0.02 2.857142857e-05 5.714285714e-05)
(0 4.285714286e-05 5.714285714e-05)
(0.0007142857143 4.285714286e-05 5.714285714e-05)
(0.001428571429 4.285714286e-05 5.714285714e-05)
(0.002142857143 4.285714286e-05 5.714285714e-05)
(0.002857142857 4.285714286e-05 5.714285714e-05)
(0.003571428571 4.285714286e-05 5.714285714e-05)
(0.004285714286 4.285714286e-05 5.714285714e-05)
(0.005 4.285714286e-05 5.714285714e-05)
(0.005714285714 4.285714286e-05 5.714285714e-05)
(0.006428571429 4.285714286e-05 5.714285714e-05)
(0.007142857143 4.285714286e-05 5.714285714e-05)
(0.007857142857 4.285714286e-05 5.714285714e-05)
(0.008571428571 4.285714286e-05 5.714285714e-05)
(0.009285714286 4.285714286e-05 5.714285714e-05)
(0.01 4.285714286e-05 5.714285714e-05)
(0.01071428571 4.285714286e-05 5.714285714e-05)
(0.01142857143 4.285714286e-05 5.714285714e-05)
(0.01214285714 4.285714286e-05 5.714285714e-05)
(0.01285714286 4.285714286e-05 5.714285714e-05)
(0.01357142857 4.285714286e-05 5.714285714e-05)
(0.01428571429 4.285714286e-05 5.714285714e-05)
(0.015 4.285714286e-05 5.714285714e-05)
(0.01571428571 4.285714286e-05 5.714285714e-05)
(0.01642857143 4.285714286e-05 5.714285714e-05)
(0.01714285714 4.285714286e-05 5.714285714e-05)
(0.01785714286 4.285714286e-05 5.714285714e-05)
(0.01857142857 4.285714286e-05 5.714285714e-05)
(0.01928571429 4.285714286e-05 5.714285714e-05)
(0.02 4.285714286e-05 5.714285714e-05)
(0 5.714285714e-05 5.714285714e-05)
(0.0007142857143 5.714285714e-05 5.714285714e-05)
(0.001428571429 5.714285714e-05 5.714285714e-05)
(0.002142857143 5.714285714e-05 5.714285714e-05)
(0.002857142857 5.714285714e-05 5.714285714e-05)
(0.003571428571 5.714285714e-05 5.714285714e-05)
(0.004285714286 5.714285714e-05 5.714285714e-05)
(0.005 5.714285714e-05 5.714285714e-05)
(0.005714285714 5.714285714e-05 5.714285714e-05)
(0.006428571429 5.714285714e-05 5.714285714e-05)
(0.007142857143 5.714285714e-05 5.714285714e-05)
(0.007857142857 5.714285714e-05 5.714285714e-05)
(0.008571428571 5.714285714e-05 5.714285714e-05)
(0.009285714286 5.714285714e-05 5.714285714e-05)
(0.01 5.714285714e-05 5.714285714e-05)
(0.01071428571 5.714285714e-05 5.714285714e-05)
(0.01142857143 5.714285714e-05 5.714285714e-05)
(0.01214285714 5.714285714e-05 5.714285714e-05)
(0.01285714286 5.714285714e-05 5.714285714e-05)
(0.01357142857 5.714285714e-05 5.714285714e-05)
(0.01428571429 5.714285714e-05 5.714285714e-05)
(0.015 5.714285714e-05 5.714285714e-05)
(0.01571428571 5.714285714e-05 5.714285714e-05)
(0.01642857143 5.714285714e-05 5.714285714e-05)
(0.01714285714 5.714285714e-05 5.714285714e-05)
(0.01785714286 5.714285714e-05 5.714285714e-05)
(0.01857142857 5.714285714e-05 5.714285714e-05)
(0.01928571429 5.714285714e-05 5.714285714e-05)
(0.02 5.714285714e-05 5.714285714e-05)
(0 7.142857143e-05 5.714285714e-05)
(0.0007142857143 7.142857143e-05 5.714285714e-05)
(0.001428571429 7.142857143e-05 5.714285714e-05)
(0.002142857143 7.142857143e-05 5.714285714e-05)
(0.002857142857 7.142857143e-05 5.714285714e-05)
(0.003571428571 7.142857143e-05 5.714285714e-05)
(0.004285714286 7.142857143e-05 5.714285714e-05)
(0.005 7.142857143e-05 5.714285714e-05)
(0.005714285714 7.142857143e-05 5.714285714e-05)
(0.006428571429 7.142857143e-05 5.714285714e-05)
(0.007142857143 7.142857143e-05 5.714285714e-05)
(0.007857142857 7.142857143e-05 5.714285714e-05)
(0.008571428571 7.142857143e-05 5.714285714e-05)
(0.009285714286 7.142857143e-05 5.714285714e-05)
(0.01 7.142857143e-05 5.714285714e-05)
(0.01071428571 7.142857143e-05 5.714285714e-05)
(0.01142857143 7.142857143e-05 5.714285714e-05)
(0.01214285714 7.142857143e-05 5.714285714e-05)
(0.01285714286 7.142857143e-05 5.714285714e-05)
(0.01357142857 7.142857143e-05 5.714285714e-05)
(0.01428571429 7.142857143e-05 5.714285714e-05)
(0.015 7.142857143e-05 5.714285714e-05)
(0.01571428571 7.142857143e-05 5.714285714e-05)
(0.01642857143 7.142857143e-05 5.714285714e-05)
(0.01714285714 7.142857143e-05 5.714285714e-05)
(0.01785714286 7.142857143e-05 5.714285714e-05)
(0.01857142857 7.142857143e-05 5.714285714e-05)
(0.01928571429 7.142857143e-05 5.714285714e-05)
(0.02 7.142857143e-05 5.714285714e-05)
(0 8.571428571e-05 5.714285714e-05)
(0.0007142857143 8.571428571e-05 5.714285714e-05)
(0.001428571429 8.571428571e-05 5.714285714e-05)
(0.002142857143 8.571428571e-05 5.714285714e-05)
(0.002857142857 8.571428571e-05 5.714285714e-05)
(0.003571428571 8.571428571e-05 5.714285714e-05)
(0.004285714286 8.571428571e-05 5.714285714e-05)
(0.005 8.571428571e-05 5.714285714e-05)
(0.005714285714 8.571428571e-05 5.714285714e-05)
(0.006428571429 8.571428571e-05 5.714285714e-05)
(0.007142857143 8.571428571e-05 5.714285714e-05)
(0.007857142857 8.571428571e-05 5.714285714e-05)
(0.008571428571 8.571428571e-05 5.714285714e-05)
(0.009285714286 8.571428571e-05 5.714285714e-05)
(0.01 8.571428571e-05 5.714285714e-05)
(0.01071428571 8.571428571e-05 5.714285714e-05)
(0.01142857143 8.571428571e-05 5.714285714e-05)
(0.01214285714 8.571428571e-05 5.714285714e-05)
(0.01285714286 8.571428571e-05 5.714285714e-05)
(0.01357142857 8.571428571e-05 5.714285714e-05)
(0.01428571429 8.571428571e-05 5.714285714e-05)
(0.015 8.571428571e-05 5.714285714e-05)
(0.01571428571 8.571428571e-05 5.714285714e-05)
(0.01642857143 8.571428571e-05 5.714285714e-05)
(0.01714285714 8.571428571e-05 5.714285714e-05)
(0.01785714286 8.571428571e-05 5.714285714e-05)
(0.01857142857 8.571428571e-05 5.714285714e-05)
(0.01928571429 8.571428571e-05 5.714285714e-05)
(0.02 8.571428571e-05 5.714285714e-05)
(0 0.0001 5.714285714e-05)
(0.0007142857143 0.0001 5.714285714e-05)
(0.001428571429 0.0001 5.714285714e-05)
(0.002142857143 0.0001 5.714285714e-05)
(0.002857142857 0.0001 5.714285714e-05)
(0.003571428571 0.0001 5.714285714e-05)
(0.004285714286 0.0001 5.714285714e-05)
(0.005 0.0001 5.714285714e-05)
(0.005714285714 0.0001 5.714285714e-05)
(0.006428571429 0.0001 5.714285714e-05)
(0.007142857143 0.0001 5.714285714e-05)
(0.007857142857 0.0001 5.714285714e-05)
(0.008571428571 0.0001 5.714285714e-05)
(0.009285714286 0.0001 5.714285714e-05)
(0.01 0.0001 5.714285714e-05)
(0.01071428571 0.0001 5.714285714e-05)
(0.01142857143 0.0001 5.714285714e-05)
(0.01214285714 0.0001 5.714285714e-05)
(0.01285714286 0.0001 5.714285714e-05)
(0.01357142857 0.0001 5.714285714e-05)
(0.01428571429 0.0001 5.714285714e-05)
(0.015 0.0001 5.714285714e-05)
(0.01571428571 0.0001 5.714285714e-05)
(0.01642857143 0.0001 5.714285714e-05)
(0.01714285714 0.0001 5.714285714e-05)
(0.01785714286 0.0001 5.714285714e-05)
(0.01857142857 0.0001 5.714285714e-05)
(0.01928571429 0.0001 5.714285714e-05)
(0.02 0.0001 5.714285714e-05)
(0 0 7.142857143e-05)
(0.0007142857143 0 7.142857143e-05)
(0.001428571429 0 7.142857143e-05)
(0.002142857143 0 7.142857143e-05)
(0.002857142857 0 7.142857143e-05)
(0.003571428571 0 7.142857143e-05)
(0.004285714286 0 7.142857143e-05)
(0.005 0 7.142857143e-05)
(0.005714285714 0 7.142857143e-05)
(0.006428571429 0 7.142857143e-05)
(0.007142857143 0 7.142857143e-05)
(0.007857142857 0 7.142857143e-05)
(0.008571428571 0 7.142857143e-05)
(0.009285714286 0 7.142857143e-05)
(0.01 0 7.142857143e-05)
(0.01071428571 0 7.142857143e-05)
(0.01142857143 0 7.142857143e-05)
(0.01214285714 0 7.142857143e-05)
(0.01285714286 0 7.142857143e-05)
(0.01357142857 0 7.142857143e-05)
(0.01428571429 0 7.142857143e-05)
(0.015 0 7.142857143e-05)
(0.01571428571 0 7.142857143e-05)
(0.01642857143 0 7.142857143e-05)
(0.01714285714 0 7.142857143e-05)
(0.01785714286 0 7.142857143e-05)
(0.01857142857 0 7.142857143e-05)
(0.01928571429 0 7.142857143e-05)
(0.02 0 7.142857143e-05)
(0 1.428571429e-05 7.142857143e-05)
(0.0007142857143 1.428571429e-05 7.142857143e-05)
(0.001428571429 1.428571429e-05 7.142857143e-05)
(0.002142857143 1.428571429e-05 7.142857143e-05)
(0.002857142857 1.428571429e-05 7.142857143e-05)
(0.003571428571 1.428571429e-05 7.142857143e-05)
(0.004285714286 1.428571429e-05 7.142857143e-05)
(0.005 1.428571429e-05 7.142857143e-05)
(0.005714285714 1.428571429e-05 7.142857143e-05)
(0.006428571429 1.428571429e-05 7.142857143e-05)
(0.007142857143 1.428571429e-05 7.142857143e-05)
(0.007857142857 1.428571429e-05 7.142857143e-05)
(0.008571428571 1.428571429e-05 7.142857143e-05)
(0.009285714286 1.428571429e-05 7.142857143e-05)
(0.01 1.428571429e-05 7.142857143e-05)
(0.01071428571 1.428571429e-05 7.142857143e-05)
(0.01142857143 1.428571429e-05 7.142857143e-05)
(0.01214285714 1.428571429e-05 7.142857143e-05)
(0.01285714286 1.428571429e-05 7.142857143e-05)
(0.01357142857 1.428571429e-05 7.142857143e-05)
(0.01428571429 1.428571429e-05 7.142857143e-05)
(0.015 1.428571429e-05 7.142857143e-05)
(0.01571428571 1.428571429e-05 7.142857143e-05)
(0.01642857143 1.428571429e-05 7.142857143e-05)
(0.01714285714 1.428571429e-05 7.142857143e-05)
(0.01785714286 1.428571429e-05 7.142857143e-05)
(0.01857142857 1.428571429e-05 7.142857143e-05)
(0.01928571429 1.428571429e-05 7.142857143e-05)
(0.02 1.428571429e-05 7.142857143e-05)
(0 2.857142857e-05 7.142857143e-05)
(0.0007142857143 2.857142857e-05 7.142857143e-05)
(0.001428571429 2.857142857e-05 7.142857143e-05)
(0.002142857143 2.857142857e-05 7.142857143e-05)
(0.002857142857 2.857142857e-05 7.142857143e-05)
(0.003571428571 2.857142857e-05 7.142857143e-05)
(0.004285714286 2.857142857e-05 7.142857143e-05)
(0.005 2.857142857e-05 7.142857143e-05)
(0.005714285714 2.857142857e-05 7.142857143e-05)
(0.006428571429 2.857142857e-05 7.142857143e-05)
(0.007142857143 2.857142857e-05 7.142857143e-05)
(0.007857142857 2.857142857e-05 7.142857143e-05)
(0.008571428571 2.857142857e-05 7.142857143e-05)
(0.009285714286 2.857142857e-05 7.142857143e-05)
(0.01 2.857142857e-05 7.142857143e-05)
(0.01071428571 2.857142857e-05 7.142857143e-05)
(0.01142857143 2.857142857e-05 7.142857143e-05)
(0.01214285714 2.857142857e-05 7.142857143e-05)
(0.01285714286 2.857142857e-05 7.142857143e-05)
(0.01357142857 2.857142857e-05 7.142857143e-05)
(0.01428571429 2.857142857e-05 7.142857143e-05)
(0.015 2.857142857e-05 7.142857143e-05)
(0.01571428571 2.857142857e-05 7.142857143e-05)
(0.01642857143 2.857142857e-05 7.142857143e-05)
(0.01714285714 2.857142857e-05 7.142857143e-05)
(0.01785714286 2.857142857e-05 7.142857143e-05)
(0.01857142857 2.857142857e-05 7.142857143e-05)
(0.01928571429 2.857142857e-05 7.142857143e-05)
(0.02 2.857142857e-05 7.142857143e-05)
(0 4.285714286e-05 7.142857143e-05)
(0.0007142857143 4.285714286e-05 7.142857143e-05)
(0.001428571429 4.285714286e-05 7.142857143e-05)
(0.002142857143 4.285714286e-05 7.142857143e-05)
(0.002857142857 4.285714286e-05 7.142857143e-05)
(0.003571428571 4.285714286e-05 7.142857143e-05)
(0.004285714286 4.285714286e-05 7.142857143e-05)
(0.005 4.285714286e-05 7.142857143e-05)
(0.005714285714 4.285714286e-05 7.142857143e-05)
(0.006428571429 4.285714286e-05 7.142857143e-05)
(0.007142857143 4.285714286e-05 7.142857143e-05)
(0.007857142857 4.285714286e-05 7.142857143e-05)
(0.008571428571 4.285714286e-05 7.142857143e-05)
(0.009285714286 4.285714286e-05 7.142857143e-05)
(0.01 4.285714286e-05 7.142857143e-05)
(0.01071428571 4.285714286e-05 7.142857143e-05)
(0.01142857143 4.285714286e-05 7.142857143e-05)
(0.01214285714 4.285714286e-05 7.142857143e-05)
(0.01285714286 4.285714286e-05 7.142857143e-05)
(0.01357142857 4.285714286e-05 7.142857143e-05)
(0.01428571429 4.285714286e-05 7.142857143e-05)
(0.015 4.285714286e-05 7.142857143e-05)
(0.01571428571 4.285714286e-05 7.142857143e-05)
(0.01642857143 4.285714286e-05 7.142857143e-05)
(0.01714285714 4.285714286e-05 7.142857143e-05)
(0.01785714286 4.285714286e-05 7.142857143e-05)
(0.01857142857 4.285714286e-05 7.142857143e-05)
(0.01928571429 4.285714286e-05 7.142857143e-05)
(0.02 4.285714286e-05 7.142857143e-05)
(0 5.714285714e-05 7.142857143e-05)
(0.0007142857143 5.714285714e-05 7.142857143e-05)
(0.001428571429 5.714285714e-05 7.142857143e-05)
(0.002142857143 5.714285714e-05 7.142857143e-05)
(0.002857142857 5.714285714e-05 7.142857143e-05)
(0.003571428571 5.714285714e-05 7.142857143e-05)
(0.004285714286 5.714285714e-05 7.142857143e-05)
(0.005 5.714285714e-05 7.142857143e-05)
(0.005714285714 5.714285714e-05 7.142857143e-05)
(0.006428571429 5.714285714e-05 7.142857143e-05)
(0.007142857143 5.714285714e-05 7.142857143e-05)
(0.007857142857 5.714285714e-05 7.142857143e-05)
(0.008571428571 5.714285714e-05 7.142857143e-05)
(0.009285714286 5.714285714e-05 7.142857143e-05)
(0.01 5.714285714e-05 7.142857143e-05)
(0.01071428571 5.714285714e-05 7.142857143e-05)
(0.01142857143 5.714285714e-05 7.142857143e-05)
(0.01214285714 5.714285714e-05 7.142857143e-05)
(0.01285714286 5.714285714e-05 7.142857143e-05)
(0.01357142857 5.714285714e-05 7.142857143e-05)
(0.01428571429 5.714285714e-05 7.142857143e-05)
(0.015 5.714285714e-05 7.142857143e-05)
(0.01571428571 5.714285714e-05 7.142857143e-05)
(0.01642857143 5.714285714e-05 7.142857143e-05)
(0.01714285714 5.714285714e-05 7.142857143e-05)
(0.01785714286 5.714285714e-05 7.142857143e-05)
(0.01857142857 5.714285714e-05 7.142857143e-05)
(0.01928571429 5.714285714e-05 7.142857143e-05)
(0.02 5.714285714e-05 7.142857143e-05)
(0 7.142857143e-05 7.142857143e-05)
(0.0007142857143 7.142857143e-05 7.142857143e-05)
(0.001428571429 7.142857143e-05 7.142857143e-05)
(0.002142857143 7.142857143e-05 7.142857143e-05)
(0.002857142857 7.142857143e-05 7.142857143e-05)
(0.003571428571 7.142857143e-05 7.142857143e-05)
(0.004285714286 7.142857143e-05 7.142857143e-05)
(0.005 7.142857143e-05 7.142857143e-05)
(0.005714285714 7.142857143e-05 7.142857143e-05)
(0.006428571429 7.142857143e-05 7.142857143e-05)
(0.007142857143 7.142857143e-05 7.142857143e-05)
(0.007857142857 7.142857143e-05 7.142857143e-05)
(0.008571428571 7.142857143e-05 7.142857143e-05)
(0.009285714286 7.142857143e-05 7.142857143e-05)
(0.01 7.142857143e-05 7.142857143e-05)
(0.01071428571 7.142857143e-05 7.142857143e-05)
(0.01142857143 7.142857143e-05 7.142857143e-05)
(0.01214285714 7.142857143e-05 7.142857143e-05)
(0.01285714286 7.142857143e-05 7.142857143e-05)
(0.01357142857 7.142857143e-05 7.142857143e-05)
(0.01428571429 7.142857143e-05 7.142857143e-05)
(0.015 7.142857143e-05 7.142857143e-05)
(0.01571428571 7.142857143e-05 7.142857143e-05)
(0.01642857143 7.142857143e-05 7.142857143e-05)
(0.01714285714 7.142857143e-05 7.142857143e-05)
(0.01785714286 7.142857143e-05 7.142857143e-05)
(0.01857142857 7.142857143e-05 7.142857143e-05)
(0.01928571429 7.142857143e-05 7.142857143e-05)
(0.02 7.142857143e-05 7.142857143e-05)
(0 8.571428571e-05 7.142857143e-05)
(0.0007142857143 8.571428571e-05 7.142857143e-05)
(0.001428571429 8.571428571e-05 7.142857143e-05)
(0.002142857143 8.571428571e-05 7.142857143e-05)
(0.002857142857 8.571428571e-05 7.142857143e-05)
(0.003571428571 8.571428571e-05 7.142857143e-05)
(0.004285714286 8.571428571e-05 7.142857143e-05)
(0.005 8.571428571e-05 7.142857143e-05)
(0.005714285714 8.571428571e-05 7.142857143e-05)
(0.006428571429 8.571428571e-05 7.142857143e-05)
(0.007142857143 8.571428571e-05 7.142857143e-05)
(0.007857142857 8.571428571e-05 7.142857143e-05)
(0.008571428571 8.571428571e-05 7.142857143e-05)
(0.009285714286 8.571428571e-05 7.142857143e-05)
(0.01 8.571428571e-05 7.142857143e-05)
(0.01071428571 8.571428571e-05 7.142857143e-05)
(0.01142857143 8.571428571e-05 7.142857143e-05)
(0.01214285714 8.571428571e-05 7.142857143e-05)
(0.01285714286 8.571428571e-05 7.142857143e-05)
(0.01357142857 8.571428571e-05 7.142857143e-05)
(0.01428571429 8.571428571e-05 7.142857143e-05)
(0.015 8.571428571e-05 7.142857143e-05)
(0.01571428571 8.571428571e-05 7.142857143e-05)
(0.01642857143 8.571428571e-05 7.142857143e-05)
(0.01714285714 8.571428571e-05 7.142857143e-05)
(0.01785714286 8.571428571e-05 7.142857143e-05)
(0.01857142857 8.571428571e-05 7.142857143e-05)
(0.01928571429 8.571428571e-05 7.142857143e-05)
(0.02 8.571428571e-05 7.142857143e-05)
(0 0.0001 7.142857143e-05)
(0.0007142857143 0.0001 7.142857143e-05)
(0.001428571429 0.0001 7.142857143e-05)
(0.002142857143 0.0001 7.142857143e-05)
(0.002857142857 0.0001 7.142857143e-05)
(0.003571428571 0.0001 7.142857143e-05)
(0.004285714286 0.0001 7.142857143e-05)
(0.005 0.0001 7.142857143e-05)
(0.005714285714 0.0001 7.142857143e-05)
(0.006428571429 0.0001 7.142857143e-05)
(0.007142857143 0.0001 7.142857143e-05)
(0.007857142857 0.0001 7.142857143e-05)
(0.008571428571 0.0001 7.142857143e-05)
(0.009285714286 0.0001 7.142857143e-05)
(0.01 0.0001 7.142857143e-05)
(0.01071428571 0.0001 7.142857143e-05)
(0.01142857143 0.0001 7.142857143e-05)
(0.01214285714 0.0001 7.142857143e-05)
(0.01285714286 0.0001 7.142857143e-05)
(0.01357142857 0.0001 7.142857143e-05)
(0.01428571429 0.0001 7.142857143e-05)
(0.015 0.0001 7.142857143e-05)
(0.01571428571 0.0001 7.142857143e-05)
(0.01642857143 0.0001 7.142857143e-05)
(0.01714285714 0.0001 7.142857143e-05)
(0.01785714286 0.0001 7.142857143e-05)
(0.01857142857 0.0001 7.142857143e-05)
(0.01928571429 0.0001 7.142857143e-05)
(0.02 0.0001 7.142857143e-05)
(0 0 8.571428571e-05)
(0.0007142857143 0 8.571428571e-05)
(0.001428571429 0 8.571428571e-05)
(0.002142857143 0 8.571428571e-05)
(0.002857142857 0 8.571428571e-05)
(0.003571428571 0 8.571428571e-05)
(0.004285714286 0 8.571428571e-05)
(0.005 0 8.571428571e-05)
(0.005714285714 0 8.571428571e-05)
(0.006428571429 0 8.571428571e-05)
(0.007142857143 0 8.571428571e-05)
(0.007857142857 0 8.571428571e-05)
(0.008571428571 0 8.571428571e-05)
(0.009285714286 0 8.571428571e-05)
(0.01 0 8.571428571e-05)
(0.01071428571 0 8.571428571e-05)
(0.01142857143 0 8.571428571e-05)
(0.01214285714 0 8.571428571e-05)
(0.01285714286 0 8.571428571e-05)
(0.01357142857 0 8.571428571e-05)
(0.01428571429 0 8.571428571e-05)
(0.015 0 8.571428571e-05)
(0.01571428571 0 8.571428571e-05)
(0.01642857143 0 8.571428571e-05)
(0.01714285714 0 8.571428571e-05)
(0.01785714286 0 8.571428571e-05)
(0.01857142857 0 8.571428571e-05)
(0.01928571429 0 8.571428571e-05)
(0.02 0 8.571428571e-05)
(0 1.428571429e-05 8.571428571e-05)
(0.0007142857143 1.428571429e-05 8.571428571e-05)
(0.001428571429 1.428571429e-05 8.571428571e-05)
(0.002142857143 1.428571429e-05 8.571428571e-05)
(0.002857142857 1.428571429e-05 8.571428571e-05)
(0.003571428571 1.428571429e-05 8.571428571e-05)
(0.004285714286 1.428571429e-05 8.571428571e-05)
(0.005 1.428571429e-05 8.571428571e-05)
(0.005714285714 1.428571429e-05 8.571428571e-05)
(0.006428571429 1.428571429e-05 8.571428571e-05)
(0.007142857143 1.428571429e-05 8.571428571e-05)
(0.007857142857 1.428571429e-05 8.571428571e-05)
(0.008571428571 1.428571429e-05 8.571428571e-05)
(0.009285714286 1.428571429e-05 8.571428571e-05)
(0.01 1.428571429e-05 8.571428571e-05)
(0.01071428571 1.428571429e-05 8.571428571e-05)
(0.01142857143 1.428571429e-05 8.571428571e-05)
(0.01214285714 1.428571429e-05 8.571428571e-05)
(0.01285714286 1.428571429e-05 8.571428571e-05)
(0.01357142857 1.428571429e-05 8.571428571e-05)
(0.01428571429 1.428571429e-05 8.571428571e-05)
(0.015 1.428571429e-05 8.571428571e-05)
(0.01571428571 1.428571429e-05 8.571428571e-05)
(0.01642857143 1.428571429e-05 8.571428571e-05)
(0.01714285714 1.428571429e-05 8.571428571e-05)
(0.01785714286 1.428571429e-05 8.571428571e-05)
(0.01857142857 1.428571429e-05 8.571428571e-05)
(0.01928571429 1.428571429e-05 8.571428571e-05)
(0.02 1.428571429e-05 8.571428571e-05)
(0 2.857142857e-05 8.571428571e-05)
(0.0007142857143 2.857142857e-05 8.571428571e-05)
(0.001428571429 2.857142857e-05 8.571428571e-05)
(0.002142857143 2.857142857e-05 8.571428571e-05)
(0.002857142857 2.857142857e-05 8.571428571e-05)
(0.003571428571 2.857142857e-05 8.571428571e-05)
(0.004285714286 2.857142857e-05 8.571428571e-05)
(0.005 2.857142857e-05 8.571428571e-05)
(0.005714285714 2.857142857e-05 8.571428571e-05)
(0.006428571429 2.857142857e-05 8.571428571e-05)
(0.007142857143 2.857142857e-05 8.571428571e-05)
(0.007857142857 2.857142857e-05 8.571428571e-05)
(0.008571428571 2.857142857e-05 8.571428571e-05)
(0.009285714286 2.857142857e-05 8.571428571e-05)
(0.01 2.857142857e-05 8.571428571e-05)
(0.01071428571 2.857142857e-05 8.571428571e-05)
(0.01142857143 2.857142857e-05 8.571428571e-05)
(0.01214285714 2.857142857e-05 8.571428571e-05)
(0.01285714286 2.857142857e-05 8.571428571e-05)
(0.01357142857 2.857142857e-05 8.571428571e-05)
(0.01428571429 2.857142857e-05 8.571428571e-05)
(0.015 2.857142857e-05 8.571428571e-05)
(0.01571428571 2.857142857e-05 8.571428571e-05)
(0.01642857143 2.857142857e-05 8.571428571e-05)
(0.01714285714 2.857142857e-05 8.571428571e-05)
(0.01785714286 2.857142857e-05 8.571428571e-05)
(0.01857142857 2.857142857e-05 8.571428571e-05)
(0.01928571429 2.857142857e-05 8.571428571e-05)
(0.02 2.857142857e-05 8.571428571e-05)
(0 4.285714286e-05 8.571428571e-05)
(0.0007142857143 4.285714286e-05 8.571428571e-05)
(0.001428571429 4.285714286e-05 8.571428571e-05)
(0.002142857143 4.285714286e-05 8.571428571e-05)
(0.002857142857 4.285714286e-05 8.571428571e-05)
(0.003571428571 4.285714286e-05 8.571428571e-05)
(0.004285714286 4.285714286e-05 8.571428571e-05)
(0.005 4.285714286e-05 8.571428571e-05)
(0.005714285714 4.285714286e-05 8.571428571e-05)
(0.006428571429 4.285714286e-05 8.571428571e-05)
(0.007142857143 4.285714286e-05 8.571428571e-05)
(0.007857142857 4.285714286e-05 8.571428571e-05)
(0.008571428571 4.285714286e-05 8.571428571e-05)
(0.009285714286 4.285714286e-05 8.571428571e-05)
(0.01 4.285714286e-05 8.571428571e-05)
(0.01071428571 4.285714286e-05 8.571428571e-05)
(0.01142857143 4.285714286e-05 8.571428571e-05)
(0.01214285714 4.285714286e-05 8.571428571e-05)
(0.01285714286 4.285714286e-05 8.571428571e-05)
(0.01357142857 4.285714286e-05 8.571428571e-05)
(0.01428571429 4.285714286e-05 8.571428571e-05)
(0.015 4.285714286e-05 8.571428571e-05)
(0.01571428571 4.285714286e-05 8.571428571e-05)
(0.01642857143 4.285714286e-05 8.571428571e-05)
(0.01714285714 4.285714286e-05 8.571428571e-05)
(0.01785714286 4.285714286e-05 8.571428571e-05)
(0.01857142857 4.285714286e-05 8.571428571e-05)
(0.01928571429 4.285714286e-05 8.571428571e-05)
(0.02 4.285714286e-05 8.571428571e-05)
(0 5.714285714e-05 8.571428571e-05)
(0.0007142857143 5.714285714e-05 8.571428571e-05)
(0.001428571429 5.714285714e-05 8.571428571e-05)
(0.002142857143 5.714285714e-05 8.571428571e-05)
(0.002857142857 5.714285714e-05 8.571428571e-05)
(0.003571428571 5.714285714e-05 8.571428571e-05)
(0.004285714286 5.714285714e-05 8.571428571e-05)
(0.005 5.714285714e-05 8.571428571e-05)
(0.005714285714 5.714285714e-05 8.571428571e-05)
(0.006428571429 5.714285714e-05 8.571428571e-05)
(0.007142857143 5.714285714e-05 8.571428571e-05)
(0.007857142857 5.714285714e-05 8.571428571e-05)
(0.008571428571 5.714285714e-05 8.571428571e-05)
(0.009285714286 5.714285714e-05 8.571428571e-05)
(0.01 5.714285714e-05 8.571428571e-05)
(0.01071428571 5.714285714e-05 8.571428571e-05)
(0.01142857143 5.714285714e-05 8.571428571e-05)
(0.01214285714 5.714285714e-05 8.571428571e-05)
(0.01285714286 5.714285714e-05 8.571428571e-05)
(0.01357142857 5.714285714e-05 8.571428571e-05)
(0.01428571429 5.714285714e-05 8.571428571e-05)
(0.015 5.714285714e-05 8.571428571e-05)
(0.01571428571 5.714285714e-05 8.571428571e-05)
(0.01642857143 5.714285714e-05 8.571428571e-05)
(0.01714285714 5.714285714e-05 8.571428571e-05)
(0.01785714286 5.714285714e-05 8.571428571e-05)
(0.01857142857 5.714285714e-05 8.571428571e-05)
(0.01928571429 5.714285714e-05 8.571428571e-05)
(0.02 5.714285714e-05 8.571428571e-05)
(0 7.142857143e-05 8.571428571e-05)
(0.0007142857143 7.142857143e-05 8.571428571e-05)
(0.001428571429 7.142857143e-05 8.571428571e-05)
(0.002142857143 7.142857143e-05 8.571428571e-05)
(0.002857142857 7.142857143e-05 8.571428571e-05)
(0.003571428571 7.142857143e-05 8.571428571e-05)
(0.004285714286 7.142857143e-05 8.571428571e-05)
(0.005 7.142857143e-05 8.571428571e-05)
(0.005714285714 7.142857143e-05 8.571428571e-05)
(0.006428571429 7.142857143e-05 8.571428571e-05)
(0.007142857143 7.142857143e-05 8.571428571e-05)
(0.007857142857 7.142857143e-05 8.571428571e-05)
(0.008571428571 7.142857143e-05 8.571428571e-05)
(0.009285714286 7.142857143e-05 8.571428571e-05)
(0.01 7.142857143e-05 8.571428571e-05)
(0.01071428571 7.142857143e-05 8.571428571e-05)
(0.01142857143 7.142857143e-05 8.571428571e-05)
(0.01214285714 7.142857143e-05 8.571428571e-05)
(0.01285714286 7.142857143e-05 8.571428571e-05)
(0.01357142857 7.142857143e-05 8.571428571e-05)
(0.01428571429 7.142857143e-05 8.571428571e-05)
(0.015 7.142857143e-05 8.571428571e-05)
(0.01571428571 7.142857143e-05 8.571428571e-05)
(0.01642857143 7.142857143e-05 8.571428571e-05)
(0.01714285714 7.142857143e-05 8.571428571e-05)
(0.01785714286 7.142857143e-05 8.571428571e-05)
(0.01857142857 7.142857143e-05 8.571428571e-05)
(0.01928571429 7.142857143e-05 8.571428571e-05)
(0.02 7.142857143e-05 8.571428571e-05)
(0 8.571428571e-05 8.571428571e-05)
(0.0007142857143 8.571428571e-05 8.571428571e-05)
(0.001428571429 8.571428571e-05 8.571428571e-05)
(0.002142857143 8.571428571e-05 8.571428571e-05)
(0.002857142857 8.571428571e-05 8.571428571e-05)
(0.003571428571 8.571428571e-05 8.571428571e-05)
(0.004285714286 8.571428571e-05 8.571428571e-05)
(0.005 8.571428571e-05 8.571428571e-05)
(0.005714285714 8.571428571e-05 8.571428571e-05)
(0.006428571429 8.571428571e-05 8.571428571e-05)
(0.007142857143 8.571428571e-05 8.571428571e-05)
(0.007857142857 8.571428571e-05 8.571428571e-05)
(0.008571428571 8.571428571e-05 8.571428571e-05)
(0.009285714286 8.571428571e-05 8.571428571e-05)
(0.01 8.571428571e-05 8.571428571e-05)
(0.01071428571 8.571428571e-05 8.571428571e-05)
(0.01142857143 8.571428571e-05 8.571428571e-05)
(0.01214285714 8.571428571e-05 8.571428571e-05)
(0.01285714286 8.571428571e-05 8.571428571e-05)
(0.01357142857 8.571428571e-05 8.571428571e-05)
(0.01428571429 8.571428571e-05 8.571428571e-05)
(0.015 8.571428571e-05 8.571428571e-05)
(0.01571428571 8.571428571e-05 8.571428571e-05)
(0.01642857143 8.571428571e-05 8.571428571e-05)
(0.01714285714 8.571428571e-05 8.571428571e-05)
(0.01785714286 8.571428571e-05 8.571428571e-05)
(0.01857142857 8.571428571e-05 8.571428571e-05)
(0.01928571429 8.571428571e-05 8.571428571e-05)
(0.02 8.571428571e-05 8.571428571e-05)
(0 0.0001 8.571428571e-05)
(0.0007142857143 0.0001 8.571428571e-05)
(0.001428571429 0.0001 8.571428571e-05)
(0.002142857143 0.0001 8.571428571e-05)
(0.002857142857 0.0001 8.571428571e-05)
(0.003571428571 0.0001 8.571428571e-05)
(0.004285714286 0.0001 8.571428571e-05)
(0.005 0.0001 8.571428571e-05)
(0.005714285714 0.0001 8.571428571e-05)
(0.006428571429 0.0001 8.571428571e-05)
(0.007142857143 0.0001 8.571428571e-05)
(0.007857142857 0.0001 8.571428571e-05)
(0.008571428571 0.0001 8.571428571e-05)
(0.009285714286 0.0001 8.571428571e-05)
(0.01 0.0001 8.571428571e-05)
(0.01071428571 0.0001 8.571428571e-05)
(0.01142857143 0.0001 8.571428571e-05)
(0.01214285714 0.0001 8.571428571e-05)
(0.01285714286 0.0001 8.571428571e-05)
(0.01357142857 0.0001 8.571428571e-05)
(0.01428571429 0.0001 8.571428571e-05)
(0.015 0.0001 8.571428571e-05)
(0.01571428571 0.0001 8.571428571e-05)
(0.01642857143 0.0001 8.571428571e-05)
(0.01714285714 0.0001 8.571428571e-05)
(0.01785714286 0.0001 8.571428571e-05)
(0.01857142857 0.0001 8.571428571e-05)
(0.01928571429 0.0001 8.571428571e-05)
(0.02 0.0001 8.571428571e-05)
(0 0 0.0001)
(0.0007142857143 0 0.0001)
(0.001428571429 0 0.0001)
(0.002142857143 0 0.0001)
(0.002857142857 0 0.0001)
(0.003571428571 0 0.0001)
(0.004285714286 0 0.0001)
(0.005 0 0.0001)
(0.005714285714 0 0.0001)
(0.006428571429 0 0.0001)
(0.007142857143 0 0.0001)
(0.007857142857 0 0.0001)
(0.008571428571 0 0.0001)
(0.009285714286 0 0.0001)
(0.01 0 0.0001)
(0.01071428571 0 0.0001)
(0.01142857143 0 0.0001)
(0.01214285714 0 0.0001)
(0.01285714286 0 0.0001)
(0.01357142857 0 0.0001)
(0.01428571429 0 0.0001)
(0.015 0 0.0001)
(0.01571428571 0 0.0001)
(0.01642857143 0 0.0001)
(0.01714285714 0 0.0001)
(0.01785714286 0 0.0001)
(0.01857142857 0 0.0001)
(0.01928571429 0 0.0001)
(0.02 0 0.0001)
(0 1.428571429e-05 0.0001)
(0.0007142857143 1.428571429e-05 0.0001)
(0.001428571429 1.428571429e-05 0.0001)
(0.002142857143 1.428571429e-05 0.0001)
(0.002857142857 1.428571429e-05 0.0001)
(0.003571428571 1.428571429e-05 0.0001)
(0.004285714286 1.428571429e-05 0.0001)
(0.005 1.428571429e-05 0.0001)
(0.005714285714 1.428571429e-05 0.0001)
(0.006428571429 1.428571429e-05 0.0001)
(0.007142857143 1.428571429e-05 0.0001)
(0.007857142857 1.428571429e-05 0.0001)
(0.008571428571 1.428571429e-05 0.0001)
(0.009285714286 1.428571429e-05 0.0001)
(0.01 1.428571429e-05 0.0001)
(0.01071428571 1.428571429e-05 0.0001)
(0.01142857143 1.428571429e-05 0.0001)
(0.01214285714 1.428571429e-05 0.0001)
(0.01285714286 1.428571429e-05 0.0001)
(0.01357142857 1.428571429e-05 0.0001)
(0.01428571429 1.428571429e-05 0.0001)
(0.015 1.428571429e-05 0.0001)
(0.01571428571 1.428571429e-05 0.0001)
(0.01642857143 1.428571429e-05 0.0001)
(0.01714285714 1.428571429e-05 0.0001)
(0.01785714286 1.428571429e-05 0.0001)
(0.01857142857 1.428571429e-05 0.0001)
(0.01928571429 1.428571429e-05 0.0001)
(0.02 1.428571429e-05 0.0001)
(0 2.857142857e-05 0.0001)
(0.0007142857143 2.857142857e-05 0.0001)
(0.001428571429 2.857142857e-05 0.0001)
(0.002142857143 2.857142857e-05 0.0001)
(0.002857142857 2.857142857e-05 0.0001)
(0.003571428571 2.857142857e-05 0.0001)
(0.004285714286 2.857142857e-05 0.0001)
(0.005 2.857142857e-05 0.0001)
(0.005714285714 2.857142857e-05 0.0001)
(0.006428571429 2.857142857e-05 0.0001)
(0.007142857143 2.857142857e-05 0.0001)
(0.007857142857 2.857142857e-05 0.0001)
(0.008571428571 2.857142857e-05 0.0001)
(0.009285714286 2.857142857e-05 0.0001)
(0.01 2.857142857e-05 0.0001)
(0.01071428571 2.857142857e-05 0.0001)
(0.01142857143 2.857142857e-05 0.0001)
(0.01214285714 2.857142857e-05 0.0001)
(0.01285714286 2.857142857e-05 0.0001)
(0.01357142857 2.857142857e-05 0.0001)
(0.01428571429 2.857142857e-05 0.0001)
(0.015 2.857142857e-05 0.0001)
(0.01571428571 2.857142857e-05 0.0001)
(0.01642857143 2.857142857e-05 0.0001)
(0.01714285714 2.857142857e-05 0.0001)
(0.01785714286 2.857142857e-05 0.0001)
(0.01857142857 2.857142857e-05 0.0001)
(0.01928571429 2.857142857e-05 0.0001)
(0.02 2.857142857e-05 0.0001)
(0 4.285714286e-05 0.0001)
(0.0007142857143 4.285714286e-05 0.0001)
(0.001428571429 4.285714286e-05 0.0001)
(0.002142857143 4.285714286e-05 0.0001)
(0.002857142857 4.285714286e-05 0.0001)
(0.003571428571 4.285714286e-05 0.0001)
(0.004285714286 4.285714286e-05 0.0001)
(0.005 4.285714286e-05 0.0001)
(0.005714285714 4.285714286e-05 0.0001)
(0.006428571429 4.285714286e-05 0.0001)
(0.007142857143 4.285714286e-05 0.0001)
(0.007857142857 4.285714286e-05 0.0001)
(0.008571428571 4.285714286e-05 0.0001)
(0.009285714286 4.285714286e-05 0.0001)
(0.01 4.285714286e-05 0.0001)
(0.01071428571 4.285714286e-05 0.0001)
(0.01142857143 4.285714286e-05 0.0001)
(0.01214285714 4.285714286e-05 0.0001)
(0.01285714286 4.285714286e-05 0.0001)
(0.01357142857 4.285714286e-05 0.0001)
(0.01428571429 4.285714286e-05 0.0001)
(0.015 4.285714286e-05 0.0001)
(0.01571428571 4.285714286e-05 0.0001)
(0.01642857143 4.285714286e-05 0.0001)
(0.01714285714 4.285714286e-05 0.0001)
(0.01785714286 4.285714286e-05 0.0001)
(0.01857142857 4.285714286e-05 0.0001)
(0.01928571429 4.285714286e-05 0.0001)
(0.02 4.285714286e-05 0.0001)
(0 5.714285714e-05 0.0001)
(0.0007142857143 5.714285714e-05 0.0001)
(0.001428571429 5.714285714e-05 0.0001)
(0.002142857143 5.714285714e-05 0.0001)
(0.002857142857 5.714285714e-05 0.0001)
(0.003571428571 5.714285714e-05 0.0001)
(0.004285714286 5.714285714e-05 0.0001)
(0.005 5.714285714e-05 0.0001)
(0.005714285714 5.714285714e-05 0.0001)
(0.006428571429 5.714285714e-05 0.0001)
(0.007142857143 5.714285714e-05 0.0001)
(0.007857142857 5.714285714e-05 0.0001)
(0.008571428571 5.714285714e-05 0.0001)
(0.009285714286 5.714285714e-05 0.0001)
(0.01 5.714285714e-05 0.0001)
(0.01071428571 5.714285714e-05 0.0001)
(0.01142857143 5.714285714e-05 0.0001)
(0.01214285714 5.714285714e-05 0.0001)
(0.01285714286 5.714285714e-05 0.0001)
(0.01357142857 5.714285714e-05 0.0001)
(0.01428571429 5.714285714e-05 0.0001)
(0.015 5.714285714e-05 0.0001)
(0.01571428571 5.714285714e-05 0.0001)
(0.01642857143 5.714285714e-05 0.0001)
(0.01714285714 5.714285714e-05 0.0001)
(0.01785714286 5.714285714e-05 0.0001)
(0.01857142857 5.714285714e-05 0.0001)
(0.01928571429 5.714285714e-05 0.0001)
(0.02 5.714285714e-05 0.0001)
(0 7.142857143e-05 0.0001)
(0.0007142857143 7.142857143e-05 0.0001)
(0.001428571429 7.142857143e-05 0.0001)
(0.002142857143 7.142857143e-05 0.0001)
(0.002857142857 7.142857143e-05 0.0001)
(0.003571428571 7.142857143e-05 0.0001)
(0.004285714286 7.142857143e-05 0.0001)
(0.005 7.142857143e-05 0.0001)
(0.005714285714 7.142857143e-05 0.0001)
(0.006428571429 7.142857143e-05 0.0001)
(0.007142857143 7.142857143e-05 0.0001)
(0.007857142857 7.142857143e-05 0.0001)
(0.008571428571 7.142857143e-05 0.0001)
(0.009285714286 7.142857143e-05 0.0001)
(0.01 7.142857143e-05 0.0001)
(0.01071428571 7.142857143e-05 0.0001)
(0.01142857143 7.142857143e-05 0.0001)
(0.01214285714 7.142857143e-05 0.0001)
(0.01285714286 7.142857143e-05 0.0001)
(0.01357142857 7.142857143e-05 0.0001)
(0.01428571429 7.142857143e-05 0.0001)
(0.015 7.142857143e-05 0.0001)
(0.01571428571 7.142857143e-05 0.0001)
(0.01642857143 7.142857143e-05 0.0001)
(0.01714285714 7.142857143e-05 0.0001)
(0.01785714286 7.142857143e-05 0.0001)
(0.01857142857 7.142857143e-05 0.0001)
(0.01928571429 7.142857143e-05 0.0001)
(0.02 7.142857143e-05 0.0001)
(0 8.571428571e-05 0.0001)
(0.0007142857143 8.571428571e-05 0.0001)
(0.001428571429 8.571428571e-05 0.0001)
(0.002142857143 8.571428571e-05 0.0001)
(0.002857142857 8.571428571e-05 0.0001)
(0.003571428571 8.571428571e-05 0.0001)
(0.004285714286 8.571428571e-05 0.0001)
(0.005 8.571428571e-05 0.0001)
(0.005714285714 8.571428571e-05 0.0001)
(0.006428571429 8.571428571e-05 0.0001)
(0.007142857143 8.571428571e-05 0.0001)
(0.007857142857 8.571428571e-05 0.0001)
(0.008571428571 8.571428571e-05 0.0001)
(0.009285714286 8.571428571e-05 0.0001)
(0.01 8.571428571e-05 0.0001)
(0.01071428571 8.571428571e-05 0.0001)
(0.01142857143 8.571428571e-05 0.0001)
(0.01214285714 8.571428571e-05 0.0001)
(0.01285714286 8.571428571e-05 0.0001)
(0.01357142857 8.571428571e-05 0.0001)
(0.01428571429 8.571428571e-05 0.0001)
(0.015 8.571428571e-05 0.0001)
(0.01571428571 8.571428571e-05 0.0001)
(0.01642857143 8.571428571e-05 0.0001)
(0.01714285714 8.571428571e-05 0.0001)
(0.01785714286 8.571428571e-05 0.0001)
(0.01857142857 8.571428571e-05 0.0001)
(0.01928571429 8.571428571e-05 0.0001)
(0.02 8.571428571e-05 0.0001)
(0 0.0001 0.0001)
(0.0007142857143 0.0001 0.0001)
(0.001428571429 0.0001 0.0001)
(0.002142857143 0.0001 0.0001)
(0.002857142857 0.0001 0.0001)
(0.003571428571 0.0001 0.0001)
(0.004285714286 0.0001 0.0001)
(0.005 0.0001 0.0001)
(0.005714285714 0.0001 0.0001)
(0.006428571429 0.0001 0.0001)
(0.007142857143 0.0001 0.0001)
(0.007857142857 0.0001 0.0001)
(0.008571428571 0.0001 0.0001)
(0.009285714286 0.0001 0.0001)
(0.01 0.0001 0.0001)
(0.01071428571 0.0001 0.0001)
(0.01142857143 0.0001 0.0001)
(0.01214285714 0.0001 0.0001)
(0.01285714286 0.0001 0.0001)
(0.01357142857 0.0001 0.0001)
(0.01428571429 0.0001 0.0001)
(0.015 0.0001 0.0001)
(0.01571428571 0.0001 0.0001)
(0.01642857143 0.0001 0.0001)
(0.01714285714 0.0001 0.0001)
(0.01785714286 0.0001 0.0001)
(0.01857142857 0.0001 0.0001)
(0.01928571429 0.0001 0.0001)
(0.02 0.0001 0.0001)
)


// ************************************************************************* //
