/*--------------------------------*- C++ -*----------------------------------*\
  =========                 |
  \\      /  F ield         | OpenFOAM: The Open Source CFD Toolbox
   \\    /   O peration     | Website:  https://openfoam.org
    \\  /    A nd           | Version:  13
     \\/     M anipulation  |
\*---------------------------------------------------------------------------*/
FoamFile
{
    format      ascii;
    class       labelList;
    note        "nPoints: 1856 nCells: 1372 nFaces: 4557 nInternalFaces: 3675";
    location    "constant/polyMesh";
    object      neighbour;
}
// * * * * * * * * * * * * * * * * * * * * * * * * * * * * * * * * * * * * * //


3675
(
1
28
196
2
29
197
3
30
198
4
31
199
5
32
200
6
33
201
7
34
202
8
35
203
9
36
204
10
37
205
11
38
206
12
39
207
13
40
208
14
41
209
15
42
210
16
43
211
17
44
212
18
45
213
19
46
214
20
47
215
21
48
216
22
49
217
23
50
218
24
51
219
25
52
220
26
53
221
27
54
222
55
223
29
56
224
30
57
225
31
58
226
32
59
227
33
60
228
34
61
229
35
62
230
36
63
231
37
64
232
38
65
233
39
66
234
40
67
235
41
68
236
42
69
237
43
70
238
44
71
239
45
72
240
46
73
241
47
74
242
48
75
243
49
76
244
50
77
245
51
78
246
52
79
247
53
80
248
54
81
249
55
82
250
83
251
57
84
252
58
85
253
59
86
254
60
87
255
61
88
256
62
89
257
63
90
258
64
91
259
65
92
260
66
93
261
67
94
262
68
95
263
69
96
264
70
97
265
71
98
266
72
99
267
73
100
268
74
101
269
75
102
270
76
103
271
77
104
272
78
105
273
79
106
274
80
107
275
81
108
276
82
109
277
83
110
278
111
279
85
112
280
86
113
281
87
114
282
88
115
283
89
116
284
90
117
285
91
118
286
92
119
287
93
120
288
94
121
289
95
122
290
96
123
291
97
124
292
98
125
293
99
126
294
100
127
295
101
128
296
102
129
297
103
130
298
104
131
299
105
132
300
106
133
301
107
134
302
108
135
303
109
136
304
110
137
305
111
138
306
139
307
113
140
308
114
141
309
115
142
310
116
143
311
117
144
312
118
145
313
119
146
314
120
147
315
121
148
316
122
149
317
123
150
318
124
151
319
125
152
320
126
153
321
127
154
322
128
155
323
129
156
324
130
157
325
131
158
326
132
159
327
133
160
328
134
161
329
135
162
330
136
163
331
137
164
332
138
165
333
139
166
334
167
335
141
168
336
142
169
337
143
170
338
144
171
339
145
172
340
146
173
341
147
174
342
148
175
343
149
176
344
150
177
345
151
178
346
152
179
347
153
180
348
154
181
349
155
182
350
156
183
351
157
184
352
158
185
353
159
186
354
160
187
355
161
188
356
162
189
357
163
190
358
164
191
359
165
192
360
166
193
361
167
194
362
195
363
169
364
170
365
171
366
172
367
173
368
174
369
175
370
176
371
177
372
178
373
179
374
180
375
181
376
182
377
183
378
184
379
185
380
186
381
187
382
188
383
189
384
190
385
191
386
192
387
193
388
194
389
195
390
391
197
224
392
198
225
393
199
226
394
200
227
395
201
228
396
202
229
397
203
230
398
204
231
399
205
232
400
206
233
401
207
234
402
208
235
403
209
236
404
210
237
405
211
238
406
212
239
407
213
240
408
214
241
409
215
242
410
216
243
411
217
244
412
218
245
413
219
246
414
220
247
415
221
248
416
222
249
417
223
250
418
251
419
225
252
420
226
253
421
227
254
422
228
255
423
229
256
424
230
257
425
231
258
426
232
259
427
233
260
428
234
261
429
235
262
430
236
263
431
237
264
432
238
265
433
239
266
434
240
267
435
241
268
436
242
269
437
243
270
438
244
271
439
245
272
440
246
273
441
247
274
442
248
275
443
249
276
444
250
277
445
251
278
446
279
447
253
280
448
254
281
449
255
282
450
256
283
451
257
284
452
258
285
453
259
286
454
260
287
455
261
288
456
262
289
457
263
290
458
264
291
459
265
292
460
266
293
461
267
294
462
268
295
463
269
296
464
270
297
465
271
298
466
272
299
467
273
300
468
274
301
469
275
302
470
276
303
471
277
304
472
278
305
473
279
306
474
307
475
281
308
476
282
309
477
283
310
478
284
311
479
285
312
480
286
313
481
287
314
482
288
315
483
289
316
484
290
317
485
291
318
486
292
319
487
293
320
488
294
321
489
295
322
490
296
323
491
297
324
492
298
325
493
299
326
494
300
327
495
301
328
496
302
329
497
303
330
498
304
331
499
305
332
500
306
333
501
307
334
502
335
503
309
336
504
310
337
505
311
338
506
312
339
507
313
340
508
314
341
509
315
342
510
316
343
511
317
344
512
318
345
513
319
346
514
320
347
515
321
348
516
322
349
517
323
350
518
324
351
519
325
352
520
326
353
521
327
354
522
328
355
523
329
356
524
330
357
525
331
358
526
332
359
527
333
360
528
334
361
529
335
362
530
363
531
337
364
532
338
365
533
339
366
534
340
367
535
341
368
536
342
369
537
343
370
538
344
371
539
345
372
540
346
373
541
347
374
542
348
375
543
349
376
544
350
377
545
351
378
546
352
379
547
353
380
548
354
381
549
355
382
550
356
383
551
357
384
552
358
385
553
359
386
554
360
387
555
361
388
556
362
389
557
363
390
558
391
559
365
560
366
561
367
562
368
563
369
564
370
565
371
566
372
567
373
568
374
569
375
570
376
571
377
572
378
573
379
574
380
575
381
576
382
577
383
578
384
579
385
580
386
581
387
582
388
583
389
584
390
585
391
586
587
393
420
588
394
421
589
395
422
590
396
423
591
397
424
592
398
425
593
399
426
594
400
427
595
401
428
596
402
429
597
403
430
598
404
431
599
405
432
600
406
433
601
407
434
602
408
435
603
409
436
604
410
437
605
411
438
606
412
439
607
413
440
608
414
441
609
415
442
610
416
443
611
417
444
612
418
445
613
419
446
614
447
615
421
448
616
422
449
617
423
450
618
424
451
619
425
452
620
426
453
621
427
454
622
428
455
623
429
456
624
430
457
625
431
458
626
432
459
627
433
460
628
434
461
629
435
462
630
436
463
631
437
464
632
438
465
633
439
466
634
440
467
635
441
468
636
442
469
637
443
470
638
444
471
639
445
472
640
446
473
641
447
474
642
475
643
449
476
644
450
477
645
451
478
646
452
479
647
453
480
648
454
481
649
455
482
650
456
483
651
457
484
652
458
485
653
459
486
654
460
487
655
461
488
656
462
489
657
463
490
658
464
491
659
465
492
660
466
493
661
467
494
662
468
495
663
469
496
664
470
497
665
471
498
666
472
499
667
473
500
668
474
501
669
475
502
670
503
671
477
504
672
478
505
673
479
506
674
480
507
675
481
508
676
482
509
677
483
510
678
484
511
679
485
512
680
486
513
681
487
514
682
488
515
683
489
516
684
490
517
685
491
518
686
492
519
687
493
520
688
494
521
689
495
522
690
496
523
691
497
524
692
498
525
693
499
526
694
500
527
695
501
528
696
502
529
697
503
530
698
531
699
505
532
700
506
533
701
507
534
702
508
535
703
509
536
704
510
537
705
511
538
706
512
539
707
513
540
708
514
541
709
515
542
710
516
543
711
517
544
712
518
545
713
519
546
714
520
547
715
521
548
716
522
549
717
523
550
718
524
551
719
525
552
720
526
553
721
527
554
722
528
555
723
529
556
724
530
557
725
531
558
726
559
727
533
560
728
534
561
729
535
562
730
536
563
731
537
564
732
538
565
733
539
566
734
540
567
735
541
568
736
542
569
737
543
570
738
544
571
739
545
572
740
546
573
741
547
574
742
548
575
743
549
576
744
550
577
745
551
578
746
552
579
747
553
580
748
554
581
749
555
582
750
556
583
751
557
584
752
558
585
753
559
586
754
587
755
561
756
562
757
563
758
564
759
565
760
566
761
567
762
568
763
569
764
570
765
571
766
572
767
573
768
574
769
575
770
576
771
577
772
578
773
579
774
580
775
581
776
582
777
583
778
584
779
585
780
586
781
587
782
783
589
616
784
590
617
785
591
618
786
592
619
787
593
620
788
594
621
789
595
622
790
596
623
791
597
624
792
598
625
793
599
626
794
600
627
795
601
628
796
602
629
797
603
630
798
604
631
799
605
632
800
606
633
801
607
634
802
608
635
803
609
636
804
610
637
805
611
638
806
612
639
807
613
640
808
614
641
809
615
642
810
643
811
617
644
812
618
645
813
619
646
814
620
647
815
621
648
816
622
649
817
623
650
818
624
651
819
625
652
820
626
653
821
627
654
822
628
655
823
629
656
824
630
657
825
631
658
826
632
659
827
633
660
828
634
661
829
635
662
830
636
663
831
637
664
832
638
665
833
639
666
834
640
667
835
641
668
836
642
669
837
643
670
838
671
839
645
672
840
646
673
841
647
674
842
648
675
843
649
676
844
650
677
845
651
678
846
652
679
847
653
680
848
654
681
849
655
682
850
656
683
851
657
684
852
658
685
853
659
686
854
660
687
855
661
688
856
662
689
857
663
690
858
664
691
859
665
692
860
666
693
861
667
694
862
668
695
863
669
696
864
670
697
865
671
698
866
699
867
673
700
868
674
701
869
675
702
870
676
703
871
677
704
872
678
705
873
679
706
874
680
707
875
681
708
876
682
709
877
683
710
878
684
711
879
685
712
880
686
713
881
687
714
882
688
715
883
689
716
884
690
717
885
691
718
886
692
719
887
693
720
888
694
721
889
695
722
890
696
723
891
697
724
892
698
725
893
699
726
894
727
895
701
728
896
702
729
897
703
730
898
704
731
899
705
732
900
706
733
901
707
734
902
708
735
903
709
736
904
710
737
905
711
738
906
712
739
907
713
740
908
714
741
909
715
742
910
716
743
911
717
744
912
718
745
913
719
746
914
720
747
915
721
748
916
722
749
917
723
750
918
724
751
919
725
752
920
726
753
921
727
754
922
755
923
729
756
924
730
757
925
731
758
926
732
759
927
733
760
928
734
761
929
735
762
930
736
763
931
737
764
932
738
765
933
739
766
934
740
767
935
741
768
936
742
769
937
743
770
938
744
771
939
745
772
940
746
773
941
747
774
942
748
775
943
749
776
944
750
777
945
751
778
946
752
779
947
753
780
948
754
781
949
755
782
950
783
951
757
952
758
953
759
954
760
955
761
956
762
957
763
958
764
959
765
960
766
961
767
962
768
963
769
964
770
965
771
966
772
967
773
968
774
969
775
970
776
971
777
972
778
973
779
974
780
975
781
976
782
977
783
978
979
785
812
980
786
813
981
787
814
982
788
815
983
789
816
984
790
817
985
791
818
986
792
819
987
793
820
988
794
821
989
795
822
990
796
823
991
797
824
992
798
825
993
799
826
994
800
827
995
801
828
996
802
829
997
803
830
998
804
831
999
805
832
1000
806
833
1001
807
834
1002
808
835
1003
809
836
1004
810
837
1005
811
838
1006
839
1007
813
840
1008
814
841
1009
815
842
1010
816
843
1011
817
844
1012
818
845
1013
819
846
1014
820
847
1015
821
848
1016
822
849
1017
823
850
1018
824
851
1019
825
852
1020
826
853
1021
827
854
1022
828
855
1023
829
856
1024
830
857
1025
831
858
1026
832
859
1027
833
860
1028
834
861
1029
835
862
1030
836
863
1031
837
864
1032
838
865
1033
839
866
1034
867
1035
841
868
1036
842
869
1037
843
870
1038
844
871
1039
845
872
1040
846
873
1041
847
874
1042
848
875
1043
849
876
1044
850
877
1045
851
878
1046
852
879
1047
853
880
1048
854
881
1049
855
882
1050
856
883
1051
857
884
1052
858
885
1053
859
886
1054
860
887
1055
861
888
1056
862
889
1057
863
890
1058
864
891
1059
865
892
1060
866
893
1061
867
894
1062
895
1063
869
896
1064
870
897
1065
871
898
1066
872
899
1067
873
900
1068
874
901
1069
875
902
1070
876
903
1071
877
904
1072
878
905
1073
879
906
1074
880
907
1075
881
908
1076
882
909
1077
883
910
1078
884
911
1079
885
912
1080
886
913
1081
887
914
1082
888
915
1083
889
916
1084
890
917
1085
891
918
1086
892
919
1087
893
920
1088
894
921
1089
895
922
1090
923
1091
897
924
1092
898
925
1093
899
926
1094
900
927
1095
901
928
1096
902
929
1097
903
930
1098
904
931
1099
905
932
1100
906
933
1101
907
934
1102
908
935
1103
909
936
1104
910
937
1105
911
938
1106
912
939
1107
913
940
1108
914
941
1109
915
942
1110
916
943
1111
917
944
1112
918
945
1113
919
946
1114
920
947
1115
921
948
1116
922
949
1117
923
950
1118
951
1119
925
952
1120
926
953
1121
927
954
1122
928
955
1123
929
956
1124
930
957
1125
931
958
1126
932
959
1127
933
960
1128
934
961
1129
935
962
1130
936
963
1131
937
964
1132
938
965
1133
939
966
1134
940
967
1135
941
968
1136
942
969
1137
943
970
1138
944
971
1139
945
972
1140
946
973
1141
947
974
1142
948
975
1143
949
976
1144
950
977
1145
951
978
1146
979
1147
953
1148
954
1149
955
1150
956
1151
957
1152
958
1153
959
1154
960
1155
961
1156
962
1157
963
1158
964
1159
965
1160
966
1161
967
1162
968
1163
969
1164
970
1165
971
1166
972
1167
973
1168
974
1169
975
1170
976
1171
977
1172
978
1173
979
1174
1175
981
1008
1176
982
1009
1177
983
1010
1178
984
1011
1179
985
1012
1180
986
1013
1181
987
1014
1182
988
1015
1183
989
1016
1184
990
1017
1185
991
1018
1186
992
1019
1187
993
1020
1188
994
1021
1189
995
1022
1190
996
1023
1191
997
1024
1192
998
1025
1193
999
1026
1194
1000
1027
1195
1001
1028
1196
1002
1029
1197
1003
1030
1198
1004
1031
1199
1005
1032
1200
1006
1033
1201
1007
1034
1202
1035
1203
1009
1036
1204
1010
1037
1205
1011
1038
1206
1012
1039
1207
1013
1040
1208
1014
1041
1209
1015
1042
1210
1016
1043
1211
1017
1044
1212
1018
1045
1213
1019
1046
1214
1020
1047
1215
1021
1048
1216
1022
1049
1217
1023
1050
1218
1024
1051
1219
1025
1052
1220
1026
1053
1221
1027
1054
1222
1028
1055
1223
1029
1056
1224
1030
1057
1225
1031
1058
1226
1032
1059
1227
1033
1060
1228
1034
1061
1229
1035
1062
1230
1063
1231
1037
1064
1232
1038
1065
1233
1039
1066
1234
1040
1067
1235
1041
1068
1236
1042
1069
1237
1043
1070
1238
1044
1071
1239
1045
1072
1240
1046
1073
1241
1047
1074
1242
1048
1075
1243
1049
1076
1244
1050
1077
1245
1051
1078
1246
1052
1079
1247
1053
1080
1248
1054
1081
1249
1055
1082
1250
1056
1083
1251
1057
1084
1252
1058
1085
1253
1059
1086
1254
1060
1087
1255
1061
1088
1256
1062
1089
1257
1063
1090
1258
1091
1259
1065
1092
1260
1066
1093
1261
1067
1094
1262
1068
1095
1263
1069
1096
1264
1070
1097
1265
1071
1098
1266
1072
1099
1267
1073
1100
1268
1074
1101
1269
1075
1102
1270
1076
1103
1271
1077
1104
1272
1078
1105
1273
1079
1106
1274
1080
1107
1275
1081
1108
1276
1082
1109
1277
1083
1110
1278
1084
1111
1279
1085
1112
1280
1086
1113
1281
1087
1114
1282
1088
1115
1283
1089
1116
1284
1090
1117
1285
1091
1118
1286
1119
1287
1093
1120
1288
1094
1121
1289
1095
1122
1290
1096
1123
1291
1097
1124
1292
1098
1125
1293
1099
1126
1294
1100
1127
1295
1101
1128
1296
1102
1129
1297
1103
1130
1298
1104
1131
1299
1105
1132
1300
1106
1133
1301
1107
1134
1302
1108
1135
1303
1109
1136
1304
1110
1137
1305
1111
1138
1306
1112
1139
1307
1113
1140
1308
1114
1141
1309
1115
1142
1310
1116
1143
1311
1117
1144
1312
1118
1145
1313
1119
1146
1314
1147
1315
1121
1148
1316
1122
1149
1317
1123
1150
1318
1124
1151
1319
1125
1152
1320
1126
1153
1321
1127
1154
1322
1128
1155
1323
1129
1156
1324
1130
1157
1325
1131
1158
1326
1132
1159
1327
1133
1160
1328
1134
1161
1329
1135
1162
1330
1136
1163
1331
1137
1164
1332
1138
1165
1333
1139
1166
1334
1140
1167
1335
1141
1168
1336
1142
1169
1337
1143
1170
1338
1144
1171
1339
1145
1172
1340
1146
1173
1341
1147
1174
1342
1175
1343
1149
1344
1150
1345
1151
1346
1152
1347
1153
1348
1154
1349
1155
1350
1156
1351
1157
1352
1158
1353
1159
1354
1160
1355
1161
1356
1162
1357
1163
1358
1164
1359
1165
1360
1166
1361
1167
1362
1168
1363
1169
1364
1170
1365
1171
1366
1172
1367
1173
1368
1174
1369
1175
1370
1371
1177
1204
1178
1205
1179
1206
1180
1207
1181
1208
1182
1209
1183
1210
1184
1211
1185
1212
1186
1213
1187
1214
1188
1215
1189
1216
1190
1217
1191
1218
1192
1219
1193
1220
1194
1221
1195
1222
1196
1223
1197
1224
1198
1225
1199
1226
1200
1227
1201
1228
1202
1229
1203
1230
1231
1205
1232
1206
1233
1207
1234
1208
1235
1209
1236
1210
1237
1211
1238
1212
1239
1213
1240
1214
1241
1215
1242
1216
1243
1217
1244
1218
1245
1219
1246
1220
1247
1221
1248
1222
1249
1223
1250
1224
1251
1225
1252
1226
1253
1227
1254
1228
1255
1229
1256
1230
1257
1231
1258
1259
1233
1260
1234
1261
1235
1262
1236
1263
1237
1264
1238
1265
1239
1266
1240
1267
1241
1268
1242
1269
1243
1270
1244
1271
1245
1272
1246
1273
1247
1274
1248
1275
1249
1276
1250
1277
1251
1278
1252
1279
1253
1280
1254
1281
1255
1282
1256
1283
1257
1284
1258
1285
1259
1286
1287
1261
1288
1262
1289
1263
1290
1264
1291
1265
1292
1266
1293
1267
1294
1268
1295
1269
1296
1270
1297
1271
1298
1272
1299
1273
1300
1274
1301
1275
1302
1276
1303
1277
1304
1278
1305
1279
1306
1280
1307
1281
1308
1282
1309
1283
1310
1284
1311
1285
1312
1286
1313
1287
1314
1315
1289
1316
1290
1317
1291
1318
1292
1319
1293
1320
1294
1321
1295
1322
1296
1323
1297
1324
1298
1325
1299
1326
1300
1327
1301
1328
1302
1329
1303
1330
1304
1331
1305
1332
1306
1333
1307
1334
1308
1335
1309
1336
1310
1337
1311
1338
1312
1339
1313
1340
1314
1341
1315
1342
1343
1317
1344
1318
1345
1319
1346
1320
1347
1321
1348
1322
1349
1323
1350
1324
1351
1325
1352
1326
1353
1327
1354
1328
1355
1329
1356
1330
1357
1331
1358
1332
1359
1333
1360
1334
1361
1335
1362
1336
1363
1337
1364
1338
1365
1339
1366
1340
1367
1341
1368
1342
1369
1343
1370
1371
1345
1346
1347
1348
1349
1350
1351
1352
1353
1354
1355
1356
1357
1358
1359
1360
1361
1362
1363
1364
1365
1366
1367
1368
1369
1370
1371
)


// ************************************************************************* //
