/*--------------------------------*- C++ -*----------------------------------*\
  =========                 |
  \\      /  F ield         | OpenFOAM: The Open Source CFD Toolbox
   \\    /   O peration     | Website:  https://openfoam.org
    \\  /    A nd           | Version:  13
     \\/     M anipulation  |
\*---------------------------------------------------------------------------*/
FoamFile
{
    format      ascii;
    class       volScalarField;
    location    "33";
    object      p;
}
// * * * * * * * * * * * * * * * * * * * * * * * * * * * * * * * * * * * * * //

dimensions      [0 2 -2 0 0 0 0];

internalField   nonuniform List<scalar> 
1372
(
2.27426
2.15087
2.09003
1.99794
1.92143
1.83716
1.75675
1.67443
1.59305
1.51121
1.42959
1.34787
1.2662
1.1845
1.10282
1.02112
0.939436
0.857739
0.776056
0.69436
0.612677
0.530981
0.449298
0.367603
0.285917
0.204223
0.122537
0.0408431
2.27419
2.15087
2.09003
1.99793
1.92143
1.83716
1.75675
1.67443
1.59305
1.51121
1.42959
1.34787
1.2662
1.1845
1.10282
1.02112
0.939436
0.857739
0.776056
0.69436
0.612677
0.530981
0.449298
0.367603
0.285917
0.204223
0.122537
0.0408431
2.27414
2.15086
2.09003
1.99793
1.92143
1.83716
1.75675
1.67443
1.59305
1.51121
1.42959
1.34787
1.2662
1.1845
1.10282
1.02112
0.939436
0.857739
0.776056
0.69436
0.612677
0.530981
0.449298
0.367603
0.285917
0.204223
0.122537
0.0408431
2.27413
2.15086
2.09003
1.99793
1.92143
1.83716
1.75675
1.67443
1.59305
1.51121
1.42959
1.34787
1.2662
1.1845
1.10282
1.02112
0.939436
0.857739
0.776056
0.69436
0.612677
0.530981
0.449298
0.367603
0.285917
0.204223
0.122537
0.0408431
2.27414
2.15086
2.09003
1.99793
1.92143
1.83716
1.75675
1.67443
1.59305
1.51121
1.42959
1.34787
1.2662
1.1845
1.10282
1.02112
0.939436
0.857739
0.776056
0.69436
0.612677
0.530981
0.449298
0.367603
0.285917
0.204223
0.122537
0.0408431
2.27419
2.15087
2.09003
1.99793
1.92143
1.83716
1.75675
1.67443
1.59305
1.51121
1.42959
1.34787
1.2662
1.1845
1.10282
1.02112
0.939436
0.857739
0.776056
0.69436
0.612677
0.530981
0.449298
0.367603
0.285917
0.204223
0.122537
0.0408431
2.27426
2.15087
2.09003
1.99794
1.92143
1.83716
1.75675
1.67443
1.59305
1.51121
1.42959
1.34787
1.2662
1.1845
1.10282
1.02112
0.939436
0.857739
0.776056
0.69436
0.612677
0.530981
0.449298
0.367603
0.285917
0.204223
0.122537
0.0408431
2.27419
2.15087
2.09003
1.99793
1.92143
1.83716
1.75675
1.67443
1.59305
1.51121
1.42959
1.34787
1.2662
1.1845
1.10282
1.02112
0.939436
0.857739
0.776056
0.69436
0.612677
0.530981
0.449298
0.367603
0.285917
0.204223
0.122537
0.0408431
2.27411
2.15086
2.09003
1.99793
1.92143
1.83716
1.75675
1.67443
1.59305
1.51121
1.42959
1.34787
1.2662
1.1845
1.10282
1.02112
0.939436
0.857739
0.776056
0.69436
0.612677
0.530981
0.449298
0.367603
0.285917
0.204223
0.122537
0.0408431
2.27407
2.15086
2.09003
1.99793
1.92143
1.83716
1.75675
1.67443
1.59305
1.51121
1.42959
1.34787
1.2662
1.1845
1.10282
1.02112
0.939436
0.857739
0.776056
0.69436
0.612677
0.530981
0.449298
0.367603
0.285917
0.204223
0.122537
0.0408431
2.27405
2.15086
2.09003
1.99793
1.92143
1.83716
1.75675
1.67443
1.59305
1.51121
1.42959
1.34787
1.2662
1.1845
1.10282
1.02112
0.939436
0.857739
0.776056
0.69436
0.612677
0.530981
0.449298
0.367603
0.285917
0.204223
0.122537
0.0408431
2.27407
2.15086
2.09003
1.99793
1.92143
1.83716
1.75675
1.67443
1.59305
1.51121
1.42959
1.34787
1.2662
1.1845
1.10282
1.02112
0.939436
0.857739
0.776056
0.69436
0.612677
0.530981
0.449298
0.367603
0.285917
0.204223
0.122537
0.0408431
2.27411
2.15086
2.09003
1.99793
1.92143
1.83716
1.75675
1.67443
1.59305
1.51121
1.42959
1.34787
1.2662
1.1845
1.10282
1.02112
0.939436
0.857739
0.776056
0.69436
0.612677
0.530981
0.449298
0.367603
0.285917
0.204223
0.122537
0.0408431
2.27419
2.15087
2.09003
1.99793
1.92143
1.83716
1.75675
1.67443
1.59305
1.51121
1.42959
1.34787
1.2662
1.1845
1.10282
1.02112
0.939436
0.857739
0.776056
0.69436
0.612677
0.530981
0.449298
0.367603
0.285917
0.204223
0.122537
0.0408431
2.27414
2.15086
2.09003
1.99793
1.92143
1.83716
1.75675
1.67443
1.59305
1.51121
1.42959
1.34787
1.2662
1.1845
1.10282
1.02112
0.939436
0.857739
0.776056
0.69436
0.612677
0.530981
0.449298
0.367603
0.285917
0.204223
0.122537
0.0408431
2.27407
2.15086
2.09003
1.99793
1.92143
1.83716
1.75675
1.67443
1.59305
1.51121
1.42959
1.34787
1.2662
1.1845
1.10282
1.02112
0.939436
0.857739
0.776056
0.69436
0.612677
0.530981
0.449298
0.367603
0.285917
0.204223
0.122537
0.0408431
2.27402
2.15086
2.09003
1.99793
1.92143
1.83716
1.75675
1.67443
1.59305
1.51121
1.42959
1.34787
1.2662
1.1845
1.10282
1.02112
0.939436
0.857739
0.776056
0.69436
0.612677
0.530981
0.449298
0.367603
0.285917
0.204223
0.122537
0.0408431
2.27401
2.15086
2.09003
1.99793
1.92143
1.83716
1.75675
1.67443
1.59305
1.51121
1.42959
1.34787
1.2662
1.1845
1.10282
1.02112
0.939436
0.857739
0.776056
0.69436
0.612677
0.530981
0.449298
0.367603
0.285917
0.204223
0.122537
0.0408431
2.27402
2.15086
2.09003
1.99793
1.92143
1.83716
1.75675
1.67443
1.59305
1.51121
1.42959
1.34787
1.2662
1.1845
1.10282
1.02112
0.939436
0.857739
0.776056
0.69436
0.612677
0.530981
0.449298
0.367603
0.285917
0.204223
0.122537
0.0408431
2.27407
2.15086
2.09003
1.99793
1.92143
1.83716
1.75675
1.67443
1.59305
1.51121
1.42959
1.34787
1.2662
1.1845
1.10282
1.02112
0.939436
0.857739
0.776056
0.69436
0.612677
0.530981
0.449298
0.367603
0.285917
0.204223
0.122537
0.0408431
2.27414
2.15086
2.09003
1.99793
1.92143
1.83716
1.75675
1.67443
1.59305
1.51121
1.42959
1.34787
1.2662
1.1845
1.10282
1.02112
0.939436
0.857739
0.776056
0.69436
0.612677
0.530981
0.449298
0.367603
0.285917
0.204223
0.122537
0.0408431
2.27413
2.15086
2.09003
1.99793
1.92143
1.83716
1.75675
1.67443
1.59305
1.51121
1.42959
1.34787
1.2662
1.1845
1.10282
1.02112
0.939436
0.857739
0.776056
0.69436
0.612677
0.530981
0.449298
0.367603
0.285917
0.204223
0.122537
0.0408431
2.27405
2.15086
2.09003
1.99793
1.92143
1.83716
1.75675
1.67443
1.59305
1.51121
1.42959
1.34787
1.2662
1.1845
1.10282
1.02112
0.939436
0.857739
0.776056
0.69436
0.612677
0.530981
0.449298
0.367603
0.285917
0.204223
0.122537
0.0408431
2.27401
2.15086
2.09003
1.99793
1.92143
1.83716
1.75675
1.67443
1.59305
1.51121
1.42959
1.34787
1.2662
1.1845
1.10282
1.02112
0.939436
0.857739
0.776056
0.69436
0.612677
0.530981
0.449298
0.367603
0.285917
0.204223
0.122537
0.0408431
2.27399
2.15086
2.09003
1.99793
1.92143
1.83716
1.75675
1.67443
1.59305
1.51121
1.42959
1.34787
1.2662
1.1845
1.10282
1.02112
0.939436
0.857739
0.776056
0.69436
0.612677
0.530981
0.449298
0.367603
0.285917
0.204223
0.122537
0.0408431
2.27401
2.15086
2.09003
1.99793
1.92143
1.83716
1.75675
1.67443
1.59305
1.51121
1.42959
1.34787
1.2662
1.1845
1.10282
1.02112
0.939436
0.857739
0.776056
0.69436
0.612677
0.530981
0.449298
0.367603
0.285917
0.204223
0.122537
0.0408431
2.27405
2.15086
2.09003
1.99793
1.92143
1.83716
1.75675
1.67443
1.59305
1.51121
1.42959
1.34787
1.2662
1.1845
1.10282
1.02112
0.939436
0.857739
0.776056
0.69436
0.612677
0.530981
0.449298
0.367603
0.285917
0.204223
0.122537
0.0408431
2.27413
2.15086
2.09003
1.99793
1.92143
1.83716
1.75675
1.67443
1.59305
1.51121
1.42959
1.34787
1.2662
1.1845
1.10282
1.02112
0.939436
0.857739
0.776056
0.69436
0.612677
0.530981
0.449298
0.367603
0.285917
0.204223
0.122537
0.0408431
2.27414
2.15086
2.09003
1.99793
1.92143
1.83716
1.75675
1.67443
1.59305
1.51121
1.42959
1.34787
1.2662
1.1845
1.10282
1.02112
0.939436
0.857739
0.776056
0.69436
0.612677
0.530981
0.449298
0.367603
0.285917
0.204223
0.122537
0.0408431
2.27407
2.15086
2.09003
1.99793
1.92143
1.83716
1.75675
1.67443
1.59305
1.51121
1.42959
1.34787
1.2662
1.1845
1.10282
1.02112
0.939436
0.857739
0.776056
0.69436
0.612677
0.530981
0.449298
0.367603
0.285917
0.204223
0.122537
0.0408431
2.27402
2.15086
2.09003
1.99793
1.92143
1.83716
1.75675
1.67443
1.59305
1.51121
1.42959
1.34787
1.2662
1.1845
1.10282
1.02112
0.939436
0.857739
0.776056
0.69436
0.612677
0.530981
0.449298
0.367603
0.285917
0.204223
0.122537
0.0408431
2.27401
2.15086
2.09003
1.99793
1.92143
1.83716
1.75675
1.67443
1.59305
1.51121
1.42959
1.34787
1.2662
1.1845
1.10282
1.02112
0.939436
0.857739
0.776056
0.69436
0.612677
0.530981
0.449298
0.367603
0.285917
0.204223
0.122537
0.0408431
2.27402
2.15086
2.09003
1.99793
1.92143
1.83716
1.75675
1.67443
1.59305
1.51121
1.42959
1.34787
1.2662
1.1845
1.10282
1.02112
0.939436
0.857739
0.776056
0.69436
0.612677
0.530981
0.449298
0.367603
0.285917
0.204223
0.122537
0.0408431
2.27407
2.15086
2.09003
1.99793
1.92143
1.83716
1.75675
1.67443
1.59305
1.51121
1.42959
1.34787
1.2662
1.1845
1.10282
1.02112
0.939436
0.857739
0.776056
0.69436
0.612677
0.530981
0.449298
0.367603
0.285917
0.204223
0.122537
0.0408431
2.27414
2.15086
2.09003
1.99793
1.92143
1.83716
1.75675
1.67443
1.59305
1.51121
1.42959
1.34787
1.2662
1.1845
1.10282
1.02112
0.939436
0.857739
0.776056
0.69436
0.612677
0.530981
0.449298
0.367603
0.285917
0.204223
0.122537
0.0408431
2.27419
2.15087
2.09003
1.99793
1.92143
1.83716
1.75675
1.67443
1.59305
1.51121
1.42959
1.34787
1.2662
1.1845
1.10282
1.02112
0.939436
0.857739
0.776056
0.69436
0.612677
0.530981
0.449298
0.367603
0.285917
0.204223
0.122537
0.0408431
2.27411
2.15086
2.09003
1.99793
1.92143
1.83716
1.75675
1.67443
1.59305
1.51121
1.42959
1.34787
1.2662
1.1845
1.10282
1.02112
0.939436
0.857739
0.776056
0.69436
0.612677
0.530981
0.449298
0.367603
0.285917
0.204223
0.122537
0.0408431
2.27407
2.15086
2.09003
1.99793
1.92143
1.83716
1.75675
1.67443
1.59305
1.51121
1.42959
1.34787
1.2662
1.1845
1.10282
1.02112
0.939436
0.857739
0.776056
0.69436
0.612677
0.530981
0.449298
0.367603
0.285917
0.204223
0.122537
0.0408431
2.27405
2.15086
2.09003
1.99793
1.92143
1.83716
1.75675
1.67443
1.59305
1.51121
1.42959
1.34787
1.2662
1.1845
1.10282
1.02112
0.939436
0.857739
0.776056
0.69436
0.612677
0.530981
0.449298
0.367603
0.285917
0.204223
0.122537
0.0408431
2.27407
2.15086
2.09003
1.99793
1.92143
1.83716
1.75675
1.67443
1.59305
1.51121
1.42959
1.34787
1.2662
1.1845
1.10282
1.02112
0.939436
0.857739
0.776056
0.69436
0.612677
0.530981
0.449298
0.367603
0.285917
0.204223
0.122537
0.0408431
2.27411
2.15086
2.09003
1.99793
1.92143
1.83716
1.75675
1.67443
1.59305
1.51121
1.42959
1.34787
1.2662
1.1845
1.10282
1.02112
0.939436
0.857739
0.776056
0.69436
0.612677
0.530981
0.449298
0.367603
0.285917
0.204223
0.122537
0.0408431
2.27419
2.15087
2.09003
1.99793
1.92143
1.83716
1.75675
1.67443
1.59305
1.51121
1.42959
1.34787
1.2662
1.1845
1.10282
1.02112
0.939436
0.857739
0.776056
0.69436
0.612677
0.530981
0.449298
0.367603
0.285917
0.204223
0.122537
0.0408431
2.27426
2.15087
2.09003
1.99794
1.92143
1.83716
1.75675
1.67443
1.59305
1.51121
1.42959
1.34787
1.2662
1.1845
1.10282
1.02112
0.939436
0.857739
0.776056
0.69436
0.612677
0.530981
0.449298
0.367603
0.285917
0.204223
0.122537
0.0408431
2.27419
2.15087
2.09003
1.99793
1.92143
1.83716
1.75675
1.67443
1.59305
1.51121
1.42959
1.34787
1.2662
1.1845
1.10282
1.02112
0.939436
0.857739
0.776056
0.69436
0.612677
0.530981
0.449298
0.367603
0.285917
0.204223
0.122537
0.0408431
2.27414
2.15086
2.09003
1.99793
1.92143
1.83716
1.75675
1.67443
1.59305
1.51121
1.42959
1.34787
1.2662
1.1845
1.10282
1.02112
0.939436
0.857739
0.776056
0.69436
0.612677
0.530981
0.449298
0.367603
0.285917
0.204223
0.122537
0.0408431
2.27413
2.15086
2.09003
1.99793
1.92143
1.83716
1.75675
1.67443
1.59305
1.51121
1.42959
1.34787
1.2662
1.1845
1.10282
1.02112
0.939436
0.857739
0.776056
0.69436
0.612677
0.530981
0.449298
0.367603
0.285917
0.204223
0.122537
0.0408431
2.27414
2.15086
2.09003
1.99793
1.92143
1.83716
1.75675
1.67443
1.59305
1.51121
1.42959
1.34787
1.2662
1.1845
1.10282
1.02112
0.939436
0.857739
0.776056
0.69436
0.612677
0.530981
0.449298
0.367603
0.285917
0.204223
0.122537
0.0408431
2.27419
2.15087
2.09003
1.99793
1.92143
1.83716
1.75675
1.67443
1.59305
1.51121
1.42959
1.34787
1.2662
1.1845
1.10282
1.02112
0.939436
0.857739
0.776056
0.69436
0.612677
0.530981
0.449298
0.367603
0.285917
0.204223
0.122537
0.0408431
2.27426
2.15087
2.09003
1.99794
1.92143
1.83716
1.75675
1.67443
1.59305
1.51121
1.42959
1.34787
1.2662
1.1845
1.10282
1.02112
0.939436
0.857739
0.776056
0.69436
0.612677
0.530981
0.449298
0.367603
0.285917
0.204223
0.122537
0.0408431
)
;

boundaryField
{
    inlet
    {
        type            zeroGradient;
    }
    outlet
    {
        type            fixedValue;
        value           uniform 0;
    }
    Walls
    {
        type            zeroGradient;
    }
}


// ************************************************************************* //
