/*--------------------------------*- C++ -*----------------------------------*\
  =========                 |
  \\      /  F ield         | OpenFOAM: The Open Source CFD Toolbox
   \\    /   O peration     | Website:  https://openfoam.org
    \\  /    A nd           | Version:  13
     \\/     M anipulation  |
\*---------------------------------------------------------------------------*/
FoamFile
{
    format      ascii;
    class       surfaceScalarField;
    location    "33";
    object      phi;
}
// * * * * * * * * * * * * * * * * * * * * * * * * * * * * * * * * * * * * * //

dimensions      [0 3 -1 0 0 0 0];

internalField   nonuniform List<scalar> 
3675
(
9.64144e-13
1.21894e-12
1.21894e-12
8.05736e-13
7.92067e-14
7.92071e-14
8.83803e-13
-3.90431e-14
-3.90438e-14
8.44984e-13
1.94174e-14
1.94175e-14
8.64291e-13
-9.66494e-15
-9.6651e-15
8.54738e-13
4.78862e-15
4.7895e-15
8.59421e-13
-2.35243e-15
-2.35314e-15
8.57164e-13
1.14245e-15
1.14256e-15
8.58237e-13
-5.44757e-16
-5.44158e-16
8.57732e-13
2.58695e-16
2.58257e-16
8.57974e-13
-1.2166e-16
-1.2141e-16
8.57855e-13
6.13244e-17
6.1179e-17
8.57927e-13
-3.45706e-17
-3.45838e-17
8.57875e-13
2.53026e-17
2.50896e-17
8.57922e-13
-2.1362e-17
-2.11403e-17
8.57879e-13
2.02302e-17
2.03482e-17
8.57923e-13
-1.97342e-17
-1.97138e-17
8.5788e-13
1.93937e-17
1.94896e-17
8.57922e-13
-1.90781e-17
-1.90643e-17
8.5788e-13
1.85963e-17
1.86634e-17
8.5792e-13
-1.80932e-17
-1.81047e-17
8.5788e-13
1.81867e-17
1.71912e-17
8.57917e-13
-1.71895e-17
-1.61961e-17
8.57887e-13
1.31344e-17
1.31471e-17
8.57914e-13
-1.23611e-17
-1.24534e-17
8.57889e-13
1.05761e-17
1.05903e-17
8.57915e-13
-1.09542e-17
-1.10947e-17
1.20546e-17
1.21501e-17
1.74442e-12
1.02723e-12
1.84931e-12
1.61266e-12
8.00419e-14
1.30935e-13
1.67728e-12
-3.93973e-14
-6.43114e-14
1.64526e-12
1.95936e-14
3.18747e-14
1.66116e-12
-9.78251e-15
-1.58359e-14
1.65332e-12
4.86829e-15
7.81949e-15
1.65714e-12
-2.4063e-15
-3.82029e-15
1.65533e-12
1.19325e-15
1.83585e-15
1.65618e-12
-5.71473e-16
-8.66126e-16
1.65579e-12
2.77116e-16
4.06336e-16
1.65598e-12
-1.23124e-16
-1.93099e-16
1.65588e-12
6.2746e-17
1.00723e-16
1.65595e-12
-2.79316e-17
-6.26945e-17
1.6559e-12
1.95589e-17
5.02032e-17
1.65595e-12
-1.17903e-17
-4.62128e-17
1.6559e-12
1.19065e-17
4.57802e-17
1.65595e-12
-9.51757e-18
-4.57018e-17
1.6559e-12
9.041e-18
4.57053e-17
1.65595e-12
-9.06515e-18
-4.49056e-17
1.6559e-12
8.25337e-18
4.40405e-17
1.65595e-12
-8.87147e-18
-4.24044e-17
1.6559e-12
1.03515e-17
4.01616e-17
1.65594e-12
-1.16936e-17
-3.67646e-17
1.65591e-12
5.41355e-18
3.07586e-17
1.65594e-12
-7.59172e-18
-2.71511e-17
1.65591e-12
5.78007e-18
2.08782e-17
1.65594e-12
-7.92468e-18
-2.02427e-17
7.5509e-18
2.79143e-17
2.09841e-12
3.81791e-13
1.94905e-12
2.00229e-12
3.12127e-14
1.44959e-13
2.04945e-12
-1.53616e-14
-7.12428e-14
2.02615e-12
7.65041e-15
3.52763e-14
2.03769e-12
-3.83775e-15
-1.75337e-14
2.03204e-12
1.91802e-15
8.66443e-15
2.03476e-12
-9.5612e-16
-4.2327e-15
2.0335e-12
4.92543e-16
2.0374e-15
2.03408e-12
-2.38183e-16
-9.564e-16
2.03382e-12
1.2049e-16
4.48937e-16
2.03395e-12
-4.88984e-17
-2.08745e-16
2.03388e-12
2.59691e-17
1.09687e-16
2.03394e-12
-7.01035e-18
-6.59365e-17
2.03389e-12
4.70576e-18
5.40134e-17
2.03394e-12
5.7483e-19
-4.82143e-17
2.0339e-12
-1.30146e-19
4.9212e-17
2.03395e-12
2.19978e-18
-4.82169e-17
2.0339e-12
-2.3447e-18
4.81289e-17
2.03394e-12
2.14154e-18
-4.73395e-17
2.0339e-12
-2.61778e-18
4.61532e-17
2.03394e-12
1.67382e-18
-4.46578e-17
2.0339e-12
1.55673e-18
4.15079e-17
2.03394e-12
-3.03245e-18
-3.93642e-17
2.0339e-12
-2.05087e-18
3.11564e-17
2.03393e-12
8.15805e-20
-2.96581e-17
2.03391e-12
-1.0805e-18
2.2089e-17
2.03393e-12
-3.93175e-19
-2.30116e-17
2.00112e-19
3.09599e-17
2.20448e-12
-3.81807e-13
1.96113e-12
2.11917e-12
-3.12098e-14
1.47755e-13
2.1611e-12
1.53343e-14
-7.26803e-14
2.1404e-12
-7.6098e-15
3.59939e-14
2.15064e-12
3.78404e-15
-1.79043e-14
2.14564e-12
-1.88105e-15
8.85705e-15
2.14804e-12
9.2198e-16
-4.33036e-15
2.14694e-12
-4.30896e-16
2.08857e-15
2.14744e-12
2.01761e-16
-9.78787e-16
2.14722e-12
-8.98314e-17
4.59147e-16
2.14733e-12
4.52523e-17
-2.10731e-16
2.14728e-12
-1.99638e-17
1.09608e-16
2.14732e-12
1.40862e-17
-6.3889e-17
2.14728e-12
-9.05576e-18
5.20003e-17
2.14733e-12
8.95313e-18
-4.52583e-17
2.14729e-12
-8.77559e-18
4.68885e-17
2.14734e-12
9.06779e-18
-4.5206e-17
2.14729e-12
-8.8803e-18
4.51373e-17
2.14733e-12
8.34489e-18
-4.4164e-17
2.14729e-12
-8.56302e-18
4.31217e-17
2.14733e-12
7.67161e-18
-4.16519e-17
2.14728e-12
-3.83092e-18
3.88169e-17
2.14733e-12
3.86422e-18
-3.77722e-17
2.14729e-12
-5.56074e-18
2.84732e-17
2.14732e-12
6.36964e-18
-2.89403e-17
2.1473e-12
-6.46857e-18
2.12663e-17
2.14732e-12
7.48582e-18
-2.35864e-17
-7.01476e-18
3.18999e-17
2.09841e-12
-1.02724e-12
1.94905e-12
2.00229e-12
-8.00359e-14
1.44957e-13
2.04945e-12
3.93698e-14
-7.12379e-14
2.02615e-12
-1.95618e-14
3.52744e-14
2.03769e-12
9.74068e-15
-1.75317e-14
2.03204e-12
-4.83447e-15
8.6603e-15
2.03476e-12
2.37599e-15
-4.22885e-15
2.0335e-12
-1.14481e-15
2.03508e-15
2.03408e-12
5.43798e-16
-9.55475e-16
2.03382e-12
-2.54425e-16
4.47746e-16
2.03395e-12
1.21362e-16
-2.09279e-16
2.03388e-12
-5.83299e-17
1.09696e-16
2.03394e-12
3.4089e-17
-6.67357e-17
2.03389e-12
-2.32493e-17
5.44541e-17
2.03394e-12
2.00634e-17
-4.91652e-17
2.0339e-12
-1.89456e-17
4.9916e-17
2.03395e-12
1.86312e-17
-4.90947e-17
2.0339e-12
-1.82192e-17
4.91285e-17
2.03394e-12
1.75476e-17
-4.82229e-17
2.0339e-12
-1.74548e-17
4.71362e-17
2.03394e-12
1.66144e-17
-4.55956e-17
2.0339e-12
-1.41741e-17
4.25581e-17
2.03394e-12
1.3726e-17
-3.98332e-17
2.0339e-12
-1.21046e-17
3.22694e-17
2.03393e-12
1.25816e-17
-3.00883e-17
2.03391e-12
-1.17001e-17
2.24164e-17
2.03393e-12
1.31287e-17
-2.30798e-17
-1.27542e-17
3.13703e-17
1.74442e-12
-1.21895e-12
1.84931e-12
1.61266e-12
-7.92e-14
1.30937e-13
1.67728e-12
3.90245e-14
-6.43159e-14
1.64526e-12
-1.94043e-14
3.18781e-14
1.66116e-12
9.64633e-15
-1.58393e-14
1.65332e-12
-4.76648e-15
7.82362e-15
1.65714e-12
2.33294e-15
-3.82264e-15
1.65533e-12
-1.11931e-15
1.8393e-15
1.65618e-12
5.32337e-16
-8.67293e-16
1.65579e-12
-2.49448e-16
4.06288e-16
1.65598e-12
1.21035e-16
-1.92132e-16
1.65588e-12
-5.87411e-17
1.00366e-16
1.65595e-12
3.7091e-17
-6.15466e-17
1.6559e-12
-2.664e-17
4.93811e-17
1.65595e-12
2.53084e-17
-4.48382e-17
1.6559e-12
-2.25107e-17
4.49295e-17
1.65595e-12
2.33518e-17
-4.45957e-17
1.6559e-12
-2.28905e-17
4.45253e-17
1.65595e-12
2.2314e-17
-4.38692e-17
1.6559e-12
-2.22061e-17
4.2796e-17
1.65595e-12
2.10834e-17
-4.1353e-17
1.6559e-12
-2.2267e-17
3.84243e-17
1.65594e-12
2.00127e-17
-3.53614e-17
1.65591e-12
-1.59521e-17
2.9795e-17
1.65594e-12
1.41038e-17
-2.67439e-17
1.65591e-12
-1.31991e-17
2.01153e-17
1.65594e-12
1.31515e-17
-1.98479e-17
-1.439e-17
2.8514e-17
9.64144e-13
1.21894e-12
8.05736e-13
7.92106e-14
8.83803e-13
-3.90509e-14
8.44984e-13
1.94191e-14
8.64291e-13
-9.66803e-15
8.54738e-13
4.79681e-15
8.59421e-13
-2.35851e-15
8.57164e-13
1.14682e-15
8.58237e-13
-5.45469e-16
8.57732e-13
2.58545e-16
8.57974e-13
-1.20988e-16
8.57855e-13
6.17187e-17
8.57927e-13
-3.41215e-17
8.57875e-13
2.50095e-17
8.57922e-13
-2.02263e-17
8.57879e-13
2.04834e-17
8.57923e-13
-1.93314e-17
8.5788e-13
1.92221e-17
8.57922e-13
-1.88028e-17
8.5788e-13
1.83031e-17
8.5792e-13
-1.78139e-17
8.5788e-13
1.53645e-17
8.57917e-13
-1.49693e-17
8.57887e-13
1.2636e-17
8.57914e-13
-1.25611e-17
8.57889e-13
1.04599e-17
8.57915e-13
-1.1273e-17
1.14086e-17
1.74442e-12
1.84931e-12
1.02723e-12
1.61266e-12
1.30931e-13
8.0046e-14
1.67728e-12
-6.43071e-14
-3.94023e-14
1.64526e-12
3.18759e-14
1.95925e-14
1.66116e-12
-1.58369e-14
-9.78146e-15
1.65332e-12
7.81523e-15
4.87352e-15
1.65714e-12
-3.81636e-15
-2.41098e-15
1.65533e-12
1.83662e-15
1.19247e-15
1.65618e-12
-8.67823e-16
-5.6945e-16
1.65579e-12
4.07848e-16
2.75121e-16
1.65598e-12
-1.93517e-16
-1.2249e-16
1.65588e-12
1.00809e-16
6.25169e-17
1.65595e-12
-6.23485e-17
-2.82286e-17
1.6559e-12
5.02415e-17
1.93558e-17
1.65595e-12
-4.63771e-17
-1.14534e-17
1.6559e-12
4.50195e-17
1.27042e-17
1.65595e-12
-4.53011e-17
-9.90791e-18
1.6559e-12
4.50179e-17
9.73811e-18
1.65595e-12
-4.44927e-17
-9.47573e-18
1.6559e-12
4.34134e-17
8.86265e-18
1.65595e-12
-4.21174e-17
-9.17964e-18
1.6559e-12
4.23055e-17
7.24265e-18
1.65594e-12
-3.86266e-17
-8.8595e-18
1.65591e-12
3.06635e-17
5.5357e-18
1.65594e-12
-2.66696e-17
-8.11694e-18
1.65591e-12
2.05954e-17
6.01203e-18
1.65594e-12
-1.97493e-17
-8.42505e-18
2.78519e-17
7.86054e-18
3.56993e-12
1.76533e-12
1.76533e-12
3.54393e-12
1.43949e-13
1.43958e-13
3.55615e-12
-7.04824e-14
-7.0492e-14
3.55019e-12
3.49093e-14
3.49055e-14
3.55321e-12
-1.74244e-14
-1.74206e-14
3.55167e-12
8.66592e-15
8.67562e-15
3.55247e-12
-4.28837e-15
-4.29702e-15
3.55208e-12
2.12924e-15
2.12611e-15
3.55229e-12
-1.02827e-15
-1.02373e-15
3.55219e-12
5.00702e-16
4.95929e-16
3.55225e-12
-2.27991e-16
-2.26732e-16
3.55224e-12
1.17604e-16
1.17235e-16
3.55224e-12
-5.46466e-17
-5.54266e-17
3.55226e-12
3.77779e-17
3.77559e-17
3.55225e-12
-2.41731e-17
-2.40138e-17
3.55227e-12
2.33869e-17
2.52513e-17
3.55225e-12
-1.95719e-17
-2.09082e-17
3.55227e-12
1.90421e-17
2.07619e-17
3.55225e-12
-1.90426e-17
-2.04142e-17
3.55227e-12
1.77044e-17
1.92579e-17
3.55225e-12
-1.86979e-17
-1.97424e-17
3.55226e-12
2.10838e-17
1.54043e-17
3.55225e-12
-2.15536e-17
-1.64082e-17
3.55226e-12
1.31379e-17
1.37603e-17
3.55225e-12
-1.35706e-17
-1.47576e-17
3.55224e-12
9.41114e-18
1.06677e-17
3.55225e-12
-1.06499e-17
-1.23662e-17
1.31907e-17
1.30034e-17
4.48616e-12
6.87787e-13
1.94241e-12
4.55278e-12
5.81363e-14
1.64194e-13
4.51971e-12
-2.84157e-14
-8.03694e-14
4.5362e-12
1.40692e-14
3.97231e-14
4.52799e-12
-7.04706e-15
-1.98332e-14
4.53207e-12
3.51525e-15
9.88424e-15
4.53006e-12
-1.75338e-15
-4.89562e-15
4.53108e-12
9.0209e-16
2.42447e-15
4.53061e-12
-4.41815e-16
-1.16305e-15
4.53084e-12
2.24243e-16
5.62776e-16
4.53074e-12
-9.54699e-17
-2.54085e-16
4.53081e-12
5.24004e-17
1.31639e-16
4.53078e-12
-1.72074e-17
-6.03045e-17
4.53081e-12
1.21266e-17
4.13094e-17
4.5308e-12
-2.52523e-18
-2.45201e-17
4.53082e-12
2.87088e-18
2.75142e-17
4.5308e-12
4.44539e-19
-2.16229e-17
4.53083e-12
-6.6179e-19
2.15824e-17
4.5308e-12
9.92742e-20
-2.10484e-17
4.53082e-12
-1.16192e-18
1.97381e-17
4.5308e-12
-5.19308e-19
-2.03569e-17
4.53081e-12
6.06861e-18
1.42076e-17
4.5308e-12
-7.5049e-18
-1.67594e-17
4.53081e-12
-4.54312e-19
1.31821e-17
4.5308e-12
-6.5963e-19
-1.66093e-17
4.53079e-12
-2.17406e-18
1.13372e-17
4.5308e-12
1.5187e-18
-1.4791e-17
7.62989e-19
1.49216e-17
4.769e-12
-6.87821e-13
1.96972e-12
4.8645e-12
-5.81295e-14
1.68571e-13
4.81746e-12
2.83633e-14
-8.2548e-14
4.84082e-12
-1.40015e-14
4.07795e-14
4.82916e-12
6.9541e-15
-2.03652e-14
4.83498e-12
-3.44649e-15
1.01552e-14
4.8321e-12
1.68714e-15
-5.0306e-15
4.83355e-12
-7.88889e-16
2.48928e-15
4.83287e-12
3.72779e-16
-1.19274e-15
4.8332e-12
-1.67348e-16
5.75148e-16
4.83307e-12
8.77953e-17
-2.59356e-16
4.83315e-12
-3.9013e-17
1.33619e-16
4.83312e-12
2.92729e-17
-6.07905e-17
4.83315e-12
-1.84612e-17
4.13323e-17
4.83314e-12
1.95939e-17
-2.39642e-17
4.83316e-12
-1.7753e-17
2.74887e-17
4.83314e-12
1.91243e-17
-2.13161e-17
4.83317e-12
-1.88396e-17
2.11864e-17
4.83314e-12
1.79163e-17
-2.06335e-17
4.83316e-12
-1.83517e-17
1.92523e-17
4.83314e-12
1.6817e-17
-1.99071e-17
4.83315e-12
-1.03531e-17
1.23828e-17
4.83314e-12
8.68144e-18
-1.55337e-17
4.83315e-12
-1.33651e-17
1.26595e-17
4.83314e-12
1.20864e-17
-1.70659e-17
4.83313e-12
-1.36284e-17
1.17464e-17
4.83313e-12
1.40717e-17
-1.58849e-17
-9.75502e-18
1.60231e-17
4.48616e-12
-1.76537e-12
1.94242e-12
4.55278e-12
-1.43941e-13
1.64195e-13
4.51971e-12
7.0434e-14
-8.03646e-14
4.5362e-12
-3.48566e-14
3.97141e-14
4.52799e-12
1.73492e-14
-1.98207e-14
4.53207e-12
-8.6015e-15
9.87651e-15
4.53006e-12
4.22695e-15
-4.88724e-15
4.53108e-12
-2.03477e-15
2.40988e-15
4.53061e-12
9.71016e-16
-1.15486e-15
4.53084e-12
-4.55873e-16
5.54191e-16
4.53074e-12
2.21676e-16
-2.53055e-16
4.53081e-12
-1.05848e-16
1.30177e-16
4.53078e-12
6.40904e-17
-6.18201e-17
4.53081e-12
-4.2622e-17
4.24762e-17
4.5308e-12
3.83535e-17
-2.67827e-17
4.53082e-12
-3.43721e-17
2.96746e-17
4.5308e-12
3.48142e-17
-2.44849e-17
4.53083e-12
-3.40464e-17
2.42233e-17
4.5308e-12
3.28368e-17
-2.37776e-17
4.53082e-12
-3.28953e-17
2.23094e-17
4.5308e-12
3.1143e-17
-2.2731e-17
4.53081e-12
-2.83668e-17
1.45166e-17
4.5308e-12
2.61155e-17
-1.66877e-17
4.53081e-12
-2.37016e-17
1.51902e-17
4.5308e-12
2.23456e-17
-1.82909e-17
4.53079e-12
-2.30501e-17
1.31123e-17
4.5308e-12
2.42427e-17
-1.6345e-17
-1.89055e-17
1.70902e-17
3.56993e-12
-1.84933e-12
1.76535e-12
3.54393e-12
-1.30925e-13
1.43957e-13
3.55615e-12
6.42818e-14
-7.04837e-14
3.55019e-12
-3.18559e-14
3.48925e-14
3.55321e-12
1.58063e-14
-1.74026e-14
3.55167e-12
-7.78243e-15
8.66313e-15
3.55247e-12
3.7853e-15
-4.28291e-15
3.55208e-12
-1.79545e-15
2.10513e-15
3.55229e-12
8.43204e-16
-1.01104e-15
3.55219e-12
-3.90516e-16
4.83247e-16
3.55225e-12
1.91156e-16
-2.24567e-16
3.55224e-12
-9.52528e-17
1.14776e-16
3.55224e-12
6.61882e-17
-5.71938e-17
3.55226e-12
-5.21397e-17
3.91261e-17
3.55225e-12
5.28533e-17
-2.68021e-17
3.55227e-12
-4.88182e-17
2.81818e-17
3.55225e-12
5.13218e-17
-2.46173e-17
3.55227e-12
-5.07902e-17
2.42772e-17
3.55225e-12
4.97542e-17
-2.39185e-17
3.55227e-12
-4.94211e-17
2.26652e-17
3.55225e-12
4.69736e-17
-2.27995e-17
3.55226e-12
-4.81837e-17
1.57933e-17
3.55225e-12
4.30912e-17
-1.64394e-17
3.55226e-12
-3.48779e-17
1.61738e-17
3.55225e-12
3.00172e-17
-1.71484e-17
3.55224e-12
-2.71722e-17
1.29291e-17
3.55225e-12
2.62267e-17
-1.45434e-17
-2.83406e-17
1.63531e-17
1.74442e-12
1.02723e-12
1.61266e-12
8.00439e-14
1.67728e-12
-3.93941e-14
1.64526e-12
1.95801e-14
1.66116e-12
-9.76636e-15
1.65332e-12
4.86334e-15
1.65714e-12
-2.40149e-15
1.65533e-12
1.17687e-15
1.65618e-12
-5.61034e-16
1.65579e-12
2.66899e-16
1.65598e-12
-1.22044e-16
1.65588e-12
6.16969e-17
1.65595e-12
-3.04731e-17
1.6559e-12
2.11411e-17
1.65595e-12
-1.43209e-17
1.6559e-12
1.56317e-17
1.65595e-12
-1.3381e-17
1.6559e-12
1.32349e-17
1.65595e-12
-1.28338e-17
1.6559e-12
1.22927e-17
1.65595e-12
-1.21328e-17
1.6559e-12
8.60916e-18
1.65594e-12
-9.7453e-18
1.65591e-12
7.97964e-18
1.65594e-12
-1.00384e-17
1.65591e-12
8.08082e-18
1.65594e-12
-1.01418e-17
9.60945e-18
2.09841e-12
1.94905e-12
3.81792e-13
2.00229e-12
1.44955e-13
3.12189e-14
2.04945e-12
-7.12376e-14
-1.53682e-14
2.02615e-12
3.52783e-14
7.64611e-15
2.03769e-12
-1.75356e-14
-3.83299e-15
2.03204e-12
8.65923e-15
1.92426e-15
2.03476e-12
-4.22774e-15
-9.61785e-16
2.0335e-12
2.03863e-15
4.88159e-16
2.03408e-12
-9.58265e-16
-2.3431e-16
2.03382e-12
4.50746e-16
1.16148e-16
2.03395e-12
-2.09144e-16
-4.80391e-17
2.03388e-12
1.09609e-16
2.55945e-17
2.03394e-12
-6.54582e-17
-7.77145e-18
2.03389e-12
5.38594e-17
4.94377e-18
2.03394e-12
-4.81968e-17
3.21899e-19
2.0339e-12
4.82335e-17
1.42398e-18
2.03395e-12
-4.75163e-17
8.56008e-19
2.0339e-12
4.72259e-17
-8.42288e-19
2.03394e-12
-4.66178e-17
7.96869e-19
2.0339e-12
4.53187e-17
-1.23339e-18
2.03394e-12
-4.41327e-17
6.15323e-19
2.0339e-12
4.39489e-17
-2.3157e-18
2.03394e-12
-4.14795e-17
4.57546e-19
2.0339e-12
3.08753e-17
-1.39368e-18
2.03393e-12
-2.90588e-17
-9.35113e-19
2.03391e-12
2.16717e-17
-3.33925e-19
2.03393e-12
-2.24606e-17
-1.28172e-18
3.08272e-17
1.029e-18
4.48616e-12
1.94241e-12
6.87788e-13
4.55278e-12
1.64182e-13
5.81476e-14
4.51971e-12
-8.03565e-14
-2.84282e-14
4.5362e-12
3.97287e-14
1.40628e-14
4.52799e-12
-1.98388e-14
-7.04011e-15
4.53207e-12
9.8713e-15
3.52792e-15
4.53006e-12
-4.88394e-15
-1.76429e-15
4.53108e-12
2.42923e-15
8.95619e-16
4.53061e-12
-1.16924e-15
-4.3504e-16
4.53084e-12
5.69225e-16
2.16401e-16
4.53074e-12
-2.55641e-16
-9.36117e-17
4.53081e-12
1.32101e-16
5.1558e-17
4.53078e-12
-5.91335e-17
-1.82782e-17
4.53081e-12
4.12389e-17
1.22079e-17
4.5308e-12
-2.46264e-17
-2.59244e-18
4.53082e-12
2.49003e-17
5.46886e-18
4.5308e-12
-1.97485e-17
-1.66464e-18
4.53083e-12
1.91473e-17
1.78695e-18
4.5308e-12
-1.91347e-17
-2.03865e-18
4.53082e-12
1.75206e-17
1.04796e-18
4.5308e-12
-1.89067e-17
-2.19499e-18
4.53081e-12
2.16284e-17
-1.96287e-18
4.5308e-12
-2.34114e-17
-1.40386e-19
4.53081e-12
1.23256e-17
6.31753e-19
4.5308e-12
-1.49313e-17
-2.36485e-18
4.53079e-12
9.94444e-18
-2.23739e-19
4.5308e-12
-1.28613e-17
-9.5383e-19
1.45901e-17
6.97371e-19
5.73823e-12
7.74291e-13
7.74293e-13
5.93189e-12
6.73706e-14
6.73859e-14
5.83685e-12
-3.29005e-14
-3.29173e-14
5.88389e-12
1.62552e-14
1.62465e-14
5.86038e-12
-8.14755e-15
-8.1383e-15
5.87213e-12
4.06792e-15
4.08463e-15
5.86629e-12
-2.02866e-15
-2.0434e-15
5.86922e-12
1.04648e-15
1.03804e-15
5.86782e-12
-5.10616e-16
-5.01954e-16
5.8685e-12
2.58509e-16
2.48669e-16
5.8682e-12
-1.08183e-16
-1.05984e-16
5.86837e-12
5.9354e-17
5.84556e-17
5.8683e-12
-1.78819e-17
-1.94344e-17
5.86835e-12
1.27393e-17
1.29881e-17
5.86833e-12
-9.9332e-19
-1.16234e-18
5.86836e-12
1.96699e-18
5.48505e-18
5.86835e-12
2.24511e-18
-5.65211e-19
5.86837e-12
-2.58907e-18
7.20183e-19
5.86835e-12
1.84035e-18
-1.00294e-18
5.86836e-12
-3.23812e-18
-2.25203e-19
5.86835e-12
1.02848e-18
-1.18543e-18
5.86835e-12
5.01193e-18
-4.92812e-18
5.86834e-12
-7.34556e-18
1.62263e-18
5.86835e-12
-2.1564e-18
-7.56465e-19
5.86833e-12
-3.20821e-19
-2.60405e-18
5.86833e-12
-2.85799e-18
-6.95744e-19
5.86833e-12
1.27072e-18
-1.47786e-18
3.07034e-19
9.48336e-19
6.13085e-12
-7.74342e-13
7.89495e-13
6.36472e-12
-6.73661e-14
6.94795e-14
6.25026e-12
3.28382e-14
-3.3947e-14
6.3068e-12
-1.61748e-14
1.67404e-14
6.27852e-12
8.03689e-15
-8.38427e-15
6.29266e-12
-3.98467e-15
4.20968e-15
6.28563e-12
1.95193e-15
-2.10397e-15
6.28917e-12
-9.11508e-16
1.06434e-15
6.28747e-12
4.2993e-16
-5.13285e-16
6.2883e-12
-1.93679e-16
2.51582e-16
6.28793e-12
1.00698e-16
-1.08e-16
6.28813e-12
-4.43597e-17
5.90946e-17
6.28805e-12
3.32343e-17
-2.01278e-17
6.28811e-12
-2.07382e-17
1.34462e-17
6.28809e-12
2.20434e-17
-1.51551e-18
6.28812e-12
-1.99495e-17
6.31571e-18
6.2881e-12
2.14064e-17
-1.35554e-18
6.28812e-12
-2.11319e-17
1.45723e-18
6.2881e-12
1.98837e-17
-1.74424e-18
6.28812e-12
-2.06217e-17
4.1048e-19
6.2881e-12
1.86171e-17
-1.77646e-18
6.2881e-12
-1.16865e-17
-5.93788e-18
6.28809e-12
1.0135e-17
2.41191e-18
6.2881e-12
-1.46149e-17
-3.77507e-19
6.28808e-12
1.3776e-17
-3.44647e-18
6.28808e-12
-1.52788e-17
6.33425e-20
6.28808e-12
1.6151e-17
-2.59005e-18
-1.21664e-17
1.96993e-18
5.73823e-12
-1.94246e-12
7.74304e-13
5.93189e-12
-1.64173e-13
6.73855e-14
5.83685e-12
8.02962e-14
-3.29086e-14
5.88389e-12
-3.96635e-14
1.62332e-14
5.86038e-12
1.97478e-14
-8.12062e-15
5.87213e-12
-9.7935e-15
4.07204e-15
5.86629e-12
4.81348e-15
-2.02992e-15
5.86922e-12
-2.31634e-15
1.01817e-15
5.86782e-12
1.10328e-15
-4.9087e-16
5.8685e-12
-5.18341e-16
2.37164e-16
5.8682e-12
2.5072e-16
-1.04837e-16
5.86837e-12
-1.19775e-16
5.69465e-17
5.8683e-12
7.22175e-17
-2.18022e-17
5.86835e-12
-4.82353e-17
1.50489e-17
5.86833e-12
4.32044e-17
-4.62042e-18
5.86836e-12
-3.91892e-17
8.91072e-18
5.86835e-12
3.93622e-17
-4.87504e-18
5.86837e-12
-3.863e-17
4.80198e-18
5.86835e-12
3.70146e-17
-5.15986e-18
5.86836e-12
-3.73224e-17
3.76255e-18
5.86835e-12
3.51445e-17
-4.87191e-18
5.86835e-12
-3.17994e-17
-3.36733e-18
5.86834e-12
2.97503e-17
6.16023e-19
5.86835e-12
-2.63913e-17
2.2623e-18
5.86833e-12
2.55979e-17
-5.09244e-18
5.86833e-12
-2.58095e-17
1.94831e-18
5.86833e-12
2.76262e-17
-3.64984e-18
-2.24422e-17
3.47068e-18
4.48616e-12
-1.94907e-12
6.87794e-13
4.55278e-12
-1.44945e-13
5.81444e-14
4.51971e-12
7.1202e-14
-2.84166e-14
4.5362e-12
-3.52487e-14
1.40462e-14
4.52799e-12
1.74936e-14
-7.01807e-15
4.53207e-12
-8.6161e-15
3.51242e-15
4.53006e-12
4.18956e-15
-1.74704e-15
4.53108e-12
-1.98532e-15
8.70656e-16
4.53061e-12
9.28598e-16
-4.20151e-16
4.53084e-12
-4.29335e-16
2.0141e-16
4.53074e-12
2.07991e-16
-9.1236e-17
4.53081e-12
-1.03924e-16
4.87654e-17
4.53078e-12
7.18506e-17
-2.0518e-17
4.53081e-12
-5.74444e-17
1.40319e-17
4.5308e-12
5.78356e-17
-6.13644e-18
4.53082e-12
-5.43522e-17
9.07442e-18
4.5308e-12
5.66532e-17
-6.23115e-18
4.53083e-12
-5.61346e-17
6.1216e-18
4.5308e-12
5.48457e-17
-6.37459e-18
4.53082e-12
-5.45422e-17
5.25959e-18
4.5308e-12
5.16567e-17
-5.9792e-18
4.53081e-12
-5.26599e-17
-9.17406e-19
4.5308e-12
4.78716e-17
-7.01537e-19
4.53081e-12
-3.76108e-17
3.63507e-18
4.5308e-12
3.36575e-17
-5.29312e-18
4.53079e-12
-2.99316e-17
2.82502e-18
4.5308e-12
2.96856e-17
-3.70379e-18
-3.26309e-17
4.1143e-18
2.09841e-12
3.81796e-13
2.00229e-12
3.12148e-14
2.04945e-12
-1.53565e-14
2.02615e-12
7.63135e-15
2.03769e-12
-3.814e-15
2.03204e-12
1.90911e-15
2.03476e-12
-9.46915e-16
2.0335e-12
4.68063e-16
2.03408e-12
-2.23163e-16
2.03382e-12
1.05307e-16
2.03395e-12
-4.66197e-17
2.03388e-12
2.38508e-17
2.03394e-12
-9.83634e-18
2.03389e-12
6.64103e-18
2.03394e-12
-2.68347e-18
2.0339e-12
4.33335e-18
2.03395e-12
-2.76132e-18
2.0339e-12
2.68597e-18
2.03394e-12
-2.64914e-18
2.0339e-12
2.18893e-18
2.03394e-12
-2.40746e-18
2.0339e-12
-7.93749e-19
2.03394e-12
-4.92982e-19
2.0339e-12
1.07805e-18
2.03393e-12
-3.04781e-18
2.03391e-12
1.98118e-18
2.03393e-12
-3.5179e-18
3.32326e-18
2.20448e-12
1.96113e-12
-3.81806e-13
2.11917e-12
1.47751e-13
-3.12031e-14
2.1611e-12
-7.26759e-14
1.53276e-14
2.1404e-12
3.59957e-14
-7.61472e-15
2.15064e-12
-1.7906e-14
3.78954e-15
2.14564e-12
8.85264e-15
-1.87469e-15
2.14804e-12
-4.32622e-15
9.16143e-16
2.14694e-12
2.08991e-15
-4.35985e-16
2.14744e-12
-9.80687e-16
2.05567e-16
2.14722e-12
4.60984e-16
-9.43518e-17
2.14733e-12
-2.11158e-16
4.60258e-17
2.14728e-12
1.09634e-16
-2.02607e-17
2.14732e-12
-6.34573e-17
1.32667e-17
2.14728e-12
5.19124e-17
-8.60836e-18
2.14733e-12
-4.52276e-17
8.43387e-18
2.14729e-12
4.6015e-17
-7.17644e-18
2.14734e-12
-4.45337e-17
7.49399e-18
2.14729e-12
4.433e-17
-7.3205e-18
2.14733e-12
-4.34778e-17
6.7747e-18
2.14729e-12
4.23775e-17
-7.11472e-18
2.14733e-12
-4.11065e-17
6.39761e-18
2.14728e-12
4.10297e-17
-7.51426e-18
2.14733e-12
-3.9729e-17
7.17928e-18
2.14729e-12
2.81207e-17
-4.70728e-18
2.14732e-12
-2.83922e-17
5.32695e-18
2.1473e-12
2.0855e-17
-5.6262e-18
2.14732e-12
-2.30324e-17
6.62208e-18
3.17307e-17
-6.12655e-18
4.769e-12
1.96972e-12
-6.87819e-13
4.8645e-12
1.68558e-13
-5.81198e-14
4.81746e-12
-8.25338e-14
2.8353e-14
4.84082e-12
4.07858e-14
-1.40082e-14
4.82916e-12
-2.03717e-14
6.96181e-15
4.83498e-12
1.01409e-14
-3.43614e-15
4.8321e-12
-5.01779e-15
1.67842e-15
4.83355e-12
2.49493e-15
-7.96519e-16
4.83287e-12
-1.19971e-15
3.7925e-16
4.8332e-12
5.8251e-16
-1.7531e-16
4.83307e-12
-2.61127e-16
8.9518e-17
4.83315e-12
1.34211e-16
-4.00625e-17
4.83312e-12
-5.95091e-17
2.83021e-17
4.83315e-12
4.12601e-17
-1.8328e-17
4.83314e-12
-2.40539e-17
1.93122e-17
4.83316e-12
2.46073e-17
-1.54368e-17
4.83314e-12
-1.9217e-17
1.70487e-17
4.83317e-12
1.85026e-17
-1.66052e-17
4.83314e-12
-1.84961e-17
1.58399e-17
4.83316e-12
1.68116e-17
-1.63277e-17
4.83314e-12
-1.82644e-17
1.51714e-17
4.83315e-12
2.06911e-17
-1.75441e-17
4.83314e-12
-2.29999e-17
1.5328e-17
4.83315e-12
1.16544e-17
-1.22548e-17
4.83314e-12
-1.51952e-17
1.0542e-17
4.83313e-12
1.02083e-17
-1.15539e-17
4.83313e-12
-1.37667e-17
1.16235e-17
1.54476e-17
-9.88535e-18
6.13085e-12
7.89493e-13
-7.74339e-13
6.36472e-12
6.94632e-14
-6.73531e-14
6.25026e-12
-3.39293e-14
3.28249e-14
6.3068e-12
1.67499e-14
-1.6184e-14
6.27852e-12
-8.39444e-15
8.04731e-15
6.29266e-12
4.19194e-15
-3.97163e-15
6.28563e-12
-2.08832e-15
1.94064e-15
6.28917e-12
1.07368e-15
-9.21622e-16
6.28747e-12
-5.22693e-16
4.38498e-16
6.2883e-12
2.62223e-16
-2.03612e-16
6.28793e-12
-1.10351e-16
1.0271e-16
6.28813e-12
6.0058e-17
-4.54184e-17
6.28805e-12
-1.8433e-17
3.16969e-17
6.28811e-12
1.3161e-17
-2.03052e-17
6.28809e-12
-1.28686e-18
2.14383e-17
6.28812e-12
2.52358e-18
-1.66668e-17
6.2881e-12
1.71866e-18
1.84841e-17
6.28812e-12
-2.1198e-18
-1.79468e-17
6.2881e-12
1.36411e-18
1.69636e-17
6.28812e-12
-2.84484e-18
-1.76964e-17
6.2881e-12
6.69346e-19
1.62664e-17
6.2881e-12
4.83666e-18
-2.02213e-17
6.28809e-12
-7.33638e-18
1.79079e-17
6.2881e-12
-1.95609e-18
-1.30244e-17
6.28808e-12
-9.62382e-19
1.16317e-17
6.28808e-12
-2.18301e-18
-1.29105e-17
6.28808e-12
2.64389e-19
1.33361e-17
1.07828e-18
-1.17039e-17
6.56005e-12
-7.89538e-13
-7.89535e-13
6.83793e-12
-6.9458e-14
-6.94439e-14
6.70222e-12
3.38693e-14
3.38547e-14
6.76914e-12
-1.66755e-14
-1.66851e-14
6.73566e-12
8.29248e-15
8.30308e-15
6.75241e-12
-4.11426e-15
-4.09989e-15
6.74408e-12
2.01933e-15
2.00682e-15
6.74826e-12
-9.48464e-16
-9.58593e-16
6.74625e-12
4.47785e-16
4.56788e-16
6.74723e-12
-2.04684e-16
-2.14932e-16
6.7468e-12
1.04321e-16
1.0645e-16
6.74703e-12
-4.62319e-17
-4.72808e-17
6.74694e-12
3.32315e-17
3.1607e-17
6.747e-12
-2.03045e-17
-1.98962e-17
6.74698e-12
2.1096e-17
2.05837e-17
6.74702e-12
-1.90687e-17
-1.55719e-17
6.747e-12
2.00939e-17
1.7104e-17
6.74702e-12
-2.00239e-17
-1.66545e-17
6.747e-12
1.85409e-17
1.55463e-17
6.74701e-12
-1.9561e-17
-1.64719e-17
6.747e-12
1.74739e-17
1.50846e-17
6.747e-12
-1.10788e-17
-2.02925e-17
6.74699e-12
9.79621e-18
1.81513e-17
6.74699e-12
-1.36715e-17
-1.20881e-17
6.74698e-12
1.3119e-17
1.08317e-17
6.74698e-12
-1.45128e-17
-1.21955e-17
6.74697e-12
1.56925e-17
1.28726e-17
-1.16715e-17
-1.09952e-17
6.13085e-12
-1.96976e-12
-7.74329e-13
6.36472e-12
-1.68549e-13
-6.7353e-14
6.25026e-12
8.24764e-14
3.2831e-14
6.3068e-12
-4.07253e-14
-1.61947e-14
6.27852e-12
2.02865e-14
8.06212e-15
6.29266e-12
-1.00675e-14
-3.98192e-15
6.28563e-12
4.95281e-15
1.95234e-15
6.28917e-12
-2.38815e-15
-9.38478e-16
6.28747e-12
1.13695e-15
4.48316e-16
6.2883e-12
-5.35674e-16
-2.14018e-16
6.28793e-12
2.56178e-16
1.04405e-16
6.28813e-12
-1.2169e-16
-4.72358e-17
6.28805e-12
7.13959e-17
3.02526e-17
6.28811e-12
-4.68758e-17
-1.898e-17
6.28809e-12
4.09242e-17
1.90773e-17
6.28812e-12
-3.7057e-17
-1.42305e-17
6.2881e-12
3.66498e-17
1.539e-17
6.28812e-12
-3.59325e-17
-1.50756e-17
6.2881e-12
3.41782e-17
1.3997e-17
6.28812e-12
-3.46129e-17
-1.49322e-17
6.2881e-12
3.24966e-17
1.37101e-17
6.2881e-12
-2.93367e-17
-1.939e-17
6.28809e-12
2.80706e-17
1.7372e-17
6.2881e-12
-2.41107e-17
-1.10036e-17
6.28808e-12
2.46988e-17
9.61973e-18
6.28808e-12
-2.49124e-17
-1.06936e-17
6.28808e-12
2.78136e-17
1.12524e-17
-2.264e-17
-9.55324e-18
4.769e-12
-1.96115e-12
-6.8781e-13
4.8645e-12
-1.47743e-13
-5.8128e-14
4.81746e-12
7.26452e-14
2.83735e-14
4.84082e-12
-3.59704e-14
-1.40329e-14
4.82916e-12
1.78681e-14
6.99498e-15
4.83498e-12
-8.81432e-15
-3.46416e-15
4.8321e-12
4.29322e-15
1.70988e-15
4.83355e-12
-2.04013e-15
-8.33434e-16
4.83287e-12
9.52693e-16
4.01306e-16
4.8332e-12
-4.41112e-16
-1.97654e-16
4.83307e-12
2.08986e-16
9.37512e-17
4.83315e-12
-1.02714e-16
-4.44993e-17
4.83312e-12
6.81387e-17
2.55116e-17
4.83315e-12
-5.37034e-17
-1.58405e-17
4.83314e-12
5.28628e-17
1.45202e-17
4.83316e-12
-4.98042e-17
-1.05232e-17
4.83314e-12
5.1277e-17
1.10883e-17
4.83317e-12
-5.06733e-17
-1.07815e-17
4.83314e-12
4.9273e-17
1.01608e-17
4.83316e-12
-4.90269e-17
-1.07733e-17
4.83314e-12
4.6212e-17
1.00173e-17
4.83315e-12
-4.70644e-17
-1.44191e-17
4.83314e-12
4.37564e-17
1.30517e-17
4.83315e-12
-3.2976e-17
-8.07406e-18
4.83314e-12
3.18141e-17
6.19471e-18
4.83313e-12
-2.81226e-17
-7.06752e-18
4.83313e-12
2.99549e-17
7.27163e-18
-3.34415e-17
-5.36294e-18
2.20448e-12
-3.81802e-13
2.11917e-12
-3.12094e-14
2.1611e-12
1.53423e-14
2.1404e-12
-7.63089e-15
2.15064e-12
3.80944e-15
2.14564e-12
-1.89263e-15
2.14804e-12
9.34246e-16
2.14694e-12
-4.56234e-16
2.14744e-12
2.16462e-16
2.14722e-12
-1.05043e-16
2.14733e-12
4.67681e-17
2.14728e-12
-2.09625e-17
2.14732e-12
1.04706e-17
2.14728e-12
-5.89221e-18
2.14733e-12
4.51087e-18
2.14729e-12
-3.14818e-18
2.14734e-12
2.76193e-18
2.14729e-12
-2.64299e-18
2.14733e-12
2.16354e-18
2.14729e-12
-2.53696e-18
2.14733e-12
2.13096e-18
2.14728e-12
-4.33382e-18
2.14733e-12
4.72277e-18
2.14729e-12
-1.34222e-18
2.14732e-12
2.76624e-18
2.1473e-12
-3.02168e-18
2.14732e-12
4.48529e-18
-4.10276e-18
2.09841e-12
1.94905e-12
-1.02724e-12
2.00229e-12
1.44954e-13
-8.00327e-14
2.04945e-12
-7.1235e-14
3.93668e-14
2.02615e-12
3.52755e-14
-1.95649e-14
2.03769e-12
-1.75328e-14
9.74418e-15
2.03204e-12
8.65711e-15
-4.83157e-15
2.03476e-12
-4.22611e-15
2.37338e-15
2.0335e-12
2.03613e-15
-1.1482e-15
2.03408e-12
-9.57316e-16
5.45934e-16
2.03382e-12
4.49447e-16
-2.57157e-16
2.03395e-12
-2.09771e-16
1.21764e-16
2.03388e-12
1.09952e-16
-5.85607e-17
2.03394e-12
-6.64705e-17
3.36367e-17
2.03389e-12
5.46143e-17
-2.29695e-17
2.03394e-12
-4.93298e-17
1.96749e-17
2.0339e-12
4.92796e-17
-1.80907e-17
2.03395e-12
-4.87352e-17
1.7689e-17
2.0339e-12
4.85131e-17
-1.73553e-17
2.03394e-12
-4.78539e-17
1.66116e-17
2.0339e-12
4.65829e-17
-1.66515e-17
2.03394e-12
-4.53373e-17
1.58476e-17
2.0339e-12
4.48308e-17
-1.61526e-17
2.03394e-12
-4.19467e-17
1.5554e-17
2.0339e-12
3.21117e-17
-1.15618e-17
2.03393e-12
-2.96558e-17
1.20084e-17
2.03391e-12
2.19343e-17
-1.12425e-17
2.03393e-12
-2.23629e-17
1.27208e-17
3.17123e-17
-1.2211e-17
4.48616e-12
1.94242e-12
-1.76537e-12
4.55278e-12
1.64182e-13
-1.43937e-13
4.51971e-12
-8.03502e-14
7.04298e-14
4.5362e-12
3.97201e-14
-3.48605e-14
4.52799e-12
-1.98268e-14
1.73539e-14
4.53207e-12
9.86178e-15
-8.59758e-15
4.53006e-12
-4.87409e-15
4.22378e-15
4.53108e-12
2.41527e-15
-2.0397e-15
4.53061e-12
-1.16141e-15
9.74645e-16
4.53084e-12
5.61448e-16
-4.60219e-16
4.53074e-12
-2.54762e-16
2.2254e-16
4.53081e-12
1.30767e-16
-1.06471e-16
4.53078e-12
-6.06355e-17
6.35136e-17
4.53081e-12
4.24187e-17
-4.2436e-17
4.5308e-12
-2.68969e-17
3.79886e-17
4.53082e-12
2.69283e-17
-3.31399e-17
4.5308e-12
-2.2439e-17
3.36185e-17
4.53083e-12
2.16816e-17
-3.28163e-17
4.5308e-12
-2.16918e-17
3.16619e-17
4.53082e-12
2.00057e-17
-3.17582e-17
4.5308e-12
-2.11673e-17
3.018e-17
4.53081e-12
2.28293e-17
-3.13813e-17
4.5308e-12
-2.41539e-17
2.88878e-17
4.53081e-12
1.42448e-17
-2.30217e-17
4.5308e-12
-1.64926e-17
2.1542e-17
4.53079e-12
1.16186e-17
-2.17156e-17
4.5308e-12
-1.43815e-17
2.27171e-17
1.65256e-17
-1.91589e-17
5.73823e-12
7.74302e-13
-1.94246e-12
5.93189e-12
6.73698e-14
-1.64167e-13
5.83685e-12
-3.28917e-14
8.02897e-14
5.88389e-12
1.62427e-14
-3.96684e-14
5.86038e-12
-8.1309e-15
1.97534e-14
5.87213e-12
4.0552e-15
-9.78725e-15
5.86629e-12
-2.01509e-15
4.80809e-15
5.86922e-12
1.02777e-15
-2.32183e-15
5.86782e-12
-5.00018e-16
1.10785e-15
5.8685e-12
2.47716e-16
-5.23471e-16
5.8682e-12
-1.0709e-16
2.51734e-16
5.86837e-12
5.7936e-17
-1.20324e-16
5.8683e-12
-2.01443e-17
7.13737e-17
5.86835e-12
1.4707e-17
-4.79667e-17
5.86833e-12
-4.27961e-18
4.2807e-17
5.86836e-12
5.23746e-18
-3.74574e-17
5.86835e-12
-1.80327e-18
3.78075e-17
5.86837e-12
1.31756e-18
-3.69236e-17
5.86835e-12
-2.06412e-18
3.54662e-17
5.86836e-12
5.82264e-19
-3.57469e-17
5.86835e-12
-2.4439e-18
3.38825e-17
5.86835e-12
6.82279e-18
-3.60525e-17
5.86834e-12
-8.59438e-18
3.36351e-17
5.86835e-12
6.87107e-19
-2.55168e-17
5.86833e-12
-2.7041e-18
2.44531e-17
5.86833e-12
-3.79024e-19
-2.4528e-17
5.86833e-12
-7.76587e-19
2.61298e-17
2.74411e-18
-2.22635e-17
6.13085e-12
-7.74332e-13
-1.96976e-12
6.36472e-12
-6.73665e-14
-1.68541e-13
6.25026e-12
3.2845e-14
8.2469e-14
6.3068e-12
-1.61857e-14
-4.07313e-14
6.27852e-12
8.05209e-15
2.02935e-14
6.29266e-12
-3.99559e-15
-1.00606e-14
6.28563e-12
1.96424e-15
4.94682e-15
6.28917e-12
-9.28915e-16
-2.39503e-15
6.28747e-12
4.39843e-16
1.14244e-15
6.2883e-12
-2.04316e-16
-5.41848e-16
6.28793e-12
1.02392e-16
2.57376e-16
6.28813e-12
-4.62727e-17
-1.22378e-16
6.28805e-12
3.17912e-17
7.03788e-17
6.28811e-12
-1.94113e-17
-4.65241e-17
6.28809e-12
1.96078e-17
4.04069e-17
6.28812e-12
-1.75466e-17
-3.5004e-17
6.2881e-12
1.82652e-17
3.47945e-17
6.28812e-12
-1.82679e-17
-3.3908e-17
6.2881e-12
1.68775e-17
3.23389e-17
6.28812e-12
-1.78619e-17
-3.27365e-17
6.2881e-12
1.60154e-17
3.09917e-17
6.2881e-12
-1.07874e-17
-3.41065e-17
6.28809e-12
9.57585e-18
3.23983e-17
6.2881e-12
-1.25348e-17
-2.30831e-17
6.28808e-12
1.17762e-17
2.33695e-17
6.28808e-12
-1.29954e-17
-2.33981e-17
6.28808e-12
1.40232e-17
2.60168e-17
-1.00543e-17
-2.23238e-17
5.73823e-12
-1.94244e-12
-1.94244e-12
5.93189e-12
-1.64178e-13
-1.64171e-13
5.83685e-12
8.0312e-14
8.03046e-14
5.88389e-12
-3.96812e-14
-3.96871e-14
5.86038e-12
1.97716e-14
1.97782e-14
5.87213e-12
-9.81572e-15
-9.80872e-15
5.86629e-12
4.83789e-15
4.83182e-15
5.86922e-12
-2.34263e-15
-2.3491e-15
5.86782e-12
1.11838e-15
1.12362e-15
5.8685e-12
-5.33402e-16
-5.39338e-16
5.8682e-12
2.52929e-16
2.5408e-16
5.86837e-12
-1.21984e-16
-1.22584e-16
5.8683e-12
6.95492e-17
6.85644e-17
5.86835e-12
-4.56632e-17
-4.52923e-17
5.86833e-12
3.90683e-17
3.85461e-17
5.86836e-12
-3.48649e-17
-3.28635e-17
5.86835e-12
3.43533e-17
3.2507e-17
5.86837e-12
-3.36137e-17
-3.16389e-17
5.86835e-12
3.21772e-17
3.0338e-17
5.86836e-12
-3.24666e-17
-3.06398e-17
5.86835e-12
3.05962e-17
2.90892e-17
5.86835e-12
-2.79178e-17
-3.2669e-17
5.86834e-12
2.65891e-17
3.09264e-17
5.86835e-12
-2.27621e-17
-2.17285e-17
5.86833e-12
2.22205e-17
2.09165e-17
5.86833e-12
-2.24249e-17
-2.09587e-17
5.86833e-12
2.46486e-17
2.29287e-17
-1.9418e-17
-1.91675e-17
4.48616e-12
-1.94907e-12
-1.76536e-12
4.55278e-12
-1.44945e-13
-1.43938e-13
4.51971e-12
7.11976e-14
7.04384e-14
4.5362e-12
-3.52438e-14
-3.48729e-14
4.52799e-12
1.74892e-14
1.737e-14
4.53207e-12
-8.61222e-15
-8.61017e-15
4.53006e-12
4.18713e-15
4.23794e-15
4.53108e-12
-1.98227e-15
-2.05734e-15
4.53061e-12
9.28743e-16
9.85298e-16
4.53084e-12
-4.28573e-16
-4.70963e-16
4.53074e-12
2.09687e-16
2.23882e-16
4.53081e-12
-1.05512e-16
-1.07701e-16
4.53078e-12
7.37081e-17
6.13099e-17
4.53081e-12
-5.93114e-17
-4.04709e-17
4.5308e-12
6.00824e-17
3.48831e-17
4.53082e-12
-5.63252e-17
-2.96855e-17
4.5308e-12
5.91115e-17
2.96516e-17
4.53083e-12
-5.84437e-17
-2.8829e-17
4.5308e-12
5.73593e-17
2.77776e-17
4.53082e-12
-5.68313e-17
-2.79155e-17
4.5308e-12
5.40597e-17
2.65801e-17
4.53081e-12
-5.44567e-17
-2.9589e-17
4.5308e-12
4.89891e-17
2.76342e-17
4.53081e-12
-3.98245e-17
-2.00547e-17
4.5308e-12
3.44043e-17
1.8966e-17
4.53079e-12
-3.0423e-17
-1.95342e-17
4.5308e-12
2.92527e-17
2.09893e-17
-3.29999e-17
-1.65663e-17
2.09841e-12
-1.02724e-12
2.00229e-12
-8.00362e-14
2.04945e-12
3.93718e-14
2.02615e-12
-1.95707e-14
2.03769e-12
9.75196e-15
2.03204e-12
-4.83817e-15
2.03476e-12
2.38111e-15
2.0335e-12
-1.15616e-15
2.03408e-12
5.51243e-16
2.03382e-12
-2.62441e-16
2.03395e-12
1.23369e-16
2.03388e-12
-5.98819e-17
2.03394e-12
3.35086e-17
2.03389e-12
-2.28235e-17
2.03394e-12
1.92937e-17
2.0339e-12
-1.73242e-17
2.03395e-12
1.69297e-17
2.0339e-12
-1.6549e-17
2.03394e-12
1.59122e-17
2.0339e-12
-1.59351e-17
2.03394e-12
1.52151e-17
2.0339e-12
-1.62708e-17
2.03394e-12
1.56671e-17
2.0339e-12
-1.12161e-17
2.03393e-12
1.1218e-17
2.03391e-12
-1.05269e-17
2.03393e-12
1.15015e-17
-1.10498e-17
1.74442e-12
1.84932e-12
-1.21895e-12
1.61266e-12
1.30934e-13
-7.92013e-14
1.67728e-12
-6.43124e-14
3.90259e-14
1.64526e-12
3.18785e-14
-1.94038e-14
1.66116e-12
-1.58397e-14
9.64585e-15
1.65332e-12
7.81984e-15
-4.76788e-15
1.65714e-12
-3.81943e-15
2.33431e-15
1.65533e-12
1.83964e-15
-1.11901e-15
1.65618e-12
-8.68633e-16
5.31919e-16
1.65579e-12
4.07753e-16
-2.49031e-16
1.65598e-12
-1.92654e-16
1.20969e-16
1.65588e-12
1.00621e-16
-5.87842e-17
1.65595e-12
-6.14419e-17
3.72226e-17
1.6559e-12
4.96104e-17
-2.67047e-17
1.65595e-12
-4.51513e-17
2.53358e-17
1.6559e-12
4.44639e-17
-2.27515e-17
1.65595e-12
-4.44042e-17
2.35398e-17
1.6559e-12
4.41408e-17
-2.31126e-17
1.65595e-12
-4.36665e-17
2.25088e-17
1.6559e-12
4.24668e-17
-2.24109e-17
1.65595e-12
-4.12469e-17
2.12369e-17
1.6559e-12
4.05567e-17
-2.16076e-17
1.65594e-12
-3.72858e-17
1.94358e-17
1.65591e-12
2.97692e-17
-1.60401e-17
1.65594e-12
-2.64311e-17
1.42517e-17
1.65591e-12
1.95977e-17
-1.32257e-17
1.65594e-12
-1.91165e-17
1.31958e-17
2.88555e-17
-1.45492e-17
3.56993e-12
1.76535e-12
-1.84933e-12
3.54393e-12
1.43948e-13
-1.30927e-13
3.55615e-12
-7.04733e-14
6.42836e-14
3.55019e-12
3.48974e-14
-3.18551e-14
3.55321e-12
-1.74079e-14
1.58056e-14
3.55167e-12
8.65234e-15
-7.78423e-15
3.55247e-12
-4.2735e-15
3.78701e-15
3.55208e-12
2.10998e-15
-1.79477e-15
3.55229e-12
-1.01634e-15
8.42514e-16
3.55219e-12
4.89499e-16
-3.8978e-16
3.55225e-12
-2.26099e-16
1.91065e-16
3.55224e-12
1.15516e-16
-9.52859e-17
3.55224e-12
-5.64097e-17
6.64021e-17
3.55226e-12
3.91988e-17
-5.22377e-17
3.55225e-12
-2.69127e-17
5.29192e-17
3.55227e-12
2.6192e-17
-4.92093e-17
3.55225e-12
-2.30493e-17
5.16487e-17
3.55227e-12
2.24327e-17
-5.11596e-17
3.55225e-12
-2.23276e-17
5.00838e-17
3.55227e-12
2.1012e-17
-4.97686e-17
3.55225e-12
-2.1575e-17
4.72092e-17
3.55226e-12
2.25892e-17
-4.75088e-17
3.55225e-12
-2.2662e-17
4.2541e-17
3.55226e-12
1.53864e-17
-3.50032e-17
3.55225e-12
-1.58205e-17
3.02602e-17
3.55224e-12
1.14081e-17
-2.71708e-17
3.55225e-12
-1.26081e-17
2.62114e-17
1.62358e-17
-2.86623e-17
4.48616e-12
6.87793e-13
-1.94907e-12
4.55278e-12
5.8133e-14
-1.44945e-13
4.51971e-12
-2.84038e-14
7.1202e-14
4.5362e-12
1.40526e-14
-3.5249e-14
4.52799e-12
-7.02497e-15
1.7494e-14
4.53207e-12
3.49943e-15
-8.61616e-15
4.53006e-12
-1.73577e-15
4.18956e-15
4.53108e-12
8.77041e-16
-1.98569e-15
4.53061e-12
-4.26753e-16
9.28763e-16
4.53084e-12
2.09198e-16
-4.29426e-16
4.53074e-12
-9.3042e-17
2.07902e-16
4.53081e-12
4.95733e-17
-1.03845e-16
4.53078e-12
-1.94539e-17
7.17222e-17
4.53081e-12
1.39482e-17
-5.73181e-17
4.5308e-12
-6.07754e-18
5.76682e-17
4.53082e-12
6.49924e-18
-5.4215e-17
4.5308e-12
-4.11202e-18
5.64682e-17
4.53083e-12
3.70262e-18
-5.59718e-17
4.5308e-12
-4.22569e-18
5.46612e-17
4.53082e-12
3.07914e-18
-5.4379e-17
4.5308e-12
-4.30641e-18
5.14993e-17
4.53081e-12
7.1868e-18
-5.25116e-17
4.5308e-12
-8.1181e-18
4.77294e-17
4.53081e-12
2.54603e-18
-3.74823e-17
4.5308e-12
-3.58648e-18
3.35826e-17
4.53079e-12
9.13523e-19
-2.98433e-17
4.5308e-12
-1.33679e-18
2.96231e-17
4.05903e-18
-3.28029e-17
4.769e-12
-6.87812e-13
-1.96115e-12
4.8645e-12
-5.81374e-14
-1.47741e-13
4.81746e-12
2.83832e-14
7.26426e-14
4.84082e-12
-1.40264e-14
-3.59713e-14
4.82916e-12
6.98754e-15
1.7869e-14
4.83498e-12
-3.47361e-15
-8.81186e-15
4.8321e-12
1.71788e-15
4.29094e-15
4.83355e-12
-8.26135e-16
-2.04086e-15
4.83287e-12
3.94895e-16
9.53517e-16
4.8332e-12
-1.90258e-16
-4.42029e-16
4.83307e-12
9.21572e-17
2.0916e-16
4.83315e-12
-4.3653e-17
-1.02721e-16
4.83312e-12
2.65752e-17
6.79361e-17
4.83315e-12
-1.61065e-17
-5.35997e-17
4.83314e-12
1.49177e-17
5.28347e-17
4.83316e-12
-1.28955e-17
-4.93737e-17
4.83314e-12
1.31932e-17
5.09655e-17
4.83317e-12
-1.30815e-17
-5.02885e-17
4.83314e-12
1.22635e-17
4.89602e-17
4.83316e-12
-1.2879e-17
-4.86668e-17
4.83314e-12
1.16989e-17
4.6015e-17
4.83315e-12
-8.10537e-18
-4.79377e-17
4.83314e-12
7.2746e-18
4.44229e-17
4.83315e-12
-9.19869e-18
-3.291e-17
4.83314e-12
7.72218e-18
3.157e-17
4.83313e-12
-9.12882e-18
-2.79311e-17
4.83313e-12
9.7521e-18
2.97157e-17
-5.06684e-18
-3.33383e-17
4.48616e-12
-1.76536e-12
-1.94907e-12
4.55278e-12
-1.43943e-13
-1.44942e-13
4.51971e-12
7.04436e-14
7.1195e-14
4.5362e-12
-3.48689e-14
-3.52456e-14
4.52799e-12
1.73653e-14
1.74912e-14
4.53207e-12
-8.61509e-15
-8.60976e-15
4.53006e-12
4.24205e-15
4.18482e-15
4.53108e-12
-2.05267e-15
-1.98399e-15
4.53061e-12
9.81432e-16
9.30154e-16
4.53084e-12
-4.66533e-16
-4.30158e-16
4.53074e-12
2.22962e-16
2.09943e-16
4.53081e-12
-1.07173e-16
-1.05579e-16
4.53078e-12
6.19657e-17
7.33671e-17
4.53081e-12
-4.06762e-17
-5.91335e-17
4.5308e-12
3.52056e-17
5.98975e-17
4.53082e-12
-3.10922e-17
-5.56832e-17
4.5308e-12
3.09327e-17
5.85299e-17
4.53083e-12
-3.02132e-17
-5.78148e-17
4.5308e-12
2.905e-17
5.67746e-17
4.53082e-12
-2.91921e-17
-5.62442e-17
4.5308e-12
2.76102e-17
5.3588e-17
4.53081e-12
-2.61525e-17
-5.5839e-17
4.5308e-12
2.44839e-17
5.02172e-17
4.53081e-12
-2.07476e-17
-3.95177e-17
4.5308e-12
1.98572e-17
3.39867e-17
4.53079e-12
-2.0829e-17
-3.01472e-17
4.5308e-12
2.25325e-17
2.89484e-17
-1.62995e-17
-3.26849e-17
3.56993e-12
-1.84932e-12
-1.84932e-12
3.54393e-12
-1.30925e-13
-1.30924e-13
3.55615e-12
6.42857e-14
6.42843e-14
3.55019e-12
-3.18568e-14
-3.18582e-14
3.55321e-12
1.58077e-14
1.58094e-14
3.55167e-12
-7.78681e-15
-7.78546e-15
3.55247e-12
3.78879e-15
3.78759e-15
3.55208e-12
-1.79852e-15
-1.80011e-15
3.55229e-12
8.44751e-16
8.45976e-16
3.55219e-12
-3.90509e-16
-3.91912e-16
3.55225e-12
1.90258e-16
1.90532e-16
3.55224e-12
-9.50501e-17
-9.52135e-17
3.55224e-12
6.51044e-17
6.48798e-17
3.55226e-12
-5.14093e-17
-5.13423e-17
3.55225e-12
5.13573e-17
5.12352e-17
3.55227e-12
-4.80412e-17
-4.75994e-17
3.55225e-12
5.01478e-17
4.97261e-17
3.55227e-12
-4.95983e-17
-4.91528e-17
3.55225e-12
4.86601e-17
4.82393e-17
3.55227e-12
-4.81415e-17
-4.77327e-17
3.55225e-12
4.57748e-17
4.54059e-17
3.55226e-12
-4.59939e-17
-4.71696e-17
3.55225e-12
4.13529e-17
4.24776e-17
3.55226e-12
-3.36613e-17
-3.33942e-17
3.55225e-12
2.95672e-17
2.9264e-17
3.55224e-12
-2.66819e-17
-2.64213e-17
3.55225e-12
2.62483e-17
2.59507e-17
-2.81116e-17
-2.78618e-17
1.74442e-12
-1.21895e-12
1.61266e-12
-7.92036e-14
1.67728e-12
3.90333e-14
1.64526e-12
-1.94094e-14
1.66116e-12
9.65363e-15
1.65332e-12
-4.77641e-15
1.65714e-12
2.34122e-15
1.65533e-12
-1.12831e-15
1.65618e-12
5.3661e-16
1.65579e-12
-2.52647e-16
1.65598e-12
1.21071e-16
1.65588e-12
-5.97189e-17
1.65595e-12
3.61225e-17
1.6559e-12
-2.61696e-17
1.65595e-12
2.37328e-17
1.6559e-12
-2.18136e-17
1.65595e-12
2.2034e-17
1.6559e-12
-2.1668e-17
1.65595e-12
2.11519e-17
1.6559e-12
-2.09253e-17
1.65595e-12
1.9999e-17
1.6559e-12
-2.03573e-17
1.65594e-12
1.87568e-17
1.65591e-12
-1.48266e-17
1.65594e-12
1.36016e-17
1.65591e-12
-1.25918e-17
1.65594e-12
1.28315e-17
-1.27933e-17
9.64144e-13
1.21894e-12
8.05736e-13
7.9208e-14
8.83803e-13
-3.90481e-14
8.44984e-13
1.94205e-14
8.64291e-13
-9.66945e-15
8.54738e-13
4.79401e-15
8.59421e-13
-2.3559e-15
8.57164e-13
1.14801e-15
8.58237e-13
-5.46688e-16
8.57732e-13
2.59898e-16
8.57974e-13
-1.21248e-16
8.57855e-13
6.17741e-17
8.57927e-13
-3.38474e-17
8.57875e-13
2.49123e-17
8.57922e-13
-2.01555e-17
8.57879e-13
1.99335e-17
8.57923e-13
-1.88706e-17
8.5788e-13
1.87019e-17
8.57922e-13
-1.83346e-17
8.5788e-13
1.78256e-17
8.5792e-13
-1.74458e-17
8.5788e-13
1.68949e-17
8.57917e-13
-1.63394e-17
8.57887e-13
1.24064e-17
8.57914e-13
-1.22082e-17
8.57889e-13
1.02142e-17
8.57915e-13
-1.09738e-17
1.11975e-17
1.74442e-12
1.02723e-12
1.61266e-12
8.00384e-14
1.67728e-12
-3.93881e-14
1.64526e-12
1.95832e-14
1.66116e-12
-9.76959e-15
1.65332e-12
4.85749e-15
1.65714e-12
-2.3961e-15
1.65533e-12
1.17975e-15
1.65618e-12
-5.63798e-16
1.65579e-12
2.6998e-16
1.65598e-12
-1.22598e-16
1.65588e-12
6.18268e-17
1.65595e-12
-2.98352e-17
1.6559e-12
2.09004e-17
1.65595e-12
-1.41206e-17
1.6559e-12
1.43672e-17
1.65595e-12
-1.23023e-17
1.6559e-12
1.20298e-17
1.65595e-12
-1.17454e-17
1.6559e-12
1.11789e-17
1.65595e-12
-1.12942e-17
1.6559e-12
1.16563e-17
1.65594e-12
-1.24358e-17
1.65591e-12
7.4673e-18
1.65594e-12
-9.22959e-18
1.65591e-12
7.59757e-18
1.65594e-12
-9.5784e-18
9.03114e-18
2.09841e-12
3.81795e-13
2.00229e-12
3.12088e-14
2.04945e-12
-1.535e-14
2.02615e-12
7.63495e-15
2.03769e-12
-3.81793e-15
2.03204e-12
1.90281e-15
2.03476e-12
-9.41213e-16
2.0335e-12
4.71629e-16
2.03408e-12
-2.2648e-16
2.03382e-12
1.09089e-16
2.03395e-12
-4.74056e-17
2.03388e-12
2.4168e-17
2.03394e-12
-9.19765e-18
2.03389e-12
6.46522e-18
2.03394e-12
-2.53903e-18
2.0339e-12
2.96637e-18
2.03395e-12
-1.62312e-18
2.0339e-12
1.39381e-18
2.03394e-12
-1.50633e-18
2.0339e-12
1.00436e-18
2.03394e-12
-1.51846e-18
2.0339e-12
2.83491e-18
2.03394e-12
-3.73424e-18
2.0339e-12
5.4303e-19
2.03393e-12
-2.15985e-18
2.03391e-12
1.3595e-18
2.03393e-12
-2.75813e-18
2.57975e-18
2.20448e-12
-3.81803e-13
2.11917e-12
-3.12132e-14
2.1611e-12
1.53462e-14
2.1404e-12
-7.62775e-15
2.15064e-12
3.80583e-15
2.14564e-12
-1.89646e-15
2.14804e-12
9.37639e-16
2.14694e-12
-4.52777e-16
2.14744e-12
2.13586e-16
2.14722e-12
-1.01767e-16
2.14733e-12
4.60898e-17
2.14728e-12
-2.05891e-17
2.14732e-12
1.09767e-17
2.14728e-12
-6.00394e-18
2.14733e-12
4.70515e-18
2.14729e-12
-4.20134e-18
2.14734e-12
3.71957e-18
2.14729e-12
-3.67817e-18
2.14733e-12
3.11964e-18
2.14729e-12
-3.4831e-18
2.14733e-12
2.93743e-18
2.14728e-12
-1.43484e-18
2.14733e-12
2.00601e-18
2.14729e-12
-1.89762e-18
2.14732e-12
3.48371e-18
2.1473e-12
-3.57771e-18
2.14732e-12
5.14746e-18
-4.73292e-18
2.09841e-12
-1.02725e-12
2.00229e-12
-8.00375e-14
2.04945e-12
3.93731e-14
2.02615e-12
-1.95692e-14
2.03769e-12
9.75019e-15
2.03204e-12
-4.83954e-15
2.03476e-12
2.38218e-15
2.0335e-12
-1.15431e-15
2.03408e-12
5.49702e-16
2.03382e-12
-2.60669e-16
2.03395e-12
1.22933e-16
2.03388e-12
-5.95628e-17
2.03394e-12
3.36872e-17
2.03389e-12
-2.27653e-17
2.03394e-12
1.93183e-17
2.0339e-12
-1.77582e-17
2.03395e-12
1.73315e-17
2.0339e-12
-1.69805e-17
2.03394e-12
1.63084e-17
2.0339e-12
-1.6318e-17
2.03394e-12
1.55725e-17
2.0339e-12
-1.47266e-17
2.03394e-12
1.41505e-17
2.0339e-12
-1.1481e-17
2.03393e-12
1.15322e-17
2.03391e-12
-1.08317e-17
2.03393e-12
1.18869e-17
-1.13634e-17
1.74442e-12
-1.21895e-12
1.61266e-12
-7.92035e-14
1.67728e-12
3.90332e-14
1.64526e-12
-1.94094e-14
1.66116e-12
9.65352e-15
1.65332e-12
-4.77643e-15
1.65714e-12
2.34109e-15
1.65533e-12
-1.12805e-15
1.65618e-12
5.36293e-16
1.65579e-12
-2.52277e-16
1.65598e-12
1.20908e-16
1.65588e-12
-5.95632e-17
1.65595e-12
3.60765e-17
1.6559e-12
-2.60445e-17
1.65595e-12
2.36354e-17
1.6559e-12
-2.1806e-17
1.65595e-12
2.20144e-17
1.6559e-12
-2.16542e-17
1.65595e-12
2.11276e-17
1.6559e-12
-2.08996e-17
1.65595e-12
1.99877e-17
1.6559e-12
-1.99889e-17
1.65594e-12
1.83647e-17
1.65591e-12
-1.48242e-17
1.65594e-12
1.36127e-17
1.65591e-12
-1.26362e-17
1.65594e-12
1.29194e-17
-1.28574e-17
9.64144e-13
8.05736e-13
8.83803e-13
8.44984e-13
8.64291e-13
8.54738e-13
8.59421e-13
8.57164e-13
8.58237e-13
8.57732e-13
8.57974e-13
8.57855e-13
8.57927e-13
8.57875e-13
8.57922e-13
8.57879e-13
8.57923e-13
8.5788e-13
8.57922e-13
8.5788e-13
8.5792e-13
8.5788e-13
8.57917e-13
8.57887e-13
8.57914e-13
8.57889e-13
8.57915e-13
)
;

boundaryField
{
    inlet
    {
        type            calculated;
        value           nonuniform List<scalar> 
49
(
-3.40204e-12
-3.40204e-12
-3.40204e-12
-3.40204e-12
-3.40204e-12
-3.40204e-12
-3.40204e-12
-3.40204e-12
-3.40204e-12
-3.40204e-12
-3.40204e-12
-3.40204e-12
-3.40204e-12
-3.40204e-12
-3.40204e-12
-3.40204e-12
-3.40204e-12
-3.40204e-12
-3.40204e-12
-3.40204e-12
-3.40204e-12
-3.40204e-12
-3.40204e-12
-3.40204e-12
-3.40204e-12
-3.40204e-12
-3.40204e-12
-3.40204e-12
-3.40204e-12
-3.40204e-12
-3.40204e-12
-3.40204e-12
-3.40204e-12
-3.40204e-12
-3.40204e-12
-3.40204e-12
-3.40204e-12
-3.40204e-12
-3.40204e-12
-3.40204e-12
-3.40204e-12
-3.40204e-12
-3.40204e-12
-3.40204e-12
-3.40204e-12
-3.40204e-12
-3.40204e-12
-3.40204e-12
-3.40204e-12
)
;
    }
    outlet
    {
        type            calculated;
        value           nonuniform List<scalar> 
49
(
8.57889e-13
1.65591e-12
2.03391e-12
2.14729e-12
2.03391e-12
1.65591e-12
8.57889e-13
1.65591e-12
3.55227e-12
4.53082e-12
4.83316e-12
4.53082e-12
3.55227e-12
1.65591e-12
2.03391e-12
4.53082e-12
5.86835e-12
6.2881e-12
5.86835e-12
4.53082e-12
2.03391e-12
2.14729e-12
4.83316e-12
6.2881e-12
6.74699e-12
6.2881e-12
4.83316e-12
2.14729e-12
2.03391e-12
4.53082e-12
5.86835e-12
6.2881e-12
5.86835e-12
4.53082e-12
2.03391e-12
1.65591e-12
3.55227e-12
4.53082e-12
4.83316e-12
4.53082e-12
3.55227e-12
1.65591e-12
8.57889e-13
1.65591e-12
2.03391e-12
2.14729e-12
2.03391e-12
1.65591e-12
8.57889e-13
)
;
    }
    Walls
    {
        type            calculated;
        value           uniform 0;
    }
}


// ************************************************************************* //
