/*--------------------------------*- C++ -*----------------------------------*\
  =========                 |
  \\      /  F ield         | OpenFOAM: The Open Source CFD Toolbox
   \\    /   O peration     | Website:  https://openfoam.org
    \\  /    A nd           | Version:  13
     \\/     M anipulation  |
\*---------------------------------------------------------------------------*/
FoamFile
{
    format      ascii;
    class       volVectorField;
    location    "33";
    object      U;
}
// * * * * * * * * * * * * * * * * * * * * * * * * * * * * * * * * * * * * * //

dimensions      [0 1 -1 0 0 0 0];

internalField   nonuniform List<vector> 
1372
(
(0.00318131 6.9875e-05 6.9875e-05)
(0.00473242 5.62822e-06 5.62819e-06)
(0.00393829 -2.80269e-06 -2.80268e-06)
(0.00433621 1.39649e-06 1.39652e-06)
(0.00413746 -6.95272e-07 -6.95311e-07)
(0.00423667 3.44862e-07 3.44864e-07)
(0.00418727 -1.69886e-07 -1.69879e-07)
(0.00421173 8.29108e-08 8.29421e-08)
(0.0041998 -3.98464e-08 -3.98353e-08)
(0.00420551 1.90397e-08 1.9039e-08)
(0.00420285 -9.03969e-09 -9.02919e-09)
(0.00420405 4.57878e-09 4.57136e-09)
(0.00420356 -2.52172e-09 -2.51648e-09)
(0.00420375 1.77256e-09 1.75785e-09)
(0.00420369 -1.44096e-09 -1.42689e-09)
(0.00420371 1.35721e-09 1.35273e-09)
(0.00420372 -1.3088e-09 -1.2996e-09)
(0.00420372 1.28917e-09 1.28403e-09)
(0.00420371 -1.27401e-09 -1.26519e-09)
(0.00420372 1.23483e-09 1.22871e-09)
(0.0042037 -1.21149e-09 -1.20644e-09)
(0.00420372 1.16331e-09 1.129e-09)
(0.00420368 -1.07737e-09 -1.03925e-09)
(0.00420374 9.13316e-10 9.11584e-10)
(0.00420369 -8.02413e-10 -8.00633e-10)
(0.00420373 7.11609e-10 7.08753e-10)
(0.00420371 -6.92609e-10 -6.95952e-10)
(0.00420372 6.98304e-10 6.99383e-10)
(0.00612713 0.000123161 0.000106124)
(0.00912798 8.55905e-06 1.00456e-05)
(0.00760486 -4.20151e-06 -4.98398e-06)
(0.00836818 2.08733e-06 2.47464e-06)
(0.00798696 -1.04007e-06 -1.22717e-06)
(0.00817716 5.16041e-07 6.04632e-07)
(0.00808255 -2.53952e-07 -2.95826e-07)
(0.00812933 1.24248e-07 1.42908e-07)
(0.00810657 -5.92557e-08 -6.87835e-08)
(0.00811743 2.83613e-08 3.29095e-08)
(0.0081124 -1.3022e-08 -1.65891e-08)
(0.00811468 6.62347e-09 9.09507e-09)
(0.00811375 -3.44771e-09 -5.89717e-09)
(0.00811411 2.52934e-09 4.63851e-09)
(0.00811401 -1.95585e-09 -4.35495e-09)
(0.00811404 1.89516e-09 4.14453e-09)
(0.00811405 -1.76651e-09 -4.25118e-09)
(0.00811405 1.72269e-09 4.26479e-09)
(0.00811404 -1.70506e-09 -4.26878e-09)
(0.00811406 1.63525e-09 4.14277e-09)
(0.00811401 -1.62792e-09 -4.06008e-09)
(0.00811407 1.69994e-09 3.79647e-09)
(0.00811397 -1.6921e-09 -3.20363e-09)
(0.0081141 1.12686e-09 3.16397e-09)
(0.00811399 -1.17011e-09 -2.21396e-09)
(0.00811407 9.59406e-10 1.87731e-09)
(0.00811403 -1.07576e-09 -1.3382e-09)
(0.00811404 1.13342e-09 1.3079e-09)
(0.00751707 7.82615e-05 0.000103459)
(0.0112079 6.14443e-06 1.09561e-05)
(0.00934303 -3.01831e-06 -5.44255e-06)
(0.0102772 1.50061e-06 2.70229e-06)
(0.00981067 -7.50377e-07 -1.34023e-06)
(0.0100434 3.74015e-07 6.60462e-07)
(0.00992772 -1.85286e-07 -3.22992e-07)
(0.00998482 9.28035e-08 1.56161e-07)
(0.00995711 -4.44693e-08 -7.49099e-08)
(0.00997031 2.17855e-08 3.58638e-08)
(0.00996423 -9.36259e-09 -1.77893e-08)
(0.00996697 4.7867e-09 9.78474e-09)
(0.00996586 -1.84905e-09 -6.19436e-09)
(0.00996629 1.27289e-09 4.91483e-09)
(0.00996617 -5.51651e-10 -4.50134e-09)
(0.00996621 5.95676e-10 4.36057e-09)
(0.00996623 -3.4276e-10 -4.41751e-09)
(0.00996622 3.05706e-10 4.42496e-09)
(0.00996621 -3.13584e-10 -4.43304e-09)
(0.00996624 2.46872e-10 4.283e-09)
(0.00996618 -3.28747e-10 -4.19406e-09)
(0.00996625 5.78332e-10 3.8593e-09)
(0.00996612 -7.62515e-10 -3.32062e-09)
(0.00996629 1.17329e-10 3.17277e-09)
(0.00996613 -4.05017e-10 -2.3518e-09)
(0.00996625 2.55211e-10 1.97332e-09)
(0.00996618 -4.9618e-10 -1.51739e-09)
(0.0099662 4.66678e-10 1.43535e-09)
(0.00793319 -1.11163e-09 0.000101087)
(0.0118315 -4.16636e-12 1.10402e-05)
(0.00986471 -1.25312e-09 -5.48937e-06)
(0.0108497 2.05497e-09 2.72683e-06)
(0.0103578 -2.75026e-09 -1.35313e-06)
(0.0106032 1.82062e-09 6.6718e-07)
(0.0104812 -1.69445e-09 -3.2626e-07)
(0.0105414 3.17221e-09 1.5786e-07)
(0.0105122 -1.88604e-09 -7.55062e-08)
(0.0105261 1.59175e-09 3.60599e-08)
(0.0105197 -2.02277e-10 -1.76582e-08)
(0.0105226 3.10402e-10 9.60571e-09)
(0.0105215 3.56798e-10 -5.96529e-09)
(0.0105219 -2.22934e-10 4.69683e-09)
(0.0105218 4.80819e-10 -4.23112e-09)
(0.0105218 -4.5951e-10 4.14041e-09)
(0.0105218 5.77729e-10 -4.15024e-09)
(0.0105218 -5.74026e-10 4.15936e-09)
(0.0105218 5.37709e-10 -4.14954e-09)
(0.0105219 -5.71233e-10 4.01096e-09)
(0.0105218 4.7561e-10 -3.92208e-09)
(0.0105219 -9.54885e-11 3.52883e-09)
(0.0105217 3.23324e-11 -3.06493e-09)
(0.0105219 -3.80327e-10 2.92128e-09)
(0.0105217 3.33952e-10 -2.27884e-09)
(0.0105219 -3.9066e-10 1.90591e-09)
(0.0105218 3.71905e-10 -1.5841e-09)
(0.0105218 -3.52127e-10 1.51203e-09)
(0.00751707 -7.82625e-05 0.000103456)
(0.0112079 -6.144e-06 1.09555e-05)
(0.00934303 3.01548e-06 -5.4421e-06)
(0.0102772 -1.49684e-06 2.70229e-06)
(0.00981067 7.45419e-07 -1.3402e-06)
(0.0100434 -3.70352e-07 6.60249e-07)
(0.00992772 1.81971e-07 -3.22627e-07)
(0.00998482 -8.71137e-08 1.56014e-07)
(0.00995711 4.11747e-08 -7.4705e-08)
(0.00997031 -1.90408e-08 3.56462e-08)
(0.00996423 9.10554e-09 -1.76689e-08)
(0.00996697 -4.26994e-09 9.62756e-09)
(0.00996586 2.55295e-09 -6.1182e-09)
(0.00996629 -1.70683e-09 4.79562e-09)
(0.00996617 1.49057e-09 -4.40897e-09)
(0.00996621 -1.43972e-09 4.28031e-09)
(0.00996623 1.41685e-09 -4.32004e-09)
(0.00996622 -1.38257e-09 4.34561e-09)
(0.00996621 1.31591e-09 -4.32784e-09)
(0.00996624 -1.32262e-09 4.19402e-09)
(0.00996618 1.23252e-09 -4.12176e-09)
(0.00996625 -9.12902e-10 3.60498e-09)
(0.00996612 9.25799e-10 -3.04175e-09)
(0.00996629 -8.75372e-10 3.13471e-09)
(0.00996613 1.00453e-09 -2.3271e-09)
(0.00996625 -9.55848e-10 1.92723e-09)
(0.00996618 1.12694e-09 -1.52717e-09)
(0.0099662 -1.08838e-09 1.44246e-09)
(0.00612713 -0.000123161 0.000106123)
(0.00912798 -8.55813e-06 1.00452e-05)
(0.00760486 4.19894e-06 -4.98416e-06)
(0.00836818 -2.08504e-06 2.47501e-06)
(0.00798696 1.03702e-06 -1.22745e-06)
(0.00817716 -5.13097e-07 6.05e-07)
(0.00808255 2.51346e-07 -2.95804e-07)
(0.00812933 -1.20664e-07 1.43053e-07)
(0.00810657 5.72611e-08 -6.85443e-08)
(0.00811743 -2.67905e-08 3.26656e-08)
(0.0081124 1.29154e-08 -1.6217e-08)
(0.00811468 -6.26577e-09 8.78319e-09)
(0.00811375 3.88243e-09 -5.57445e-09)
(0.00811411 -2.77369e-09 4.33336e-09)
(0.00811401 2.57291e-09 -3.98801e-09)
(0.00811404 -2.34667e-09 3.85364e-09)
(0.00811405 2.39417e-09 -3.90073e-09)
(0.00811405 -2.34839e-09 3.91193e-09)
(0.00811404 2.28082e-09 -3.90567e-09)
(0.00811406 -2.26906e-09 3.77754e-09)
(0.00811401 2.16029e-09 -3.72506e-09)
(0.00811407 -2.12579e-09 3.22744e-09)
(0.00811397 1.95109e-09 -2.72116e-09)
(0.0081141 -1.60762e-09 2.84934e-09)
(0.00811399 1.49783e-09 -2.09353e-09)
(0.00811407 -1.38276e-09 1.74323e-09)
(0.00811403 1.43862e-09 -1.36885e-09)
(0.00811404 -1.50015e-09 1.31487e-09)
(0.00318131 -6.9876e-05 6.98757e-05)
(0.00473242 -5.62782e-06 5.62835e-06)
(0.00393829 2.80172e-06 -2.80305e-06)
(0.00433621 -1.39592e-06 1.39661e-06)
(0.00413746 6.94412e-07 -6.95449e-07)
(0.00423667 -3.43729e-07 3.45273e-07)
(0.00418727 1.68866e-07 -1.70155e-07)
(0.00421173 -8.17709e-08 8.3109e-08)
(0.0041998 3.92269e-08 -3.98399e-08)
(0.00420551 -1.85732e-08 1.90021e-08)
(0.00420285 8.98178e-09 -8.97808e-09)
(0.00420405 -4.41268e-09 4.56557e-09)
(0.00420356 2.61353e-09 -2.47789e-09)
(0.00420375 -1.8039e-09 1.73374e-09)
(0.00420369 1.60499e-09 -1.36322e-09)
(0.00420371 -1.42838e-09 1.34772e-09)
(0.00420372 1.44768e-09 -1.26557e-09)
(0.00420372 -1.41928e-09 1.25694e-09)
(0.00420371 1.39126e-09 -1.23468e-09)
(0.00420372 -1.3711e-09 1.19652e-09)
(0.0042037 1.31997e-09 -1.1766e-09)
(0.00420372 -1.34829e-09 9.90242e-10)
(0.00420368 1.19941e-09 -9.38544e-10)
(0.00420374 -1.02262e-09 8.70183e-10)
(0.00420369 8.6818e-10 -8.05934e-10)
(0.00420373 -8.14612e-10 7.02863e-10)
(0.00420371 7.86522e-10 -7.19026e-10)
(0.00420372 -8.46219e-10 6.63679e-10)
(0.00612713 0.000106124 0.00012316)
(0.00912798 1.00456e-05 8.55925e-06)
(0.00760486 -4.98392e-06 -4.20179e-06)
(0.00836818 2.47461e-06 2.0873e-06)
(0.00798696 -1.22712e-06 -1.04005e-06)
(0.00817716 6.04554e-07 5.1634e-07)
(0.00808255 -2.95763e-07 -2.54214e-07)
(0.00812933 1.42875e-07 1.24238e-07)
(0.00810657 -6.88276e-08 -5.91297e-08)
(0.00811743 3.29351e-08 2.82502e-08)
(0.0081124 -1.66111e-08 -1.29765e-08)
(0.00811468 9.10716e-09 6.6026e-09)
(0.00811375 -5.89891e-09 -3.45984e-09)
(0.00811411 4.66022e-09 2.50213e-09)
(0.00811401 -4.37806e-09 -1.92062e-09)
(0.00811404 4.13815e-09 1.93628e-09)
(0.00811405 -4.25822e-09 -1.77682e-09)
(0.00811405 4.26076e-09 1.75724e-09)
(0.00811404 -4.27503e-09 -1.71682e-09)
(0.00811406 4.14121e-09 1.66388e-09)
(0.00811401 -4.06282e-09 -1.63763e-09)
(0.00811407 3.88324e-09 1.48996e-09)
(0.00811397 -3.29088e-09 -1.49496e-09)
(0.0081141 3.16479e-09 1.12903e-09)
(0.00811399 -2.20829e-09 -1.19824e-09)
(0.00811407 1.87994e-09 9.68505e-10)
(0.00811403 -1.32854e-09 -1.10733e-09)
(0.00811404 1.29992e-09 1.14945e-09)
(0.0131175 0.000204069 0.000204069)
(0.0195699 1.53251e-05 1.53257e-05)
(0.0163213 -7.49354e-06 -7.49428e-06)
(0.0179474 3.7124e-06 3.71217e-06)
(0.0171354 -1.85139e-06 -1.85118e-06)
(0.0175404 9.19246e-07 9.19975e-07)
(0.0173391 -4.52417e-07 -4.53075e-07)
(0.0174385 2.21401e-07 2.2124e-07)
(0.0173902 -1.05137e-07 -1.04835e-07)
(0.0174133 5.00488e-08 4.97519e-08)
(0.0174026 -2.24444e-08 -2.23628e-08)
(0.0174074 1.11891e-08 1.11684e-08)
(0.0174054 -5.53424e-09 -5.58952e-09)
(0.0174062 4.02714e-09 4.02091e-09)
(0.017406 -2.93017e-09 -2.90616e-09)
(0.0174061 2.93509e-09 3.06569e-09)
(0.0174061 -2.61489e-09 -2.69271e-09)
(0.0174061 2.5464e-09 2.66503e-09)
(0.0174061 -2.47393e-09 -2.55428e-09)
(0.0174061 2.38516e-09 2.49257e-09)
(0.017406 -2.35371e-09 -2.41052e-09)
(0.0174061 2.54452e-09 2.15235e-09)
(0.0174059 -2.68163e-09 -2.33399e-09)
(0.0174062 1.51104e-09 1.53648e-09)
(0.0174059 -1.92324e-09 -2.0052e-09)
(0.0174061 1.35403e-09 1.43197e-09)
(0.017406 -1.80011e-09 -1.91562e-09)
(0.0174061 2.66404e-09 2.63697e-09)
(0.0167132 0.00013792 0.000223023)
(0.0249544 1.12784e-05 1.74763e-05)
(0.020823 -5.50239e-06 -8.54216e-06)
(0.0228886 2.7213e-06 4.2232e-06)
(0.0218571 -1.3598e-06 -2.10634e-06)
(0.0223714 6.76887e-07 1.04707e-06)
(0.022116 -3.35454e-07 -5.15517e-07)
(0.022242 1.67989e-07 2.51893e-07)
(0.0221809 -8.11765e-08 -1.18991e-07)
(0.02221 3.99043e-08 5.64781e-08)
(0.0221966 -1.76991e-08 -2.52326e-08)
(0.0222027 9.2499e-09 1.27755e-08)
(0.0222002 -3.90139e-09 -6.36006e-09)
(0.0222011 2.72979e-09 4.71429e-09)
(0.0222009 -1.46498e-09 -3.39281e-09)
(0.022201 1.46979e-09 3.7006e-09)
(0.022201 -1.0688e-09 -3.22441e-09)
(0.022201 1.02714e-09 3.20828e-09)
(0.022201 -1.04613e-09 -3.08428e-09)
(0.022201 9.22275e-10 2.99801e-09)
(0.0222009 -1.05604e-09 -2.93103e-09)
(0.0222011 1.484e-09 2.52364e-09)
(0.0222008 -1.62832e-09 -2.7805e-09)
(0.0222011 6.61909e-10 1.85106e-09)
(0.0222008 -8.41779e-10 -2.40921e-09)
(0.022201 4.6457e-10 1.66724e-09)
(0.0222008 -6.42106e-10 -2.23852e-09)
(0.022201 8.70842e-10 2.96847e-09)
(0.0178222 -2.11363e-09 0.000225942)
(0.0266175 1.25793e-10 1.79499e-05)
(0.0222146 -2.55632e-09 -8.77743e-06)
(0.0244149 3.58455e-09 4.33768e-06)
(0.0233161 -4.9097e-09 -2.1642e-06)
(0.0238639 3.50354e-09 1.07659e-06)
(0.0235919 -3.35008e-09 -5.30352e-07)
(0.023726 5.92613e-09 2.59256e-07)
(0.0236611 -3.5956e-09 -1.22399e-07)
(0.023692 2.97067e-09 5.80352e-08)
(0.0236778 -3.81298e-10 -2.58791e-08)
(0.0236842 6.60384e-10 1.30721e-08)
(0.0236816 6.57702e-10 -6.43935e-09)
(0.0236826 -3.66425e-10 4.7561e-09)
(0.0236823 9.13925e-10 -3.36474e-09)
(0.0236824 -8.1893e-10 3.72563e-09)
(0.0236825 1.0586e-09 -3.20748e-09)
(0.0236825 -1.05739e-09 3.19355e-09)
(0.0236824 9.80067e-10 -3.05946e-09)
(0.0236825 -1.05783e-09 2.9783e-09)
(0.0236824 8.81836e-10 -2.9081e-09)
(0.0236826 -2.36772e-10 2.48721e-09)
(0.0236822 8.4781e-11 -2.80868e-09)
(0.0236826 -7.3755e-10 1.8214e-09)
(0.0236822 6.16988e-10 -2.45669e-09)
(0.0236825 -8.35431e-10 1.68565e-09)
(0.0236823 8.14247e-10 -2.30497e-09)
(0.0236824 -4.81047e-10 3.05321e-09)
(0.0167132 -0.000137923 0.000223025)
(0.0249544 -1.12779e-05 1.74763e-05)
(0.020823 5.4974e-06 -8.54175e-06)
(0.0228886 -2.71515e-06 4.22251e-06)
(0.0218571 1.35115e-06 -2.10556e-06)
(0.0223714 -6.70093e-07 1.0466e-06)
(0.022116 3.2895e-07 -5.15129e-07)
(0.022242 -1.5726e-07 2.5111e-07)
(0.0221809 7.46635e-08 -1.18645e-07)
(0.02221 -3.46472e-08 5.6097e-08)
(0.0221966 1.69744e-08 -2.53024e-08)
(0.0222027 -7.95606e-09 1.28106e-08)
(0.0222002 5.00989e-09 -6.54861e-09)
(0.0222011 -3.30626e-09 4.88364e-09)
(0.0222009 3.06891e-09 -3.63524e-09)
(0.022201 -2.80556e-09 3.92178e-09)
(0.022201 2.86306e-09 -3.503e-09)
(0.022201 -2.8052e-09 3.47318e-09)
(0.022201 2.68502e-09 -3.3616e-09)
(0.022201 -2.70994e-09 3.26485e-09)
(0.0222009 2.53303e-09 -3.16989e-09)
(0.0222011 -2.05153e-09 2.77645e-09)
(0.0222008 1.90265e-09 -2.99472e-09)
(0.0222011 -1.9107e-09 2.05916e-09)
(0.0222008 1.88374e-09 -2.54376e-09)
(0.022201 -1.96637e-09 1.81686e-09)
(0.0222008 2.13037e-09 -2.31636e-09)
(0.022201 -1.66438e-09 3.09829e-09)
(0.0131174 -0.000204072 0.000204071)
(0.0195699 -1.53244e-05 1.53257e-05)
(0.0163213 7.48969e-06 -7.49377e-06)
(0.0179474 -3.70841e-06 3.71127e-06)
(0.0171354 1.84596e-06 -1.85023e-06)
(0.0175404 -9.14393e-07 9.19442e-07)
(0.0173391 4.47954e-07 -4.5265e-07)
(0.0174385 -2.14644e-07 2.20378e-07)
(0.0173902 1.01196e-07 -1.04488e-07)
(0.0174133 -4.71213e-08 4.92947e-08)
(0.0174026 2.22936e-08 -2.24912e-08)
(0.0174074 -1.05753e-08 1.1271e-08)
(0.0174054 6.45431e-09 -5.86179e-09)
(0.0174062 -4.61212e-09 4.26723e-09)
(0.017406 4.25184e-09 -3.23539e-09)
(0.0174061 -3.92833e-09 3.39204e-09)
(0.0174061 3.96611e-09 -3.0816e-09)
(0.0174061 -3.8809e-09 3.04684e-09)
(0.0174061 3.72718e-09 -2.95017e-09)
(0.0174061 -3.7488e-09 2.87224e-09)
(0.017406 3.50647e-09 -2.76315e-09)
(0.0174061 -3.61355e-09 2.45262e-09)
(0.0174059 3.4969e-09 -2.56749e-09)
(0.0174062 -2.51162e-09 1.85544e-09)
(0.0174059 2.65154e-09 -2.19817e-09)
(0.0174061 -2.57267e-09 1.59398e-09)
(0.017406 2.8981e-09 -1.96541e-09)
(0.0174061 -2.74411e-09 2.84578e-09)
(0.00612713 -0.000106124 0.00012316)
(0.00912798 -1.00443e-05 8.55919e-06)
(0.00760486 4.98182e-06 -4.20174e-06)
(0.00836818 -2.47373e-06 2.08681e-06)
(0.00798696 1.22554e-06 -1.03955e-06)
(0.00817716 -6.02282e-07 5.1633e-07)
(0.00808255 2.93498e-07 -2.54131e-07)
(0.00812933 -1.40591e-07 1.23839e-07)
(0.00810657 6.73687e-08 -5.88602e-08)
(0.00811743 -3.18479e-08 2.7923e-08)
(0.0081124 1.62124e-08 -1.29347e-08)
(0.00811468 -8.50254e-09 6.59849e-09)
(0.00811375 5.83101e-09 -3.52565e-09)
(0.00811411 -4.47144e-09 2.56859e-09)
(0.00811401 4.43741e-09 -1.98389e-09)
(0.00811404 -4.02324e-09 2.06363e-09)
(0.00811405 4.24976e-09 -1.89618e-09)
(0.00811405 -4.2284e-09 1.88504e-09)
(0.00811404 4.20775e-09 -1.8386e-09)
(0.00811406 -4.11542e-09 1.78327e-09)
(0.00811401 4.00557e-09 -1.74058e-09)
(0.00811407 -3.85596e-09 1.43295e-09)
(0.00811397 3.18421e-09 -1.45156e-09)
(0.0081141 -3.13592e-09 1.2e-09)
(0.00811399 2.22687e-09 -1.28227e-09)
(0.00811407 -1.96133e-09 1.0453e-09)
(0.00811403 1.51416e-09 -1.18564e-09)
(0.00811404 -1.63514e-09 1.17857e-09)
(0.00751707 0.000103459 7.82616e-05)
(0.0112079 1.09561e-05 6.14497e-06)
(0.00934303 -5.44253e-06 -3.01893e-06)
(0.0102772 2.70225e-06 1.50033e-06)
(0.00981067 -1.34016e-06 -7.50079e-07)
(0.0100434 6.60379e-07 3.74627e-07)
(0.00992772 -3.22941e-07 -1.85839e-07)
(0.00998482 1.56098e-07 9.25406e-08)
(0.00995711 -7.49535e-08 -4.41601e-08)
(0.00997031 3.58902e-08 2.14558e-08)
(0.00996423 -1.78251e-08 -9.28404e-09)
(0.00996697 9.79501e-09 4.75422e-09)
(0.00996586 -6.20737e-09 -1.90438e-09)
(0.00996629 4.9434e-09 1.27278e-09)
(0.00996617 -4.52693e-09 -5.43692e-10)
(0.00996621 4.36515e-09 7.19354e-10)
(0.00996623 -4.42072e-09 -4.30169e-10)
(0.00996622 4.43228e-09 4.20975e-10)
(0.00996621 -4.43403e-09 -4.02073e-10)
(0.00996624 4.29432e-09 3.51339e-10)
(0.00996618 -4.18655e-09 -3.96576e-10)
(0.00996625 3.99751e-09 2.09854e-10)
(0.00996612 -3.4688e-09 -4.30252e-10)
(0.00996629 3.15748e-09 1.54095e-10)
(0.00996613 -2.35139e-09 -4.86093e-10)
(0.00996625 1.97007e-09 3.04069e-10)
(0.00996618 -1.50179e-09 -5.68116e-10)
(0.0099662 1.42333e-09 5.27565e-10)
(0.0167132 0.000223023 0.00013792)
(0.0249544 1.74754e-05 1.12795e-05)
(0.020823 -8.54119e-06 -5.50362e-06)
(0.0228886 4.22358e-06 2.72076e-06)
(0.0218571 -2.10672e-06 -1.35924e-06)
(0.0223714 1.04613e-06 6.78128e-07)
(0.022116 -5.14639e-07 -3.36548e-07)
(0.022242 2.52185e-07 1.67489e-07)
(0.0221809 -1.1939e-07 -8.05743e-08)
(0.02221 5.68814e-08 3.92388e-08)
(0.0221966 -2.53211e-08 -1.75346e-08)
(0.0222027 1.27943e-08 9.18813e-09)
(0.0222002 -6.27035e-09 -4.00258e-09)
(0.0222011 4.70341e-09 2.73421e-09)
(0.0222009 -3.40523e-09 -1.456e-09)
(0.022201 3.51303e-09 1.71207e-09)
(0.022201 -3.106e-09 -1.24957e-09)
(0.022201 3.03476e-09 1.25159e-09)
(0.022201 -2.96352e-09 -1.23007e-09)
(0.022201 2.83821e-09 1.12543e-09)
(0.0222009 -2.84683e-09 -1.19643e-09)
(0.0222011 3.00406e-09 7.58947e-10)
(0.0222008 -3.19759e-09 -9.74577e-10)
(0.0222011 1.81245e-09 7.45382e-10)
(0.0222008 -2.293e-09 -9.98321e-10)
(0.022201 1.57753e-09 6.27889e-10)
(0.0222008 -2.11125e-09 -8.58968e-10)
(0.022201 2.96944e-09 8.72039e-10)
(0.021625 0.00015477 0.00015477)
(0.032314 1.3079e-05 1.30805e-05)
(0.026978 -6.37378e-06 -6.37544e-06)
(0.0296416 3.14588e-06 3.14511e-06)
(0.0283115 -1.57322e-06 -1.57243e-06)
(0.0289745 7.83923e-07 7.85568e-07)
(0.0286454 -3.88552e-07 -3.90029e-07)
(0.0288075 1.95005e-07 1.94307e-07)
(0.0287291 -9.38488e-08 -9.30568e-08)
(0.0287664 4.60719e-08 4.52117e-08)
(0.0287493 -2.00146e-08 -1.98215e-08)
(0.028757 1.04078e-08 1.0343e-08)
(0.0287539 -4.0786e-09 -4.23139e-09)
(0.0287551 2.84529e-09 2.86918e-09)
(0.0287548 -1.25051e-09 -1.25494e-09)
(0.0287549 1.37326e-09 1.71105e-09)
(0.028755 -8.19884e-10 -1.07242e-09)
(0.0287549 7.64188e-10 1.08026e-09)
(0.0287549 -7.8304e-10 -1.03925e-09)
(0.028755 6.34539e-10 9.23706e-10)
(0.0287548 -8.07716e-10 -1.0004e-09)
(0.0287551 1.30475e-09 3.9276e-10)
(0.0287546 -1.63346e-09 -8.24157e-10)
(0.0287552 3.56316e-10 4.68578e-10)
(0.0287546 -8.56034e-10 -1.0734e-09)
(0.028755 4.29341e-10 6.09077e-10)
(0.0287547 -8.28766e-10 -1.06772e-09)
(0.0287549 9.88619e-10 1.05268e-09)
(0.023164 -2.73503e-09 0.000157861)
(0.034623 -2.94399e-10 1.35003e-05)
(0.0289106 -2.76144e-09 -6.58128e-06)
(0.0317604 4.06074e-09 3.24461e-06)
(0.0303373 -5.69058e-09 -1.62256e-06)
(0.0310465 4.0961e-09 8.11149e-07)
(0.0306946 -3.78583e-09 -4.02731e-07)
(0.0308679 7.00252e-09 2.00326e-07)
(0.0307842 -4.19478e-09 -9.57807e-08)
(0.0308239 3.38105e-09 4.62832e-08)
(0.0308058 -3.98931e-10 -2.02751e-08)
(0.0308139 7.58909e-10 1.04928e-08)
(0.0308107 7.98661e-10 -4.26177e-09)
(0.0308119 -4.31768e-10 2.85871e-09)
(0.0308116 1.08662e-09 -1.18959e-09)
(0.0308117 -9.56584e-10 1.70578e-09)
(0.0308118 1.24177e-09 -1.03961e-09)
(0.0308117 -1.2448e-09 1.03792e-09)
(0.0308117 1.14288e-09 -9.94886e-10)
(0.0308118 -1.25209e-09 8.71305e-10)
(0.0308116 1.02439e-09 -9.47986e-10)
(0.0308119 -3.19812e-10 2.02211e-10)
(0.0308114 1.453e-10 -6.96745e-10)
(0.030812 -8.56e-10 4.08015e-10)
(0.0308114 7.12286e-10 -1.12462e-09)
(0.0308118 -9.4924e-10 6.69226e-10)
(0.0308115 9.13807e-10 -1.20777e-09)
(0.0308117 -6.27643e-10 1.19109e-09)
(0.021625 -0.000154775 0.000154771)
(0.032314 -1.30782e-05 1.30804e-05)
(0.026978 6.36729e-06 -6.37471e-06)
(0.0296416 -3.13812e-06 3.14396e-06)
(0.0283115 1.56261e-06 -1.57088e-06)
(0.0289745 -7.75524e-07 7.84544e-07)
(0.0286454 3.80948e-07 -3.88945e-07)
(0.0288075 -1.82116e-07 1.92574e-07)
(0.0287291 8.62683e-08 -9.20723e-08)
(0.0287664 -4.0085e-08 4.41868e-08)
(0.0287493 1.94178e-08 -1.96701e-08)
(0.028757 -9.03994e-09 1.01415e-08)
(0.0287539 5.59989e-09 -4.38587e-09)
(0.0287551 -3.66518e-09 2.9834e-09)
(0.0287548 3.34576e-09 -1.49751e-09)
(0.0287549 -3.09647e-09 1.9338e-09)
(0.028755 3.11142e-09 -1.37432e-09)
(0.0287549 -3.05855e-09 1.35707e-09)
(0.0287549 2.88733e-09 -1.32586e-09)
(0.028755 -2.95229e-09 1.19035e-09)
(0.0287548 2.71424e-09 -1.24616e-09)
(0.0287551 -2.21001e-09 4.29964e-10)
(0.0287546 2.13191e-09 -8.15717e-10)
(0.0287552 -1.99398e-09 6.81337e-10)
(0.0287546 2.12718e-09 -1.26271e-09)
(0.028755 -2.18923e-09 8.14996e-10)
(0.0287547 2.47173e-09 -1.26426e-09)
(0.0287549 -2.03955e-09 1.30062e-09)
(0.0167132 -0.000223028 0.000137921)
(0.0249544 -1.74744e-05 1.12796e-05)
(0.020823 8.53607e-06 -5.50276e-06)
(0.0228886 -4.21851e-06 2.71931e-06)
(0.0218571 2.09986e-06 -1.35721e-06)
(0.0223714 -1.03989e-06 6.76716e-07)
(0.022116 5.09188e-07 -3.34961e-07)
(0.022242 -2.43771e-07 1.65096e-07)
(0.0221809 1.14671e-07 -7.91612e-08)
(0.02221 -5.33643e-08 3.7814e-08)
(0.0221966 2.52107e-08 -1.73223e-08)
(0.0222027 -1.20334e-08 8.9369e-09)
(0.0222002 7.4156e-09 -4.2293e-09)
(0.0222011 -5.38596e-09 2.92024e-09)
(0.0222009 5.01562e-09 -1.80783e-09)
(0.022201 -4.68255e-09 2.06899e-09)
(0.022201 4.72316e-09 -1.70434e-09)
(0.022201 -4.6419e-09 1.67991e-09)
(0.022201 4.45459e-09 -1.66197e-09)
(0.022201 -4.48314e-09 1.54237e-09)
(0.0222009 4.21426e-09 -1.57166e-09)
(0.0222011 -4.21743e-09 8.63996e-10)
(0.0222008 4.05606e-09 -1.03296e-09)
(0.0222011 -3.02754e-09 1.04368e-09)
(0.0222008 3.12898e-09 -1.27732e-09)
(0.022201 -2.95076e-09 9.13073e-10)
(0.0222008 3.30377e-09 -1.11121e-09)
(0.022201 -3.22145e-09 1.22129e-09)
(0.00751707 -0.000103457 7.82615e-05)
(0.0112079 -1.0955e-05 6.1447e-06)
(0.00934303 5.44025e-06 -3.01794e-06)
(0.0102772 -2.70115e-06 1.49892e-06)
(0.00981067 1.33827e-06 -7.48311e-07)
(0.0100434 -6.57795e-07 3.73332e-07)
(0.00992772 3.20431e-07 -1.84612e-07)
(0.00998482 -1.53375e-07 9.06909e-08)
(0.00995711 7.33145e-08 -4.31577e-08)
(0.00997031 -3.46667e-08 2.04768e-08)
(0.00996423 1.7509e-08 -9.19619e-09)
(0.00996697 -9.22488e-09 4.62515e-09)
(0.00996586 6.28009e-09 -2.13361e-09)
(0.00996629 -4.86609e-09 1.45604e-09)
(0.00996617 4.76818e-09 -8.5338e-10)
(0.00996621 -4.38787e-09 1.02249e-09)
(0.00996623 4.59743e-09 -8.00598e-10)
(0.00996622 -4.57473e-09 7.87362e-10)
(0.00996621 4.54667e-09 -7.57972e-10)
(0.00996624 -4.44806e-09 7.08862e-10)
(0.00996618 4.29617e-09 -7.07049e-10)
(0.00996625 -4.18524e-09 3.67979e-10)
(0.00996612 3.53512e-09 -5.31861e-10)
(0.00996629 -3.2825e-09 4.12669e-10)
(0.00996613 2.4448e-09 -6.95304e-10)
(0.00996625 -2.1384e-09 5.34836e-10)
(0.00996618 1.71776e-09 -7.73764e-10)
(0.0099662 -1.85068e-09 7.38351e-10)
(0.00793319 0.000101087 -9.60534e-10)
(0.0118315 1.10404e-05 7.13721e-10)
(0.00986471 -5.48955e-06 -1.98619e-09)
(0.0108497 2.72677e-06 1.54819e-09)
(0.0103578 -1.35307e-06 -2.1889e-09)
(0.0106032 6.67243e-07 2.51379e-09)
(0.0104812 -3.26372e-07 -2.33199e-09)
(0.0105414 1.57839e-07 2.65921e-09)
(0.0105122 -7.55856e-08 -1.47675e-09)
(0.0105261 3.61301e-08 1.1186e-09)
(0.0105197 -1.77186e-08 -1.18423e-10)
(0.0105226 9.64928e-09 2.80418e-10)
(0.0105215 -5.9951e-09 2.68578e-10)
(0.0105219 4.75669e-09 -1.7947e-10)
(0.0105218 -4.27487e-09 4.33698e-10)
(0.0105218 4.16879e-09 -2.86116e-10)
(0.0105218 -4.16946e-09 4.15028e-10)
(0.0105218 4.18849e-09 -4.05802e-10)
(0.0105218 -4.16687e-09 3.7511e-10)
(0.0105219 4.04671e-09 -4.15065e-10)
(0.0105218 -3.91718e-09 3.45912e-10)
(0.0105219 3.75155e-09 -4.90658e-10)
(0.0105217 -3.31841e-09 3.84922e-10)
(0.0105219 2.89575e-09 -2.96622e-10)
(0.0105217 -2.28831e-09 2.21456e-10)
(0.0105219 1.90441e-09 -3.05177e-10)
(0.0105218 -1.56322e-09 2.80206e-10)
(0.0105218 1.49272e-09 -2.55995e-10)
(0.0178222 0.000225941 -1.91131e-09)
(0.0266175 1.79489e-05 1.33056e-09)
(0.0222146 -8.7763e-06 -3.8401e-09)
(0.0244149 4.33809e-06 2.81305e-09)
(0.0233161 -2.1646e-06 -4.05775e-09)
(0.0238639 1.07551e-06 4.78155e-09)
(0.0235919 -5.29341e-07 -4.46411e-09)
(0.023726 2.59582e-07 5.12263e-09)
(0.0236611 -1.22824e-07 -2.87338e-09)
(0.023692 5.84671e-08 2.11475e-09)
(0.0236778 -2.59642e-08 -2.02031e-10)
(0.0236842 1.30827e-08 5.76506e-10)
(0.0236816 -6.33272e-09 5.30536e-10)
(0.0236826 4.72697e-09 -3.31045e-10)
(0.0236823 -3.3613e-09 8.72119e-10)
(0.0236824 3.50964e-09 -5.33982e-10)
(0.0236825 -3.06433e-09 8.07555e-10)
(0.0236825 2.99307e-09 -7.83758e-10)
(0.0236824 -2.91442e-09 7.27375e-10)
(0.0236825 2.79069e-09 -8.0775e-10)
(0.0236824 -2.80926e-09 6.83306e-10)
(0.0236826 2.93725e-09 -1.03098e-09)
(0.0236822 -3.17995e-09 8.07436e-10)
(0.0236826 1.77689e-09 -6.07245e-10)
(0.0236822 -2.32452e-09 4.29966e-10)
(0.0236825 1.58647e-09 -6.24999e-10)
(0.0236823 -2.17008e-09 5.65179e-10)
(0.0236824 3.04044e-09 -4.66123e-10)
(0.023164 0.000157861 -2.46219e-09)
(0.034623 1.34987e-05 1.33256e-09)
(0.0289106 -6.57948e-06 -4.47683e-09)
(0.0317604 3.24546e-06 3.03628e-09)
(0.0303373 -1.62344e-06 -4.5738e-09)
(0.0310465 8.09373e-07 5.76664e-09)
(0.0306946 -4.01142e-07 -5.27305e-09)
(0.0308679 2.01112e-07 5.97006e-09)
(0.0307842 -9.66492e-08 -3.26392e-09)
(0.0308239 4.72315e-08 2.31198e-09)
(0.0308058 -2.04886e-08 -1.82909e-10)
(0.0308139 1.05674e-08 6.69979e-10)
(0.0308107 -4.09723e-09 6.1791e-10)
(0.0308119 2.83316e-09 -3.72298e-10)
(0.0308116 -1.18253e-09 1.02603e-09)
(0.0308117 1.34138e-09 -5.71753e-10)
(0.0308118 -7.62305e-10 9.12033e-10)
(0.0308117 6.98129e-10 -8.77142e-10)
(0.0308117 -7.14033e-10 8.11465e-10)
(0.0308118 5.60983e-10 -9.13511e-10)
(0.0308116 -7.3294e-10 7.63285e-10)
(0.0308119 1.1993e-09 -1.28915e-09)
(0.0308114 -1.5838e-09 1.01156e-09)
(0.030812 2.78237e-10 -6.87613e-10)
(0.0308114 -8.88907e-10 4.63313e-10)
(0.0308118 4.74892e-10 -7.08399e-10)
(0.0308115 -9.51103e-10 6.25344e-10)
(0.0308117 1.10146e-09 -5.40134e-10)
(0.0248462 -2.42133e-09 -2.1293e-09)
(0.0371473 1.59511e-10 1.87784e-09)
(0.0310236 -3.00341e-09 -4.8134e-09)
(0.0340766 3.99321e-09 2.89287e-09)
(0.032552 -5.39062e-09 -4.20316e-09)
(0.0333118 3.93813e-09 5.70844e-09)
(0.0329349 -3.47353e-09 -5.0534e-09)
(0.0331204 6.53236e-09 5.43964e-09)
(0.0330309 -3.89565e-09 -2.90087e-09)
(0.0330733 2.99422e-09 1.86843e-09)
(0.033054 -2.78602e-10 -5.37934e-11)
(0.0330626 6.57365e-10 5.69361e-10)
(0.0330592 8.15609e-10 6.1896e-10)
(0.0330605 -4.27435e-10 -3.62569e-10)
(0.0330602 1.06775e-09 1.00141e-09)
(0.0330603 -9.34577e-10 -5.2126e-10)
(0.0330604 1.19717e-09 8.43672e-10)
(0.0330603 -1.22259e-09 -8.25833e-10)
(0.0330603 1.10055e-09 7.44738e-10)
(0.0330604 -1.23728e-09 -8.71977e-10)
(0.0330602 9.98602e-10 7.1806e-10)
(0.0330605 -3.52749e-10 -1.39887e-09)
(0.03306 1.73188e-10 1.1104e-09)
(0.0330606 -8.38743e-10 -6.56783e-10)
(0.0330599 6.63177e-10 3.92664e-10)
(0.0330604 -8.88734e-10 -6.49523e-10)
(0.0330601 8.26863e-10 5.38101e-10)
(0.0330602 -5.47938e-10 -4.37842e-10)
(0.023164 -0.000157865 -1.20822e-09)
(0.034623 -1.3498e-05 2.0286e-09)
(0.0289106 6.57354e-06 -4.04588e-09)
(0.0317604 -3.2385e-06 1.91404e-09)
(0.0303373 1.6138e-06 -2.89159e-09)
(0.0310465 -8.01681e-07 4.5124e-09)
(0.0306946 3.94353e-07 -3.89515e-09)
(0.0308679 -1.89164e-07 3.91252e-09)
(0.0307842 8.95521e-08 -2.15566e-09)
(0.0308239 -4.18447e-08 1.14192e-09)
(0.0308058 1.99025e-08 -1.06824e-10)
(0.0308139 -9.186e-09 5.74885e-10)
(0.0308107 5.45276e-09 3.31478e-10)
(0.0308119 -3.46247e-09 -9.76351e-11)
(0.0308116 3.03949e-09 6.10988e-10)
(0.0308117 -2.80849e-09 -1.61419e-10)
(0.0308118 2.75013e-09 3.98186e-10)
(0.0308117 -2.70613e-09 -3.95855e-10)
(0.0308117 2.51282e-09 3.11114e-10)
(0.0308118 -2.60022e-09 -4.40476e-10)
(0.0308116 2.36533e-09 3.17139e-10)
(0.0308119 -1.902e-09 -1.03551e-09)
(0.0308114 1.91543e-09 8.18732e-10)
(0.030812 -1.69803e-09 -3.27405e-10)
(0.0308114 1.9977e-09 1.82109e-10)
(0.0308118 -2.06692e-09 -4.06917e-10)
(0.0308115 2.48259e-09 3.96722e-10)
(0.0308117 -2.05375e-09 -2.83554e-10)
(0.0178222 -0.000225945 -5.85348e-10)
(0.0266175 -1.79481e-05 1.03286e-09)
(0.0222146 8.77159e-06 -2.30622e-09)
(0.0244149 -4.33352e-06 7.0515e-10)
(0.0233161 2.15822e-06 -1.13735e-09)
(0.0238639 -1.06965e-06 2.44528e-09)
(0.0235919 5.24323e-07 -1.88321e-09)
(0.023726 -2.51541e-07 1.82564e-09)
(0.0236611 1.18282e-07 -9.28505e-10)
(0.023692 -5.51659e-08 1.52529e-10)
(0.0236778 2.57764e-08 1.51063e-10)
(0.0236842 -1.22179e-08 1.96474e-10)
(0.0236816 7.32122e-09 2.66497e-10)
(0.0236826 -5.23632e-09 -9.8293e-11)
(0.0236823 4.7766e-09 4.30144e-10)
(0.0236824 -4.46387e-09 -8.79044e-11)
(0.0236825 4.44316e-09 2.52304e-10)
(0.0236825 -4.36439e-09 -2.5154e-10)
(0.0236824 4.16042e-09 1.98483e-10)
(0.0236825 -4.20139e-09 -2.95683e-10)
(0.0236824 3.93953e-09 2.1549e-10)
(0.0236826 -3.91899e-09 -7.96098e-10)
(0.0236822 3.83447e-09 6.42751e-10)
(0.0236826 -2.79922e-09 -2.33748e-10)
(0.0236822 3.03538e-09 4.68041e-11)
(0.0236825 -2.84538e-09 -2.24287e-10)
(0.0236823 3.31238e-09 1.77268e-10)
(0.0236824 -3.26092e-09 -3.13429e-11)
(0.00793319 -0.000101087 -2.20796e-11)
(0.0118315 -1.10396e-05 3.2873e-10)
(0.00986471 5.48765e-06 -6.79089e-10)
(0.0108497 -2.72583e-06 -3.78459e-11)
(0.0103578 1.35133e-06 -1.48809e-10)
(0.0106032 -6.64918e-07 7.44423e-10)
(0.0104812 3.24192e-07 -5.67695e-10)
(0.0105414 -1.55313e-07 5.08313e-10)
(0.0105122 7.41069e-08 -3.11177e-10)
(0.0105261 -3.50487e-08 -1.80235e-11)
(0.0105197 1.74428e-08 -1.06841e-11)
(0.0105226 -9.12709e-09 1.6151e-10)
(0.0105215 6.0702e-09 3.1393e-12)
(0.0105219 -4.69205e-09 6.6879e-11)
(0.0105218 4.52203e-09 5.33586e-11)
(0.0105218 -4.17145e-09 9.15034e-11)
(0.0105218 4.34562e-09 -4.12921e-11)
(0.0105218 -4.308e-09 4.04106e-11)
(0.0105218 4.28431e-09 -6.596e-11)
(0.0105219 -4.17944e-09 2.04972e-11)
(0.0105218 4.0252e-09 -5.33384e-11)
(0.0105219 -3.94403e-09 -2.24628e-10)
(0.0105217 3.39154e-09 1.90001e-10)
(0.0105219 -3.02928e-09 2.23973e-11)
(0.0105217 2.37292e-09 -2.94028e-11)
(0.0105219 -2.07153e-09 -4.18064e-11)
(0.0105218 1.76726e-09 5.00329e-11)
(0.0105218 -1.92503e-09 -2.55598e-11)
(0.00751707 0.000103456 -7.82624e-05)
(0.0112079 1.09559e-05 -6.14349e-06)
(0.00934303 -5.44239e-06 3.01499e-06)
(0.0102772 2.70221e-06 -1.49727e-06)
(0.00981067 -1.34015e-06 7.45903e-07)
(0.0100434 6.60382e-07 -3.69883e-07)
(0.00992772 -3.22839e-07 1.81539e-07)
(0.00998482 1.56026e-07 -8.75685e-08)
(0.00995711 -7.48253e-08 4.14826e-08)
(0.00997031 3.57751e-08 -1.9418e-08)
(0.00996423 -1.77649e-08 9.16242e-09)
(0.00996697 9.72744e-09 -4.29338e-09)
(0.00996586 -6.17504e-09 2.48333e-09)
(0.00996629 4.90349e-09 -1.66338e-09)
(0.00996617 -4.49697e-09 1.4362e-09)
(0.00996621 4.33769e-09 -1.30933e-09)
(0.00996623 -4.38681e-09 1.27934e-09)
(0.00996622 4.40231e-09 -1.253e-09)
(0.00996621 -4.39401e-09 1.17892e-09)
(0.00996624 4.25989e-09 -1.20177e-09)
(0.00996618 -4.15752e-09 1.12025e-09)
(0.00996625 3.94937e-09 -1.19525e-09)
(0.00996612 -3.42454e-09 1.18216e-09)
(0.00996629 3.13895e-09 -7.97302e-10)
(0.00996613 -2.34781e-09 9.19141e-10)
(0.00996625 1.93402e-09 -8.88306e-10)
(0.00996618 -1.49399e-09 1.0643e-09)
(0.0099662 1.41161e-09 -1.01119e-09)
(0.0167132 0.000223025 -0.000137923)
(0.0249544 1.74752e-05 -1.12772e-05)
(0.020823 -8.5406e-06 5.49668e-06)
(0.0228886 4.22291e-06 -2.71573e-06)
(0.0218571 -2.10593e-06 1.35182e-06)
(0.0223714 1.04551e-06 -6.69385e-07)
(0.022116 -5.14105e-07 3.28361e-07)
(0.022242 2.51411e-07 -1.57937e-07)
(0.0221809 -1.19033e-07 7.51879e-08)
(0.02221 5.64936e-08 -3.52903e-08)
(0.0221966 -2.53654e-08 1.71052e-08)
(0.0222027 1.27946e-08 -8.04104e-09)
(0.0222002 -6.43423e-09 4.92692e-09)
(0.0222011 4.83101e-09 -3.28517e-09)
(0.0222009 -3.60623e-09 3.02712e-09)
(0.022201 3.70006e-09 -2.6206e-09)
(0.022201 -3.33624e-09 2.68625e-09)
(0.022201 3.26544e-09 -2.62297e-09)
(0.022201 -3.19237e-09 2.50926e-09)
(0.022201 3.06811e-09 -2.54341e-09)
(0.0222009 -3.054e-09 2.38986e-09)
(0.0222011 3.14726e-09 -2.57513e-09)
(0.0222008 -3.28624e-09 2.38961e-09)
(0.0222011 2.00054e-09 -1.80925e-09)
(0.0222008 -2.40974e-09 1.76105e-09)
(0.022201 1.69716e-09 -1.7941e-09)
(0.0222008 -2.17671e-09 1.93376e-09)
(0.022201 3.13519e-09 -1.66848e-09)
(0.021625 0.000154771 -0.000154775)
(0.032314 1.30788e-05 -1.30772e-05)
(0.026978 -6.37296e-06 6.36632e-06)
(0.0296416 3.14479e-06 -3.13889e-06)
(0.0283115 -1.57175e-06 1.56348e-06)
(0.0289745 7.82805e-07 -7.74574e-07)
(0.0286454 -3.87393e-07 3.80122e-07)
(0.0288075 1.93361e-07 -1.82962e-07)
(0.0287291 -9.29031e-08 8.69508e-08)
(0.0287664 4.51203e-08 -4.08717e-08)
(0.0287493 -1.98713e-08 1.95685e-08)
(0.028757 1.02151e-08 -9.11812e-09)
(0.0287539 -4.22629e-09 5.47096e-09)
(0.0287551 2.95399e-09 -3.61956e-09)
(0.0287548 -1.48351e-09 3.27848e-09)
(0.0287549 1.58128e-09 -2.83376e-09)
(0.028755 -1.09855e-09 2.86515e-09)
(0.0287549 1.02712e-09 -2.79973e-09)
(0.0287549 -1.04698e-09 2.64136e-09)
(0.028755 8.8854e-10 -2.71364e-09)
(0.0287548 -1.03615e-09 2.5111e-09)
(0.0287551 1.38789e-09 -2.86099e-09)
(0.0287546 -1.66644e-09 2.73097e-09)
(0.0287552 5.5494e-10 -1.84984e-09)
(0.0287546 -1.03571e-09 1.95413e-09)
(0.028755 6.2147e-10 -2.00291e-09)
(0.0287547 -1.01891e-09 2.25902e-09)
(0.0287549 1.22299e-09 -1.99e-09)
(0.023164 -1.48502e-09 -0.000157865)
(0.034623 3.8022e-10 -1.34969e-05)
(0.0289106 -2.30857e-09 6.57245e-06)
(0.0317604 2.95302e-09 -3.23934e-06)
(0.0303373 -4.02387e-09 1.61474e-06)
(0.0310465 2.82067e-09 -8.00626e-07)
(0.0306946 -2.38942e-09 3.93436e-07)
(0.0308679 4.96029e-09 -1.90073e-07)
(0.0307842 -3.09741e-09 9.03031e-08)
(0.0308239 2.22443e-09 -4.27017e-08)
(0.0308058 -3.24868e-10 2.00732e-08)
(0.0308139 6.6416e-10 -9.27706e-09)
(0.0308107 5.14701e-10 5.3151e-09)
(0.0308119 -1.58881e-10 -3.42032e-09)
(0.0308116 6.73534e-10 2.97879e-09)
(0.0308117 -5.51031e-10 -2.52306e-09)
(0.0308118 7.33328e-10 2.49433e-09)
(0.0308117 -7.68021e-10 -2.42698e-09)
(0.0308117 6.47893e-10 2.25757e-09)
(0.0308118 -7.83226e-10 -2.34323e-09)
(0.0308116 5.82546e-10 2.15601e-09)
(0.0308119 -5.61417e-11 -2.62434e-09)
(0.0308114 -5.61695e-11 2.57635e-09)
(0.030812 -4.98876e-10 -1.55335e-09)
(0.0308114 4.34132e-10 1.81055e-09)
(0.0308118 -6.50478e-10 -1.87207e-09)
(0.0308115 6.87642e-10 2.25186e-09)
(0.0308117 -3.74564e-10 -1.9845e-09)
(0.021625 -0.000154774 -0.000154773)
(0.032314 -1.30786e-05 -1.30775e-05)
(0.026978 6.36858e-06 6.36756e-06)
(0.0296416 -3.13974e-06 -3.14054e-06)
(0.0283115 1.56475e-06 1.56565e-06)
(0.0289745 -7.77324e-07 -7.76325e-07)
(0.0286454 3.82906e-07 3.82035e-07)
(0.0288075 -1.84425e-07 -1.85288e-07)
(0.0287291 8.75761e-08 8.82886e-08)
(0.0287664 -4.14187e-08 -4.22331e-08)
(0.0287493 1.96108e-08 1.97709e-08)
(0.028757 -9.23081e-09 -9.31158e-09)
(0.0287539 5.37081e-09 5.23776e-09)
(0.0287551 -3.43988e-09 -3.39394e-09)
(0.0287548 2.98916e-09 2.92354e-09)
(0.0287549 -2.72036e-09 -2.44657e-09)
(0.028755 2.66402e-09 2.41215e-09)
(0.0287549 -2.62426e-09 -2.35474e-09)
(0.0287549 2.4552e-09 2.20317e-09)
(0.028755 -2.53072e-09 -2.2825e-09)
(0.0287548 2.32107e-09 2.11277e-09)
(0.0287551 -1.93309e-09 -2.6249e-09)
(0.0287546 1.90616e-09 2.54328e-09)
(0.0287552 -1.68938e-09 -1.54374e-09)
(0.0287546 1.84105e-09 1.65975e-09)
(0.028755 -1.8879e-09 -1.69852e-09)
(0.0287547 2.20398e-09 1.98207e-09)
(0.0287549 -1.77616e-09 -1.71966e-09)
(0.0167132 -0.000223026 -0.000137922)
(0.0249544 -1.74748e-05 -1.12776e-05)
(0.020823 8.53698e-06 5.49815e-06)
(0.0228886 -4.2195e-06 -2.71763e-06)
(0.0218571 2.10098e-06 1.35437e-06)
(0.0223714 -1.0409e-06 -6.71527e-07)
(0.022116 5.10229e-07 3.30756e-07)
(0.022242 -2.44872e-07 -1.60776e-07)
(0.0221809 1.15285e-07 7.68754e-08)
(0.02221 -5.3914e-08 -3.69938e-08)
(0.0221966 2.51965e-08 1.7376e-08)
(0.0222027 -1.2006e-08 -8.30968e-09)
(0.0222002 7.19927e-09 4.65135e-09)
(0.0222011 -5.16341e-09 -3.03147e-09)
(0.0222009 4.71774e-09 2.59667e-09)
(0.022201 -4.38045e-09 -2.16574e-09)
(0.022201 4.37454e-09 2.14725e-09)
(0.022201 -4.29713e-09 -2.09197e-09)
(0.022201 4.10907e-09 1.9886e-09)
(0.022201 -4.13854e-09 -2.03359e-09)
(0.0222009 3.87792e-09 1.90972e-09)
(0.0222011 -3.88407e-09 -2.30293e-09)
(0.0222008 3.76035e-09 2.19269e-09)
(0.0222011 -2.75996e-09 -1.41936e-09)
(0.0222008 2.92188e-09 1.39638e-09)
(0.022201 -2.75579e-09 -1.44659e-09)
(0.0222008 3.18424e-09 1.62059e-09)
(0.022201 -3.14744e-09 -1.31062e-09)
(0.00751707 -0.000103459 -7.82628e-05)
(0.0112079 -1.09552e-05 -6.14395e-06)
(0.00934303 5.44e-06 3.01602e-06)
(0.0102772 -2.70063e-06 -1.49841e-06)
(0.00981067 1.33788e-06 7.47359e-07)
(0.0100434 -6.57552e-07 -3.71207e-07)
(0.00992772 3.20412e-07 1.82934e-07)
(0.00998482 -1.53217e-07 -8.90577e-08)
(0.00995711 7.34494e-08 4.23301e-08)
(0.00997031 -3.4782e-08 -2.02514e-08)
(0.00996423 1.78171e-08 9.27434e-09)
(0.00996697 -9.55776e-09 -4.38284e-09)
(0.00996586 6.57856e-09 2.31761e-09)
(0.00996629 -5.19354e-09 -1.49654e-09)
(0.00996617 5.12698e-09 1.19542e-09)
(0.00996621 -4.71584e-09 -1.03939e-09)
(0.00996623 4.99826e-09 9.72456e-10)
(0.00996622 -4.94529e-09 -9.46135e-10)
(0.00996621 4.95968e-09 8.8111e-10)
(0.00996624 -4.82628e-09 -9.04175e-10)
(0.00996618 4.69396e-09 8.43543e-10)
(0.00996625 -4.55253e-09 -1.0129e-09)
(0.00996612 3.8398e-09 1.03889e-09)
(0.00996629 -3.61888e-09 -5.90158e-10)
(0.00996613 2.5842e-09 7.36439e-10)
(0.00996625 -2.24002e-09 -7.08988e-10)
(0.00996618 1.65845e-09 8.87983e-10)
(0.0099662 -1.82144e-09 -8.45058e-10)
(0.00612713 0.000106123 -0.000123161)
(0.00912798 1.00454e-05 -8.55811e-06)
(0.00760486 -4.98425e-06 4.19894e-06)
(0.00836818 2.47495e-06 -2.08513e-06)
(0.00798696 -1.22743e-06 1.03714e-06)
(0.00817716 6.04981e-07 -5.13092e-07)
(0.00808255 -2.95863e-07 2.51352e-07)
(0.00812933 1.43076e-07 -1.2079e-07)
(0.00810657 -6.86559e-08 5.7322e-08)
(0.00811743 3.28029e-08 -2.68798e-08)
(0.0081124 -1.63089e-08 1.29302e-08)
(0.00811468 8.87199e-09 -6.28323e-09)
(0.00811375 -5.62558e-09 3.87595e-09)
(0.00811411 4.42248e-09 -2.77037e-09)
(0.00811401 -4.06872e-09 2.56097e-09)
(0.00811404 3.89751e-09 -2.3323e-09)
(0.00811405 -3.9573e-09 2.37157e-09)
(0.00811405 3.96035e-09 -2.33176e-09)
(0.00811404 -3.96242e-09 2.25899e-09)
(0.00811406 3.83395e-09 -2.25399e-09)
(0.00811401 -3.76061e-09 2.14124e-09)
(0.00811407 3.54382e-09 -2.17399e-09)
(0.00811397 -3.05561e-09 2.00125e-09)
(0.0081141 2.86402e-09 -1.59172e-09)
(0.00811399 -2.10769e-09 1.48629e-09)
(0.00811407 1.73893e-09 -1.3662e-09)
(0.00811403 -1.32614e-09 1.42445e-09)
(0.00811404 1.28072e-09 -1.48907e-09)
(0.0131174 0.000204071 -0.000204072)
(0.0195699 1.53249e-05 -1.5324e-05)
(0.0163213 -7.49288e-06 7.4894e-06)
(0.0179474 3.71157e-06 -3.70865e-06)
(0.0171354 -1.85052e-06 1.84622e-06)
(0.0175404 9.1858e-07 -9.14189e-07)
(0.0173391 -4.51853e-07 4.47733e-07)
(0.0174385 2.20615e-07 -2.14865e-07)
(0.0173902 -1.04788e-07 1.01302e-07)
(0.0174133 4.96299e-08 -4.72433e-08)
(0.0174026 -2.25463e-08 2.22745e-08)
(0.0174074 1.12657e-08 -1.05446e-08)
(0.0174054 -5.77615e-09 6.38977e-09)
(0.0174062 4.23004e-09 -4.54164e-09)
(0.017406 -3.21321e-09 4.17777e-09)
(0.0174061 3.22018e-09 -3.83667e-09)
(0.0174061 -2.94763e-09 3.86742e-09)
(0.0174061 2.88603e-09 -3.78601e-09)
(0.0174061 -2.81376e-09 3.62885e-09)
(0.0174061 2.72021e-09 -3.6535e-09)
(0.017406 -2.66856e-09 3.43114e-09)
(0.0174061 2.75268e-09 -3.57113e-09)
(0.0174059 -2.80919e-09 3.43186e-09)
(0.0174062 1.8034e-09 -2.46331e-09)
(0.0174059 -2.09554e-09 2.60263e-09)
(0.0174061 1.47689e-09 -2.49977e-09)
(0.017406 -1.83627e-09 2.83937e-09)
(0.0174061 2.90243e-09 -2.79839e-09)
(0.0167132 0.000137921 -0.000223027)
(0.0249544 1.12784e-05 -1.7474e-05)
(0.020823 -5.50146e-06 8.53574e-06)
(0.0228886 2.71992e-06 -4.21882e-06)
(0.0218571 -1.35786e-06 2.10019e-06)
(0.0223714 6.75403e-07 -1.03961e-06)
(0.022116 -3.33809e-07 5.08902e-07)
(0.022242 1.65687e-07 -2.44061e-07)
(0.0221809 -7.97903e-08 1.14867e-07)
(0.02221 3.85493e-08 -5.35787e-08)
(0.0221966 -1.74924e-08 2.52228e-08)
(0.0222027 9.00943e-09 -1.20264e-08)
(0.0222002 -4.12427e-09 7.34766e-09)
(0.0222011 2.91198e-09 -5.3328e-09)
(0.0222009 -1.80748e-09 4.95447e-09)
(0.022201 1.81757e-09 -4.57462e-09)
(0.022201 -1.50326e-09 4.61618e-09)
(0.022201 1.4461e-09 -4.52964e-09)
(0.022201 -1.45828e-09 4.34697e-09)
(0.022201 1.33094e-09 -4.37482e-09)
(0.0222009 -1.4164e-09 4.12707e-09)
(0.0222011 1.63586e-09 -4.33769e-09)
(0.0222008 -1.73046e-09 4.15687e-09)
(0.0222011 9.46926e-10 -2.96668e-09)
(0.0222008 -1.1122e-09 3.06274e-09)
(0.022201 7.38342e-10 -2.88024e-09)
(0.0222008 -8.92172e-10 3.2357e-09)
(0.022201 1.2011e-09 -3.23911e-09)
(0.0178222 -7.7738e-10 -0.000225945)
(0.0266175 -1.3805e-10 -1.79476e-05)
(0.0222146 -1.06333e-09 8.77118e-06)
(0.0244149 1.44312e-09 -4.33389e-06)
(0.0233161 -1.94588e-09 2.15863e-06)
(0.0238639 1.21862e-09 -1.06927e-06)
(0.0235919 -8.09867e-10 5.23965e-07)
(0.023726 2.58449e-09 -2.51909e-07)
(0.0236611 -1.6255e-09 1.18561e-07)
(0.023692 9.61168e-10 -5.54833e-08)
(0.0236778 -1.80674e-11 2.58245e-08)
(0.0236842 2.69099e-10 -1.22396e-08)
(0.0236816 3.93628e-10 7.25422e-09)
(0.0236826 -1.36382e-10 -5.20083e-09)
(0.0236823 4.72972e-10 4.7322e-09)
(0.0236824 -3.67566e-10 -4.34271e-09)
(0.0236825 4.97422e-10 4.33111e-09)
(0.0236825 -5.19976e-10 -4.24223e-09)
(0.0236824 4.45186e-10 4.04785e-09)
(0.0236825 -5.41689e-10 -4.08682e-09)
(0.0236824 4.09424e-10 3.84426e-09)
(0.0236826 -5.21041e-11 -4.16696e-09)
(0.0236822 -3.06324e-11 4.06094e-09)
(0.0236826 -3.60711e-10 -2.73164e-09)
(0.0236822 2.28805e-10 2.9582e-09)
(0.0236825 -4.28949e-10 -2.76077e-09)
(0.0236823 4.20385e-10 3.21651e-09)
(0.0236824 -3.98554e-11 -3.25073e-09)
(0.0167132 -0.000137922 -0.000223026)
(0.0249544 -1.12783e-05 -1.74744e-05)
(0.020823 5.49887e-06 8.53659e-06)
(0.0228886 -2.71708e-06 -4.21988e-06)
(0.0218571 1.35373e-06 2.1014e-06)
(0.0223714 -6.72224e-07 -1.04052e-06)
(0.022116 3.31342e-07 5.09887e-07)
(0.022242 -1.60145e-07 -2.45264e-07)
(0.0221809 7.63455e-08 1.15591e-07)
(0.02221 -3.63801e-08 -5.42656e-08)
(0.0221966 1.72445e-08 2.52616e-08)
(0.0222027 -8.23344e-09 -1.20406e-08)
(0.0222002 4.7375e-09 7.13925e-09)
(0.0222011 -3.05276e-09 -5.13874e-09)
(0.0222009 2.63367e-09 4.68178e-09)
(0.022201 -2.35546e-09 -4.26334e-09)
(0.022201 2.31858e-09 4.26393e-09)
(0.022201 -2.27797e-09 -4.17958e-09)
(0.022201 2.15935e-09 3.99815e-09)
(0.022201 -2.20394e-09 -4.03013e-09)
(0.0222009 2.04972e-09 3.78265e-09)
(0.0222011 -1.79434e-09 -4.18175e-09)
(0.0222008 1.72164e-09 4.03981e-09)
(0.0222011 -1.51576e-09 -2.6913e-09)
(0.0222008 1.51943e-09 2.84437e-09)
(0.022201 -1.61473e-09 -2.66896e-09)
(0.0222008 1.82197e-09 3.08363e-09)
(0.022201 -1.29802e-09 -3.12794e-09)
(0.0131174 -0.000204071 -0.000204071)
(0.0195699 -1.53245e-05 -1.53243e-05)
(0.0163213 7.49056e-06 7.49029e-06)
(0.0179474 -3.70947e-06 -3.70973e-06)
(0.0171354 1.84711e-06 1.84741e-06)
(0.0175404 -9.15393e-07 -9.15138e-07)
(0.0173391 4.48869e-07 4.48655e-07)
(0.0174385 -2.15762e-07 -2.16061e-07)
(0.0173902 1.01724e-07 1.0196e-07)
(0.0174133 -4.75327e-08 -4.78039e-08)
(0.0174026 2.21145e-08 2.21688e-08)
(0.0174074 -1.03858e-08 -1.04191e-08)
(0.0174054 6.09498e-09 6.05421e-09)
(0.0174062 -4.24142e-09 -4.22838e-09)
(0.017406 3.79259e-09 3.76904e-09)
(0.0174061 -3.47127e-09 -3.38754e-09)
(0.0174061 3.43656e-09 3.35724e-09)
(0.0174061 -3.36069e-09 -3.27641e-09)
(0.0174061 3.20051e-09 3.12155e-09)
(0.0174061 -3.21711e-09 -3.13954e-09)
(0.017406 3.00454e-09 2.93743e-09)
(0.0174061 -3.05943e-09 -3.27176e-09)
(0.0174059 2.98944e-09 3.19024e-09)
(0.0174062 -2.12444e-09 -2.07664e-09)
(0.0174059 2.39827e-09 2.34379e-09)
(0.0174061 -2.35912e-09 -2.28132e-09)
(0.017406 2.84348e-09 2.75196e-09)
(0.0174061 -2.60708e-09 -2.61896e-09)
(0.00612713 -0.000106125 -0.000123161)
(0.00912799 -1.0045e-05 -8.55862e-06)
(0.00760486 4.98218e-06 4.19971e-06)
(0.00836818 -2.47345e-06 -2.08578e-06)
(0.00798696 1.22528e-06 1.03797e-06)
(0.00817716 -6.02353e-07 -5.13874e-07)
(0.00808255 2.93641e-07 2.52086e-07)
(0.00812933 -1.40495e-07 -1.21663e-07)
(0.00810657 6.7446e-08 5.78394e-08)
(0.00811743 -3.19139e-08 -2.73228e-08)
(0.0081124 1.64039e-08 1.3025e-08)
(0.00811468 -8.78964e-09 -6.41445e-09)
(0.00811375 6.04409e-09 3.82357e-09)
(0.00811411 -4.75379e-09 -2.75408e-09)
(0.00811401 4.68549e-09 2.47483e-09)
(0.00811404 -4.32333e-09 -2.26398e-09)
(0.00811405 4.57799e-09 2.27715e-09)
(0.00811405 -4.53379e-09 -2.23558e-09)
(0.00811404 4.54605e-09 2.17625e-09)
(0.00811406 -4.43132e-09 -2.15991e-09)
(0.00811401 4.31169e-09 2.06598e-09)
(0.00811407 -4.16924e-09 -2.13466e-09)
(0.00811397 3.51678e-09 1.98963e-09)
(0.0081141 -3.3322e-09 -1.52652e-09)
(0.00811399 2.35796e-09 1.42087e-09)
(0.00811407 -2.05562e-09 -1.30781e-09)
(0.00811403 1.49777e-09 1.34831e-09)
(0.00811404 -1.639e-09 -1.33609e-09)
(0.00318131 6.98756e-05 -6.9876e-05)
(0.00473242 5.62824e-06 -5.62791e-06)
(0.00393829 -2.80292e-06 2.80181e-06)
(0.00433621 1.39668e-06 -1.39587e-06)
(0.00413746 -6.95526e-07 6.94365e-07)
(0.00423667 3.45141e-07 -3.43818e-07)
(0.00418727 -1.70035e-07 1.68957e-07)
(0.00421173 8.31754e-08 -8.17411e-08)
(0.0041998 -3.99072e-08 3.92002e-08)
(0.00420551 1.9079e-08 -1.8547e-08)
(0.00420285 -8.99666e-09 8.98242e-09)
(0.00420405 4.57457e-09 -4.42056e-09)
(0.00420356 -2.46778e-09 2.62673e-09)
(0.00420375 1.73359e-09 -1.81439e-09)
(0.00420369 -1.36299e-09 1.61343e-09)
(0.00420371 1.32422e-09 -1.44877e-09)
(0.00420372 -1.24588e-09 1.46645e-09)
(0.00420372 1.23468e-09 -1.43904e-09)
(0.00420371 -1.21463e-09 1.41051e-09)
(0.00420372 1.17684e-09 -1.38996e-09)
(0.0042037 -1.1596e-09 1.33528e-09)
(0.00420372 1.08681e-09 -1.31771e-09)
(0.00420368 -1.02936e-09 1.17472e-09)
(0.00420374 8.58455e-10 -1.03209e-09)
(0.00420369 -7.89539e-10 8.80013e-10)
(0.00420373 6.91741e-10 -8.17646e-10)
(0.00420371 -7.03154e-10 7.87922e-10)
(0.00420372 6.46589e-10 -8.55164e-10)
(0.00612713 0.00012316 -0.000106124)
(0.00912798 8.5588e-06 -1.00448e-05)
(0.00760486 -4.20131e-06 4.9823e-06)
(0.00836818 2.08702e-06 -2.47349e-06)
(0.00798696 -1.03977e-06 1.22533e-06)
(0.00817716 5.15899e-07 -6.02652e-07)
(0.00808255 -2.53736e-07 2.93926e-07)
(0.00812933 1.2403e-07 -1.40468e-07)
(0.00810657 -5.90555e-08 6.73218e-08)
(0.00811743 2.81393e-08 -3.18141e-08)
(0.0081124 -1.29762e-08 1.6272e-08)
(0.00811468 6.60866e-09 -8.58857e-09)
(0.00811375 -3.48235e-09 5.92013e-09)
(0.00811411 2.55494e-09 -4.5745e-09)
(0.00811401 -1.97381e-09 4.52717e-09)
(0.00811404 1.97611e-09 -4.14132e-09)
(0.00811405 -1.82312e-09 4.36788e-09)
(0.00811405 1.8022e-09 -4.34675e-09)
(0.00811404 -1.76461e-09 4.32745e-09)
(0.00811406 1.70724e-09 -4.23589e-09)
(0.00811401 -1.6832e-09 4.09152e-09)
(0.00811407 1.66602e-09 -3.95862e-09)
(0.00811397 -1.65965e-09 3.32635e-09)
(0.0081141 1.16465e-09 -3.18264e-09)
(0.00811399 -1.22616e-09 2.28842e-09)
(0.00811407 1.00917e-09 -1.98103e-09)
(0.00811403 -1.14153e-09 1.50268e-09)
(0.00811404 1.1438e-09 -1.64144e-09)
(0.00751707 7.82614e-05 -0.000103457)
(0.0112079 6.14406e-06 -1.09553e-05)
(0.00934303 -3.01724e-06 5.44054e-06)
(0.0102772 1.49928e-06 -2.70094e-06)
(0.00981067 -7.48691e-07 1.33808e-06)
(0.0100434 3.72664e-07 -6.5802e-07)
(0.00992772 -1.83997e-07 3.20713e-07)
(0.00998482 9.10295e-08 -1.53277e-07)
(0.00995711 -4.34772e-08 7.32905e-08)
(0.00997031 2.08354e-08 -3.46411e-08)
(0.00996423 -9.26285e-09 1.75501e-08)
(0.00996697 4.64308e-09 -9.28389e-09)
(0.00996586 -2.06206e-09 6.33986e-09)
(0.00996629 1.429e-09 -4.94269e-09)
(0.00996617 -8.32127e-10 4.83782e-09)
(0.00996621 8.77982e-10 -4.46518e-09)
(0.00996623 -6.79101e-10 4.67944e-09)
(0.00996622 6.50539e-10 -4.65489e-09)
(0.00996621 -6.35728e-10 4.63084e-09)
(0.00996624 5.82278e-10 -4.52981e-09)
(0.00996618 -6.13858e-10 4.36075e-09)
(0.00996625 7.09244e-10 -4.23475e-09)
(0.00996612 -8.30146e-10 3.60712e-09)
(0.00996629 3.57682e-10 -3.32171e-09)
(0.00996613 -6.03502e-10 2.48779e-09)
(0.00996625 4.77253e-10 -2.15553e-09)
(0.00996618 -7.0626e-10 1.71343e-09)
(0.0099662 6.68625e-10 -1.86401e-09)
(0.00793319 -1.26391e-10 -0.000101087)
(0.0118315 -1.9912e-10 -1.10397e-05)
(0.00986471 -1.25225e-10 5.48768e-06)
(0.0108497 3.23581e-10 -2.72569e-06)
(0.0103578 -5.52479e-10 1.3512e-06)
(0.0106032 2.06478e-10 -6.64934e-07)
(0.0104812 -8.2889e-11 3.24258e-07)
(0.0105414 8.81964e-10 -1.55245e-07)
(0.0105122 -6.37397e-10 7.41054e-08)
(0.0105261 3.53852e-10 -3.50422e-08)
(0.0105197 -8.66725e-11 1.74717e-08)
(0.0105226 1.96407e-10 -9.15836e-09)
(0.0105215 6.469e-11 6.10332e-09)
(0.0105219 4.95896e-11 -4.73431e-09)
(0.0105218 7.29554e-11 4.56894e-09)
(0.0105218 -3.75796e-11 -4.2062e-09)
(0.0105218 7.07801e-11 4.39086e-09)
(0.0105218 -8.37708e-11 -4.34921e-09)
(0.0105218 4.62765e-11 4.33177e-09)
(0.0105219 -9.34299e-11 -4.22118e-09)
(0.0105218 3.70874e-11 4.07098e-09)
(0.0105219 1.16783e-10 -3.95833e-09)
(0.0105217 -1.20406e-10 3.40243e-09)
(0.0105219 -3.54889e-11 -3.06725e-09)
(0.0105217 5.61633e-11 2.39556e-09)
(0.0105219 -1.02825e-10 -2.07903e-09)
(0.0105218 1.23108e-10 1.76183e-09)
(0.0105218 -1.01536e-10 -1.93616e-09)
(0.00751707 -7.82629e-05 -0.000103459)
(0.0112079 -6.1442e-06 -1.09552e-05)
(0.00934303 3.01626e-06 5.43996e-06)
(0.0102772 -1.49817e-06 -2.70058e-06)
(0.00981067 7.47078e-07 1.33784e-06)
(0.0100434 -3.7145e-07 -6.57514e-07)
(0.00992772 1.83141e-07 3.20401e-07)
(0.00998482 -8.87801e-08 -1.53211e-07)
(0.00995711 4.21042e-08 7.34709e-08)
(0.00997031 -1.99925e-08 -3.48012e-08)
(0.00996423 9.21718e-09 1.78323e-08)
(0.00996697 -4.34569e-09 -9.5709e-09)
(0.00996586 2.35191e-09 6.58644e-09)
(0.00996629 -1.49842e-09 -5.20812e-09)
(0.00996617 1.20749e-09 5.14367e-09)
(0.00996621 -1.1134e-09 -4.71865e-09)
(0.00996623 1.04139e-09 5.00701e-09)
(0.00996622 -1.01984e-09 -4.95133e-09)
(0.00996621 9.49676e-10 4.96961e-09)
(0.00996624 -9.70821e-10 -4.83282e-09)
(0.00996618 9.03971e-10 4.70677e-09)
(0.00996625 -7.85264e-10 -4.56481e-09)
(0.00996612 8.19316e-10 3.84668e-09)
(0.00996629 -6.34138e-10 -3.63188e-09)
(0.00996613 7.88723e-10 2.58663e-09)
(0.00996625 -7.52025e-10 -2.24029e-09)
(0.00996618 9.40142e-10 1.65355e-09)
(0.0099662 -8.96747e-10 -1.82274e-09)
(0.00612713 -0.000123161 -0.000106125)
(0.00912799 -8.55865e-06 -1.0045e-05)
(0.00760486 4.19974e-06 4.98219e-06)
(0.00836818 -2.08573e-06 -2.47344e-06)
(0.00798696 1.03789e-06 1.22528e-06)
(0.00817716 -5.13915e-07 -6.02355e-07)
(0.00808255 2.52105e-07 2.93655e-07)
(0.00812933 -1.21568e-07 -1.40513e-07)
(0.00810657 5.77553e-08 6.74695e-08)
(0.00811743 -2.72252e-08 -3.19407e-08)
(0.0081124 1.29953e-08 1.64171e-08)
(0.00811468 -6.38908e-09 -8.8028e-09)
(0.00811375 3.82644e-09 6.04888e-09)
(0.00811411 -2.74179e-09 -4.76429e-09)
(0.00811401 2.46873e-09 4.69373e-09)
(0.00811404 -2.27895e-09 -4.3255e-09)
(0.00811405 2.29073e-09 4.58125e-09)
(0.00811405 -2.25036e-09 -4.53651e-09)
(0.00811404 2.18923e-09 4.54981e-09)
(0.00811406 -2.17189e-09 -4.43488e-09)
(0.00811401 2.07916e-09 4.3144e-09)
(0.00811407 -2.04691e-09 -4.1941e-09)
(0.00811397 1.89976e-09 3.5434e-09)
(0.0081141 -1.53732e-09 -3.33368e-09)
(0.00811399 1.43331e-09 2.35812e-09)
(0.00811407 -1.32403e-09 -2.05298e-09)
(0.00811403 1.37099e-09 1.49163e-09)
(0.00811404 -1.35197e-09 -1.63398e-09)
(0.00318131 -6.98752e-05 -6.98752e-05)
(0.00473242 -5.62797e-06 -5.628e-06)
(0.00393829 2.80203e-06 2.80205e-06)
(0.00433621 -1.39602e-06 -1.39599e-06)
(0.00413746 6.94583e-07 6.94562e-07)
(0.00423667 -3.44049e-07 -3.44068e-07)
(0.00418727 1.69121e-07 1.69148e-07)
(0.00421173 -8.20443e-08 -8.20359e-08)
(0.0041998 3.93441e-08 3.93452e-08)
(0.00420551 -1.86645e-08 -1.86662e-08)
(0.00420285 8.98782e-09 8.99406e-09)
(0.00420405 -4.47188e-09 -4.47931e-09)
(0.00420356 2.60228e-09 2.60879e-09)
(0.00420375 -1.8171e-09 -1.82615e-09)
(0.00420369 1.57409e-09 1.58224e-09)
(0.00420371 -1.44409e-09 -1.45143e-09)
(0.00420372 1.43997e-09 1.4478e-09)
(0.00420372 -1.41545e-09 -1.42325e-09)
(0.00420371 1.39043e-09 1.39857e-09)
(0.00420372 -1.36481e-09 -1.37277e-09)
(0.0042037 1.31944e-09 1.3261e-09)
(0.00420372 -1.29478e-09 -1.29874e-09)
(0.00420368 1.17254e-09 1.17867e-09)
(0.00420374 -1.00461e-09 -1.00914e-09)
(0.00420369 8.70979e-10 8.7511e-10)
(0.00420373 -8.08001e-10 -8.08231e-10)
(0.00420371 7.84547e-10 7.82356e-10)
(0.00420372 -7.87745e-10 -7.89798e-10)
)
;

boundaryField
{
    inlet
    {
        type            fixedValue;
        value           uniform (0.01667 0 0);
    }
    outlet
    {
        type            zeroGradient;
    }
    Walls
    {
        type            noSlip;
    }
}


// ************************************************************************* //
