/*--------------------------------*- C++ -*----------------------------------*\
  =========                 |
  \\      /  F ield         | OpenFOAM: The Open Source CFD Toolbox
   \\    /   O peration     | Website:  https://openfoam.org
    \\  /    A nd           | Version:  13
     \\/     M anipulation  |
\*---------------------------------------------------------------------------*/
FoamFile
{
    format      ascii;
    class       volScalarField;
    location    "33";
    object      p;
}
// * * * * * * * * * * * * * * * * * * * * * * * * * * * * * * * * * * * * * //

dimensions      [0 2 -2 0 0 0 0];

internalField   nonuniform List<scalar> 
500
(
8.20435
7.60941
7.25624
6.82638
6.41643
6.00155
5.58786
5.17389
4.75999
4.34605
3.93219
3.51822
3.10438
2.69041
2.27656
1.86261
1.44872
1.03479
0.620881
0.206955
8.20415
7.6094
7.25625
6.82638
6.41643
6.00155
5.58786
5.17389
4.75999
4.34605
3.93219
3.51822
3.10438
2.69041
2.27656
1.86261
1.44872
1.03479
0.620881
0.206955
8.20408
7.60939
7.25625
6.82638
6.41643
6.00155
5.58786
5.17389
4.75999
4.34605
3.93219
3.51822
3.10438
2.69041
2.27656
1.86261
1.44872
1.03479
0.620881
0.206955
8.20415
7.6094
7.25625
6.82638
6.41643
6.00155
5.58786
5.17389
4.75999
4.34605
3.93219
3.51822
3.10438
2.69041
2.27656
1.86261
1.44872
1.03479
0.620881
0.206955
8.20435
7.60941
7.25624
6.82638
6.41643
6.00155
5.58786
5.17389
4.75999
4.34605
3.93219
3.51822
3.10438
2.69041
2.27656
1.86261
1.44872
1.03479
0.620881
0.206955
8.20415
7.6094
7.25625
6.82638
6.41643
6.00155
5.58786
5.17389
4.75999
4.34605
3.93219
3.51822
3.10438
2.69041
2.27656
1.86261
1.44872
1.03479
0.620881
0.206955
8.20394
7.6094
7.25625
6.82638
6.41643
6.00155
5.58786
5.17389
4.75999
4.34605
3.93219
3.51822
3.10438
2.69041
2.27656
1.86261
1.44872
1.03479
0.620881
0.206955
8.20385
7.60939
7.25625
6.82638
6.41643
6.00155
5.58786
5.17389
4.75999
4.34605
3.93219
3.51822
3.10438
2.69041
2.27656
1.86261
1.44872
1.03479
0.620881
0.206955
8.20394
7.6094
7.25625
6.82638
6.41643
6.00155
5.58786
5.17389
4.75999
4.34605
3.93219
3.51822
3.10438
2.69041
2.27656
1.86261
1.44872
1.03479
0.620881
0.206955
8.20415
7.6094
7.25625
6.82638
6.41643
6.00155
5.58786
5.17389
4.75999
4.34605
3.93219
3.51822
3.10438
2.69041
2.27656
1.86261
1.44872
1.03479
0.620881
0.206955
8.20408
7.60939
7.25625
6.82638
6.41643
6.00155
5.58786
5.17389
4.75999
4.34605
3.93219
3.51822
3.10438
2.69041
2.27656
1.86261
1.44872
1.03479
0.620881
0.206955
8.20385
7.60939
7.25625
6.82638
6.41643
6.00155
5.58786
5.17389
4.75999
4.34605
3.93219
3.51822
3.10438
2.69041
2.27656
1.86261
1.44872
1.03479
0.620881
0.206955
8.20377
7.60939
7.25625
6.82638
6.41643
6.00155
5.58786
5.17389
4.75999
4.34605
3.93219
3.51822
3.10438
2.69041
2.27656
1.86261
1.44872
1.03479
0.620881
0.206955
8.20385
7.60939
7.25625
6.82638
6.41643
6.00155
5.58786
5.17389
4.75999
4.34605
3.93219
3.51822
3.10438
2.69041
2.27656
1.86261
1.44872
1.03479
0.620881
0.206955
8.20408
7.60939
7.25625
6.82638
6.41643
6.00155
5.58786
5.17389
4.75999
4.34605
3.93219
3.51822
3.10438
2.69041
2.27656
1.86261
1.44872
1.03479
0.620881
0.206955
8.20415
7.6094
7.25625
6.82638
6.41643
6.00155
5.58786
5.17389
4.75999
4.34605
3.93219
3.51822
3.10438
2.69041
2.27656
1.86261
1.44872
1.03479
0.620881
0.206955
8.20394
7.6094
7.25625
6.82638
6.41643
6.00155
5.58786
5.17389
4.75999
4.34605
3.93219
3.51822
3.10438
2.69041
2.27656
1.86261
1.44872
1.03479
0.620881
0.206955
8.20385
7.60939
7.25625
6.82638
6.41643
6.00155
5.58786
5.17389
4.75999
4.34605
3.93219
3.51822
3.10438
2.69041
2.27656
1.86261
1.44872
1.03479
0.620881
0.206955
8.20394
7.6094
7.25625
6.82638
6.41643
6.00155
5.58786
5.17389
4.75999
4.34605
3.93219
3.51822
3.10438
2.69041
2.27656
1.86261
1.44872
1.03479
0.620881
0.206955
8.20415
7.6094
7.25625
6.82638
6.41643
6.00155
5.58786
5.17389
4.75999
4.34605
3.93219
3.51822
3.10438
2.69041
2.27656
1.86261
1.44872
1.03479
0.620881
0.206955
8.20435
7.60941
7.25624
6.82638
6.41643
6.00155
5.58786
5.17389
4.75999
4.34605
3.93219
3.51822
3.10438
2.69041
2.27656
1.86261
1.44872
1.03479
0.620881
0.206955
8.20415
7.6094
7.25625
6.82638
6.41643
6.00155
5.58786
5.17389
4.75999
4.34605
3.93219
3.51822
3.10438
2.69041
2.27656
1.86261
1.44872
1.03479
0.620881
0.206955
8.20408
7.60939
7.25625
6.82638
6.41643
6.00155
5.58786
5.17389
4.75999
4.34605
3.93219
3.51822
3.10438
2.69041
2.27656
1.86261
1.44872
1.03479
0.620881
0.206955
8.20415
7.6094
7.25625
6.82638
6.41643
6.00155
5.58786
5.17389
4.75999
4.34605
3.93219
3.51822
3.10438
2.69041
2.27656
1.86261
1.44872
1.03479
0.620881
0.206955
8.20435
7.60941
7.25624
6.82638
6.41643
6.00155
5.58786
5.17389
4.75999
4.34605
3.93219
3.51822
3.10438
2.69041
2.27656
1.86261
1.44872
1.03479
0.620881
0.206955
)
;

boundaryField
{
    inlet
    {
        type            zeroGradient;
    }
    outlet
    {
        type            fixedValue;
        value           uniform 0;
    }
    Walls
    {
        type            zeroGradient;
    }
}


// ************************************************************************* //
