/*--------------------------------*- C++ -*----------------------------------*\
  =========                 |
  \\      /  F ield         | OpenFOAM: The Open Source CFD Toolbox
   \\    /   O peration     | Website:  https://openfoam.org
    \\  /    A nd           | Version:  13
     \\/     M anipulation  |
\*---------------------------------------------------------------------------*/
FoamFile
{
    format      ascii;
    class       volScalarField;
    location    "29";
    object      p;
}
// * * * * * * * * * * * * * * * * * * * * * * * * * * * * * * * * * * * * * //

dimensions      [0 2 -2 0 0 0 0];

internalField   nonuniform List<scalar> 
3700
(
0.911399
0.871027
0.85582
0.825405
0.80414
0.77737
0.753911
0.728462
0.704197
0.679243
0.65468
0.629902
0.605238
0.580516
0.555823
0.531115
0.506415
0.481711
0.457009
0.432305
0.407603
0.3829
0.358197
0.333494
0.308791
0.284088
0.259385
0.234683
0.209978
0.185276
0.160571
0.135869
0.111163
0.0864619
0.0617558
0.0370557
0.0123495
0.911362
0.871026
0.855821
0.825405
0.80414
0.77737
0.753911
0.728462
0.704197
0.679243
0.65468
0.629902
0.605238
0.580516
0.555823
0.531115
0.506415
0.481711
0.457009
0.432305
0.407603
0.3829
0.358197
0.333494
0.308791
0.284088
0.259385
0.234683
0.209978
0.185276
0.160571
0.135869
0.111163
0.0864619
0.0617558
0.0370557
0.0123495
0.911336
0.871025
0.855822
0.825405
0.80414
0.777369
0.753911
0.728462
0.704197
0.679243
0.65468
0.629902
0.605238
0.580516
0.555823
0.531115
0.506415
0.481711
0.457009
0.432305
0.407603
0.3829
0.358197
0.333494
0.308791
0.284088
0.259385
0.234683
0.209978
0.185276
0.160571
0.135869
0.111163
0.0864619
0.0617558
0.0370557
0.0123495
0.911322
0.871024
0.855822
0.825404
0.80414
0.777369
0.753911
0.728462
0.704197
0.679243
0.65468
0.629902
0.605238
0.580516
0.555823
0.531115
0.506415
0.481711
0.457009
0.432305
0.407603
0.3829
0.358197
0.333494
0.308791
0.284088
0.259385
0.234683
0.209978
0.185276
0.160571
0.135869
0.111163
0.0864619
0.0617558
0.0370557
0.0123495
0.911316
0.871024
0.855822
0.825404
0.80414
0.777369
0.753911
0.728462
0.704198
0.679243
0.65468
0.629902
0.605238
0.580516
0.555823
0.531115
0.506415
0.481711
0.457009
0.432305
0.407603
0.3829
0.358197
0.333494
0.308791
0.284088
0.259385
0.234683
0.209978
0.185276
0.160571
0.135869
0.111163
0.0864619
0.0617558
0.0370557
0.0123495
0.911316
0.871024
0.855822
0.825404
0.80414
0.777369
0.753911
0.728462
0.704198
0.679243
0.65468
0.629902
0.605238
0.580516
0.555823
0.531115
0.506415
0.481711
0.457009
0.432305
0.407603
0.3829
0.358197
0.333494
0.308791
0.284088
0.259385
0.234683
0.209978
0.185276
0.160571
0.135869
0.111163
0.0864619
0.0617558
0.0370557
0.0123495
0.911322
0.871024
0.855822
0.825404
0.80414
0.777369
0.753911
0.728462
0.704197
0.679243
0.65468
0.629902
0.605238
0.580516
0.555823
0.531115
0.506415
0.481711
0.457009
0.432305
0.407603
0.3829
0.358197
0.333494
0.308791
0.284088
0.259385
0.234683
0.209978
0.185276
0.160571
0.135869
0.111163
0.0864619
0.0617558
0.0370557
0.0123495
0.911336
0.871025
0.855822
0.825405
0.80414
0.777369
0.753911
0.728462
0.704197
0.679243
0.65468
0.629902
0.605238
0.580516
0.555823
0.531115
0.506415
0.481711
0.457009
0.432305
0.407603
0.3829
0.358197
0.333494
0.308791
0.284088
0.259385
0.234683
0.209978
0.185276
0.160571
0.135869
0.111163
0.0864619
0.0617558
0.0370557
0.0123495
0.911362
0.871026
0.855821
0.825405
0.80414
0.77737
0.753911
0.728462
0.704197
0.679243
0.65468
0.629902
0.605238
0.580516
0.555823
0.531115
0.506415
0.481711
0.457009
0.432305
0.407603
0.3829
0.358197
0.333494
0.308791
0.284088
0.259385
0.234683
0.209978
0.185276
0.160571
0.135869
0.111163
0.0864619
0.0617558
0.0370557
0.0123495
0.911399
0.871027
0.85582
0.825405
0.80414
0.77737
0.753911
0.728462
0.704197
0.679243
0.65468
0.629902
0.605238
0.580516
0.555823
0.531115
0.506415
0.481711
0.457009
0.432305
0.407603
0.3829
0.358197
0.333494
0.308791
0.284088
0.259385
0.234683
0.209978
0.185276
0.160571
0.135869
0.111163
0.0864619
0.0617558
0.0370557
0.0123495
0.911362
0.871026
0.855821
0.825405
0.80414
0.77737
0.753911
0.728462
0.704197
0.679243
0.65468
0.629902
0.605238
0.580516
0.555823
0.531115
0.506415
0.481711
0.457009
0.432305
0.407603
0.3829
0.358197
0.333494
0.308791
0.284088
0.259385
0.234683
0.209978
0.185276
0.160571
0.135869
0.111163
0.0864619
0.0617558
0.0370557
0.0123495
0.911329
0.871026
0.855821
0.825405
0.80414
0.77737
0.753911
0.728462
0.704197
0.679243
0.65468
0.629902
0.605238
0.580516
0.555823
0.531115
0.506415
0.481711
0.457009
0.432305
0.407603
0.3829
0.358197
0.333494
0.308791
0.284088
0.259385
0.234683
0.209978
0.185276
0.160571
0.135869
0.111163
0.0864619
0.0617558
0.0370557
0.0123495
0.911304
0.871025
0.855822
0.825404
0.80414
0.777369
0.753911
0.728462
0.704197
0.679243
0.65468
0.629902
0.605238
0.580516
0.555823
0.531115
0.506415
0.481711
0.457009
0.432305
0.407603
0.3829
0.358197
0.333494
0.308791
0.284088
0.259385
0.234683
0.209978
0.185276
0.160571
0.135869
0.111163
0.0864619
0.0617558
0.0370557
0.0123495
0.911289
0.871024
0.855822
0.825404
0.80414
0.777369
0.753911
0.728462
0.704197
0.679243
0.65468
0.629902
0.605238
0.580516
0.555823
0.531115
0.506415
0.481711
0.457009
0.432305
0.407603
0.3829
0.358197
0.333494
0.308791
0.284088
0.259385
0.234683
0.209978
0.185276
0.160571
0.135869
0.111163
0.0864619
0.0617558
0.0370557
0.0123495
0.911282
0.871024
0.855822
0.825404
0.80414
0.777369
0.753911
0.728462
0.704197
0.679243
0.65468
0.629902
0.605238
0.580516
0.555823
0.531115
0.506415
0.481711
0.457009
0.432305
0.407603
0.3829
0.358197
0.333494
0.308791
0.284088
0.259385
0.234683
0.209978
0.185276
0.160571
0.135869
0.111163
0.0864619
0.0617558
0.0370557
0.0123495
0.911282
0.871024
0.855822
0.825404
0.80414
0.777369
0.753911
0.728462
0.704197
0.679243
0.65468
0.629902
0.605238
0.580516
0.555823
0.531115
0.506415
0.481711
0.457009
0.432305
0.407603
0.3829
0.358197
0.333494
0.308791
0.284088
0.259385
0.234683
0.209978
0.185276
0.160571
0.135869
0.111163
0.0864619
0.0617558
0.0370557
0.0123495
0.911289
0.871024
0.855822
0.825404
0.80414
0.777369
0.753911
0.728462
0.704197
0.679243
0.65468
0.629902
0.605238
0.580516
0.555823
0.531115
0.506415
0.481711
0.457009
0.432305
0.407603
0.3829
0.358197
0.333494
0.308791
0.284088
0.259385
0.234683
0.209978
0.185276
0.160571
0.135869
0.111163
0.0864619
0.0617558
0.0370557
0.0123495
0.911304
0.871025
0.855822
0.825404
0.80414
0.777369
0.753911
0.728462
0.704197
0.679243
0.65468
0.629902
0.605238
0.580516
0.555823
0.531115
0.506415
0.481711
0.457009
0.432305
0.407603
0.3829
0.358197
0.333494
0.308791
0.284088
0.259385
0.234683
0.209978
0.185276
0.160571
0.135869
0.111163
0.0864619
0.0617558
0.0370557
0.0123495
0.911329
0.871026
0.855821
0.825405
0.80414
0.77737
0.753911
0.728462
0.704197
0.679243
0.65468
0.629902
0.605238
0.580516
0.555823
0.531115
0.506415
0.481711
0.457009
0.432305
0.407603
0.3829
0.358197
0.333494
0.308791
0.284088
0.259385
0.234683
0.209978
0.185276
0.160571
0.135869
0.111163
0.0864619
0.0617558
0.0370557
0.0123495
0.911362
0.871026
0.855821
0.825405
0.80414
0.77737
0.753911
0.728462
0.704197
0.679243
0.65468
0.629902
0.605238
0.580516
0.555823
0.531115
0.506415
0.481711
0.457009
0.432305
0.407603
0.3829
0.358197
0.333494
0.308791
0.284088
0.259385
0.234683
0.209978
0.185276
0.160571
0.135869
0.111163
0.0864619
0.0617558
0.0370557
0.0123495
0.911336
0.871025
0.855822
0.825405
0.80414
0.777369
0.753911
0.728462
0.704197
0.679243
0.65468
0.629902
0.605238
0.580516
0.555823
0.531115
0.506415
0.481711
0.457009
0.432305
0.407603
0.3829
0.358197
0.333494
0.308791
0.284088
0.259385
0.234683
0.209978
0.185276
0.160571
0.135869
0.111163
0.0864619
0.0617558
0.0370557
0.0123495
0.911304
0.871025
0.855822
0.825404
0.80414
0.777369
0.753911
0.728462
0.704197
0.679243
0.65468
0.629902
0.605238
0.580516
0.555823
0.531115
0.506415
0.481711
0.457009
0.432305
0.407603
0.3829
0.358197
0.333494
0.308791
0.284088
0.259385
0.234683
0.209978
0.185276
0.160571
0.135869
0.111163
0.0864619
0.0617558
0.0370557
0.0123495
0.911279
0.871024
0.855822
0.825404
0.80414
0.777369
0.753911
0.728462
0.704197
0.679243
0.65468
0.629902
0.605238
0.580516
0.555823
0.531115
0.506415
0.481711
0.457009
0.432305
0.407603
0.3829
0.358197
0.333494
0.308791
0.284088
0.259385
0.234683
0.209978
0.185276
0.160571
0.135869
0.111163
0.0864619
0.0617558
0.0370557
0.0123495
0.911265
0.871023
0.855823
0.825404
0.804141
0.777369
0.753911
0.728462
0.704198
0.679243
0.65468
0.629902
0.605238
0.580516
0.555823
0.531115
0.506415
0.481711
0.457009
0.432305
0.407603
0.3829
0.358197
0.333494
0.308791
0.284088
0.259385
0.234683
0.209978
0.185276
0.160571
0.135869
0.111163
0.0864619
0.0617558
0.0370557
0.0123495
0.911257
0.871023
0.855823
0.825404
0.804141
0.777369
0.753911
0.728462
0.704198
0.679243
0.65468
0.629902
0.605238
0.580516
0.555823
0.531115
0.506415
0.481711
0.457009
0.432305
0.407603
0.3829
0.358197
0.333494
0.308791
0.284088
0.259385
0.234683
0.209978
0.185276
0.160571
0.135869
0.111163
0.0864619
0.0617558
0.0370557
0.0123495
0.911257
0.871023
0.855823
0.825404
0.804141
0.777369
0.753911
0.728462
0.704198
0.679243
0.65468
0.629902
0.605238
0.580516
0.555823
0.531115
0.506415
0.481711
0.457009
0.432305
0.407603
0.3829
0.358197
0.333494
0.308791
0.284088
0.259385
0.234683
0.209978
0.185276
0.160571
0.135869
0.111163
0.0864619
0.0617558
0.0370557
0.0123495
0.911265
0.871023
0.855823
0.825404
0.804141
0.777369
0.753911
0.728462
0.704198
0.679243
0.65468
0.629902
0.605238
0.580516
0.555823
0.531115
0.506415
0.481711
0.457009
0.432305
0.407603
0.3829
0.358197
0.333494
0.308791
0.284088
0.259385
0.234683
0.209978
0.185276
0.160571
0.135869
0.111163
0.0864619
0.0617558
0.0370557
0.0123495
0.911279
0.871024
0.855822
0.825404
0.80414
0.777369
0.753911
0.728462
0.704197
0.679243
0.65468
0.629902
0.605238
0.580516
0.555823
0.531115
0.506415
0.481711
0.457009
0.432305
0.407603
0.3829
0.358197
0.333494
0.308791
0.284088
0.259385
0.234683
0.209978
0.185276
0.160571
0.135869
0.111163
0.0864619
0.0617558
0.0370557
0.0123495
0.911304
0.871025
0.855822
0.825404
0.80414
0.777369
0.753911
0.728462
0.704197
0.679243
0.65468
0.629902
0.605238
0.580516
0.555823
0.531115
0.506415
0.481711
0.457009
0.432305
0.407603
0.3829
0.358197
0.333494
0.308791
0.284088
0.259385
0.234683
0.209978
0.185276
0.160571
0.135869
0.111163
0.0864619
0.0617558
0.0370557
0.0123495
0.911336
0.871025
0.855822
0.825405
0.80414
0.777369
0.753911
0.728462
0.704197
0.679243
0.65468
0.629902
0.605238
0.580516
0.555823
0.531115
0.506415
0.481711
0.457009
0.432305
0.407603
0.3829
0.358197
0.333494
0.308791
0.284088
0.259385
0.234683
0.209978
0.185276
0.160571
0.135869
0.111163
0.0864619
0.0617558
0.0370557
0.0123495
0.911322
0.871024
0.855822
0.825404
0.80414
0.777369
0.753911
0.728462
0.704197
0.679243
0.65468
0.629902
0.605238
0.580516
0.555823
0.531115
0.506415
0.481711
0.457009
0.432305
0.407603
0.3829
0.358197
0.333494
0.308791
0.284088
0.259385
0.234683
0.209978
0.185276
0.160571
0.135869
0.111163
0.0864619
0.0617558
0.0370557
0.0123495
0.911289
0.871024
0.855822
0.825404
0.80414
0.777369
0.753911
0.728462
0.704197
0.679243
0.65468
0.629902
0.605238
0.580516
0.555823
0.531115
0.506415
0.481711
0.457009
0.432305
0.407603
0.3829
0.358197
0.333494
0.308791
0.284088
0.259385
0.234683
0.209978
0.185276
0.160571
0.135869
0.111163
0.0864619
0.0617558
0.0370557
0.0123495
0.911265
0.871023
0.855823
0.825404
0.804141
0.777369
0.753911
0.728462
0.704198
0.679243
0.65468
0.629902
0.605238
0.580516
0.555823
0.531115
0.506415
0.481711
0.457009
0.432305
0.407603
0.3829
0.358197
0.333494
0.308791
0.284088
0.259385
0.234683
0.209978
0.185276
0.160571
0.135869
0.111163
0.0864619
0.0617558
0.0370557
0.0123495
0.911249
0.871023
0.855823
0.825404
0.804141
0.777369
0.753911
0.728462
0.704198
0.679243
0.65468
0.629902
0.605238
0.580516
0.555823
0.531115
0.506415
0.481711
0.457009
0.432305
0.407603
0.3829
0.358197
0.333494
0.308791
0.284088
0.259385
0.234683
0.209978
0.185276
0.160571
0.135869
0.111163
0.0864619
0.0617558
0.0370557
0.0123495
0.911242
0.871023
0.855823
0.825404
0.804141
0.777369
0.753911
0.728462
0.704198
0.679243
0.65468
0.629902
0.605238
0.580516
0.555823
0.531115
0.506415
0.481711
0.457009
0.432305
0.407603
0.3829
0.358197
0.333494
0.308791
0.284088
0.259385
0.234683
0.209978
0.185276
0.160571
0.135869
0.111163
0.0864619
0.0617558
0.0370557
0.0123495
0.911242
0.871023
0.855823
0.825404
0.804141
0.777369
0.753911
0.728462
0.704198
0.679243
0.65468
0.629902
0.605238
0.580516
0.555823
0.531115
0.506415
0.481711
0.457009
0.432305
0.407603
0.3829
0.358197
0.333494
0.308791
0.284088
0.259385
0.234683
0.209978
0.185276
0.160571
0.135869
0.111163
0.0864619
0.0617558
0.0370557
0.0123495
0.911249
0.871023
0.855823
0.825404
0.804141
0.777369
0.753911
0.728462
0.704198
0.679243
0.65468
0.629902
0.605238
0.580516
0.555823
0.531115
0.506415
0.481711
0.457009
0.432305
0.407603
0.3829
0.358197
0.333494
0.308791
0.284088
0.259385
0.234683
0.209978
0.185276
0.160571
0.135869
0.111163
0.0864619
0.0617558
0.0370557
0.0123495
0.911265
0.871023
0.855823
0.825404
0.804141
0.777369
0.753911
0.728462
0.704198
0.679243
0.65468
0.629902
0.605238
0.580516
0.555823
0.531115
0.506415
0.481711
0.457009
0.432305
0.407603
0.3829
0.358197
0.333494
0.308791
0.284088
0.259385
0.234683
0.209978
0.185276
0.160571
0.135869
0.111163
0.0864619
0.0617558
0.0370557
0.0123495
0.911289
0.871024
0.855822
0.825404
0.80414
0.777369
0.753911
0.728462
0.704197
0.679243
0.65468
0.629902
0.605238
0.580516
0.555823
0.531115
0.506415
0.481711
0.457009
0.432305
0.407603
0.3829
0.358197
0.333494
0.308791
0.284088
0.259385
0.234683
0.209978
0.185276
0.160571
0.135869
0.111163
0.0864619
0.0617558
0.0370557
0.0123495
0.911322
0.871024
0.855822
0.825404
0.80414
0.777369
0.753911
0.728462
0.704197
0.679243
0.65468
0.629902
0.605238
0.580516
0.555823
0.531115
0.506415
0.481711
0.457009
0.432305
0.407603
0.3829
0.358197
0.333494
0.308791
0.284088
0.259385
0.234683
0.209978
0.185276
0.160571
0.135869
0.111163
0.0864619
0.0617558
0.0370557
0.0123495
0.911316
0.871024
0.855822
0.825404
0.80414
0.777369
0.753911
0.728462
0.704198
0.679243
0.65468
0.629902
0.605238
0.580516
0.555823
0.531115
0.506415
0.481711
0.457009
0.432305
0.407603
0.3829
0.358197
0.333494
0.308791
0.284088
0.259385
0.234683
0.209978
0.185276
0.160571
0.135869
0.111163
0.0864619
0.0617558
0.0370557
0.0123495
0.911282
0.871024
0.855822
0.825404
0.80414
0.777369
0.753911
0.728462
0.704197
0.679243
0.65468
0.629902
0.605238
0.580516
0.555823
0.531115
0.506415
0.481711
0.457009
0.432305
0.407603
0.3829
0.358197
0.333494
0.308791
0.284088
0.259385
0.234683
0.209978
0.185276
0.160571
0.135869
0.111163
0.0864619
0.0617558
0.0370557
0.0123495
0.911257
0.871023
0.855823
0.825404
0.804141
0.777369
0.753911
0.728462
0.704198
0.679243
0.65468
0.629902
0.605238
0.580516
0.555823
0.531115
0.506415
0.481711
0.457009
0.432305
0.407603
0.3829
0.358197
0.333494
0.308791
0.284088
0.259385
0.234683
0.209978
0.185276
0.160571
0.135869
0.111163
0.0864619
0.0617558
0.0370557
0.0123495
0.911242
0.871023
0.855823
0.825404
0.804141
0.777369
0.753911
0.728462
0.704198
0.679243
0.65468
0.629902
0.605238
0.580516
0.555823
0.531115
0.506415
0.481711
0.457009
0.432305
0.407603
0.3829
0.358197
0.333494
0.308791
0.284088
0.259385
0.234683
0.209978
0.185276
0.160571
0.135869
0.111163
0.0864619
0.0617558
0.0370557
0.0123495
0.911235
0.871023
0.855823
0.825404
0.804141
0.777369
0.753911
0.728462
0.704198
0.679243
0.65468
0.629902
0.605238
0.580516
0.555823
0.531115
0.506415
0.481711
0.457009
0.432305
0.407603
0.3829
0.358197
0.333494
0.308791
0.284088
0.259385
0.234683
0.209978
0.185276
0.160571
0.135869
0.111163
0.0864619
0.0617558
0.0370557
0.0123495
0.911235
0.871023
0.855823
0.825404
0.804141
0.777369
0.753911
0.728462
0.704198
0.679243
0.65468
0.629902
0.605238
0.580516
0.555823
0.531115
0.506415
0.481711
0.457009
0.432305
0.407603
0.3829
0.358197
0.333494
0.308791
0.284088
0.259385
0.234683
0.209978
0.185276
0.160571
0.135869
0.111163
0.0864619
0.0617558
0.0370557
0.0123495
0.911242
0.871023
0.855823
0.825404
0.804141
0.777369
0.753911
0.728462
0.704198
0.679243
0.65468
0.629902
0.605238
0.580516
0.555823
0.531115
0.506415
0.481711
0.457009
0.432305
0.407603
0.3829
0.358197
0.333494
0.308791
0.284088
0.259385
0.234683
0.209978
0.185276
0.160571
0.135869
0.111163
0.0864619
0.0617558
0.0370557
0.0123495
0.911257
0.871023
0.855823
0.825404
0.804141
0.777369
0.753911
0.728462
0.704198
0.679243
0.65468
0.629902
0.605238
0.580516
0.555823
0.531115
0.506415
0.481711
0.457009
0.432305
0.407603
0.3829
0.358197
0.333494
0.308791
0.284088
0.259385
0.234683
0.209978
0.185276
0.160571
0.135869
0.111163
0.0864619
0.0617558
0.0370557
0.0123495
0.911282
0.871024
0.855822
0.825404
0.80414
0.777369
0.753911
0.728462
0.704197
0.679243
0.65468
0.629902
0.605238
0.580516
0.555823
0.531115
0.506415
0.481711
0.457009
0.432305
0.407603
0.3829
0.358197
0.333494
0.308791
0.284088
0.259385
0.234683
0.209978
0.185276
0.160571
0.135869
0.111163
0.0864619
0.0617558
0.0370557
0.0123495
0.911316
0.871024
0.855822
0.825404
0.80414
0.777369
0.753911
0.728462
0.704198
0.679243
0.65468
0.629902
0.605238
0.580516
0.555823
0.531115
0.506415
0.481711
0.457009
0.432305
0.407603
0.3829
0.358197
0.333494
0.308791
0.284088
0.259385
0.234683
0.209978
0.185276
0.160571
0.135869
0.111163
0.0864619
0.0617558
0.0370557
0.0123495
0.911316
0.871024
0.855822
0.825404
0.80414
0.777369
0.753911
0.728462
0.704198
0.679243
0.65468
0.629902
0.605238
0.580516
0.555823
0.531115
0.506415
0.481711
0.457009
0.432305
0.407603
0.3829
0.358197
0.333494
0.308791
0.284088
0.259385
0.234683
0.209978
0.185276
0.160571
0.135869
0.111163
0.0864619
0.0617558
0.0370557
0.0123495
0.911282
0.871024
0.855822
0.825404
0.80414
0.777369
0.753911
0.728462
0.704197
0.679243
0.65468
0.629902
0.605238
0.580516
0.555823
0.531115
0.506415
0.481711
0.457009
0.432305
0.407603
0.3829
0.358197
0.333494
0.308791
0.284088
0.259385
0.234683
0.209978
0.185276
0.160571
0.135869
0.111163
0.0864619
0.0617558
0.0370557
0.0123495
0.911257
0.871023
0.855823
0.825404
0.804141
0.777369
0.753911
0.728462
0.704198
0.679243
0.65468
0.629902
0.605238
0.580516
0.555823
0.531115
0.506415
0.481711
0.457009
0.432305
0.407603
0.3829
0.358197
0.333494
0.308791
0.284088
0.259385
0.234683
0.209978
0.185276
0.160571
0.135869
0.111163
0.0864619
0.0617558
0.0370557
0.0123495
0.911242
0.871023
0.855823
0.825404
0.804141
0.777369
0.753911
0.728462
0.704198
0.679243
0.65468
0.629902
0.605238
0.580516
0.555823
0.531115
0.506415
0.481711
0.457009
0.432305
0.407603
0.3829
0.358197
0.333494
0.308791
0.284088
0.259385
0.234683
0.209978
0.185276
0.160571
0.135869
0.111163
0.0864619
0.0617558
0.0370557
0.0123495
0.911235
0.871023
0.855823
0.825404
0.804141
0.777369
0.753911
0.728462
0.704198
0.679243
0.65468
0.629902
0.605238
0.580516
0.555823
0.531115
0.506415
0.481711
0.457009
0.432305
0.407603
0.3829
0.358197
0.333494
0.308791
0.284088
0.259385
0.234683
0.209978
0.185276
0.160571
0.135869
0.111163
0.0864619
0.0617558
0.0370557
0.0123495
0.911235
0.871023
0.855823
0.825404
0.804141
0.777369
0.753911
0.728462
0.704198
0.679243
0.65468
0.629902
0.605238
0.580516
0.555823
0.531115
0.506415
0.481711
0.457009
0.432305
0.407603
0.3829
0.358197
0.333494
0.308791
0.284088
0.259385
0.234683
0.209978
0.185276
0.160571
0.135869
0.111163
0.0864619
0.0617558
0.0370557
0.0123495
0.911242
0.871023
0.855823
0.825404
0.804141
0.777369
0.753911
0.728462
0.704198
0.679243
0.65468
0.629902
0.605238
0.580516
0.555823
0.531115
0.506415
0.481711
0.457009
0.432305
0.407603
0.3829
0.358197
0.333494
0.308791
0.284088
0.259385
0.234683
0.209978
0.185276
0.160571
0.135869
0.111163
0.0864619
0.0617558
0.0370557
0.0123495
0.911257
0.871023
0.855823
0.825404
0.804141
0.777369
0.753911
0.728462
0.704198
0.679243
0.65468
0.629902
0.605238
0.580516
0.555823
0.531115
0.506415
0.481711
0.457009
0.432305
0.407603
0.3829
0.358197
0.333494
0.308791
0.284088
0.259385
0.234683
0.209978
0.185276
0.160571
0.135869
0.111163
0.0864619
0.0617558
0.0370557
0.0123495
0.911282
0.871024
0.855822
0.825404
0.80414
0.777369
0.753911
0.728462
0.704197
0.679243
0.65468
0.629902
0.605238
0.580516
0.555823
0.531115
0.506415
0.481711
0.457009
0.432305
0.407603
0.3829
0.358197
0.333494
0.308791
0.284088
0.259385
0.234683
0.209978
0.185276
0.160571
0.135869
0.111163
0.0864619
0.0617558
0.0370557
0.0123495
0.911316
0.871024
0.855822
0.825404
0.80414
0.777369
0.753911
0.728462
0.704198
0.679243
0.65468
0.629902
0.605238
0.580516
0.555823
0.531115
0.506415
0.481711
0.457009
0.432305
0.407603
0.3829
0.358197
0.333494
0.308791
0.284088
0.259385
0.234683
0.209978
0.185276
0.160571
0.135869
0.111163
0.0864619
0.0617558
0.0370557
0.0123495
0.911322
0.871024
0.855822
0.825404
0.80414
0.777369
0.753911
0.728462
0.704197
0.679243
0.65468
0.629902
0.605238
0.580516
0.555823
0.531115
0.506415
0.481711
0.457009
0.432305
0.407603
0.3829
0.358197
0.333494
0.308791
0.284088
0.259385
0.234683
0.209978
0.185276
0.160571
0.135869
0.111163
0.0864619
0.0617558
0.0370557
0.0123495
0.911289
0.871024
0.855822
0.825404
0.80414
0.777369
0.753911
0.728462
0.704197
0.679243
0.65468
0.629902
0.605238
0.580516
0.555823
0.531115
0.506415
0.481711
0.457009
0.432305
0.407603
0.3829
0.358197
0.333494
0.308791
0.284088
0.259385
0.234683
0.209978
0.185276
0.160571
0.135869
0.111163
0.0864619
0.0617558
0.0370557
0.0123495
0.911265
0.871023
0.855823
0.825404
0.804141
0.777369
0.753911
0.728462
0.704198
0.679243
0.65468
0.629902
0.605238
0.580516
0.555823
0.531115
0.506415
0.481711
0.457009
0.432305
0.407603
0.3829
0.358197
0.333494
0.308791
0.284088
0.259385
0.234683
0.209978
0.185276
0.160571
0.135869
0.111163
0.0864619
0.0617558
0.0370557
0.0123495
0.911249
0.871023
0.855823
0.825404
0.804141
0.777369
0.753911
0.728462
0.704198
0.679243
0.65468
0.629902
0.605238
0.580516
0.555823
0.531115
0.506415
0.481711
0.457009
0.432305
0.407603
0.3829
0.358197
0.333494
0.308791
0.284088
0.259385
0.234683
0.209978
0.185276
0.160571
0.135869
0.111163
0.0864619
0.0617558
0.0370557
0.0123495
0.911242
0.871023
0.855823
0.825404
0.804141
0.777369
0.753911
0.728462
0.704198
0.679243
0.65468
0.629902
0.605238
0.580516
0.555823
0.531115
0.506415
0.481711
0.457009
0.432305
0.407603
0.3829
0.358197
0.333494
0.308791
0.284088
0.259385
0.234683
0.209978
0.185276
0.160571
0.135869
0.111163
0.0864619
0.0617558
0.0370557
0.0123495
0.911242
0.871023
0.855823
0.825404
0.804141
0.777369
0.753911
0.728462
0.704198
0.679243
0.65468
0.629902
0.605238
0.580516
0.555823
0.531115
0.506415
0.481711
0.457009
0.432305
0.407603
0.3829
0.358197
0.333494
0.308791
0.284088
0.259385
0.234683
0.209978
0.185276
0.160571
0.135869
0.111163
0.0864619
0.0617558
0.0370557
0.0123495
0.911249
0.871023
0.855823
0.825404
0.804141
0.777369
0.753911
0.728462
0.704198
0.679243
0.65468
0.629902
0.605238
0.580516
0.555823
0.531115
0.506415
0.481711
0.457009
0.432305
0.407603
0.3829
0.358197
0.333494
0.308791
0.284088
0.259385
0.234683
0.209978
0.185276
0.160571
0.135869
0.111163
0.0864619
0.0617558
0.0370557
0.0123495
0.911265
0.871023
0.855823
0.825404
0.804141
0.777369
0.753911
0.728462
0.704198
0.679243
0.65468
0.629902
0.605238
0.580516
0.555823
0.531115
0.506415
0.481711
0.457009
0.432305
0.407603
0.3829
0.358197
0.333494
0.308791
0.284088
0.259385
0.234683
0.209978
0.185276
0.160571
0.135869
0.111163
0.0864619
0.0617558
0.0370557
0.0123495
0.911289
0.871024
0.855822
0.825404
0.80414
0.777369
0.753911
0.728462
0.704197
0.679243
0.65468
0.629902
0.605238
0.580516
0.555823
0.531115
0.506415
0.481711
0.457009
0.432305
0.407603
0.3829
0.358197
0.333494
0.308791
0.284088
0.259385
0.234683
0.209978
0.185276
0.160571
0.135869
0.111163
0.0864619
0.0617558
0.0370557
0.0123495
0.911322
0.871024
0.855822
0.825404
0.80414
0.777369
0.753911
0.728462
0.704197
0.679243
0.65468
0.629902
0.605238
0.580516
0.555823
0.531115
0.506415
0.481711
0.457009
0.432305
0.407603
0.3829
0.358197
0.333494
0.308791
0.284088
0.259385
0.234683
0.209978
0.185276
0.160571
0.135869
0.111163
0.0864619
0.0617558
0.0370557
0.0123495
0.911336
0.871025
0.855822
0.825405
0.80414
0.777369
0.753911
0.728462
0.704197
0.679243
0.65468
0.629902
0.605238
0.580516
0.555823
0.531115
0.506415
0.481711
0.457009
0.432305
0.407603
0.3829
0.358197
0.333494
0.308791
0.284088
0.259385
0.234683
0.209978
0.185276
0.160571
0.135869
0.111163
0.0864619
0.0617558
0.0370557
0.0123495
0.911304
0.871025
0.855822
0.825404
0.80414
0.777369
0.753911
0.728462
0.704197
0.679243
0.65468
0.629902
0.605238
0.580516
0.555823
0.531115
0.506415
0.481711
0.457009
0.432305
0.407603
0.3829
0.358197
0.333494
0.308791
0.284088
0.259385
0.234683
0.209978
0.185276
0.160571
0.135869
0.111163
0.0864619
0.0617558
0.0370557
0.0123495
0.911279
0.871024
0.855822
0.825404
0.80414
0.777369
0.753911
0.728462
0.704197
0.679243
0.65468
0.629902
0.605238
0.580516
0.555823
0.531115
0.506415
0.481711
0.457009
0.432305
0.407603
0.3829
0.358197
0.333494
0.308791
0.284088
0.259385
0.234683
0.209978
0.185276
0.160571
0.135869
0.111163
0.0864619
0.0617558
0.0370557
0.0123495
0.911265
0.871023
0.855823
0.825404
0.804141
0.777369
0.753911
0.728462
0.704198
0.679243
0.65468
0.629902
0.605238
0.580516
0.555823
0.531115
0.506415
0.481711
0.457009
0.432305
0.407603
0.3829
0.358197
0.333494
0.308791
0.284088
0.259385
0.234683
0.209978
0.185276
0.160571
0.135869
0.111163
0.0864619
0.0617558
0.0370557
0.0123495
0.911257
0.871023
0.855823
0.825404
0.804141
0.777369
0.753911
0.728462
0.704198
0.679243
0.65468
0.629902
0.605238
0.580516
0.555823
0.531115
0.506415
0.481711
0.457009
0.432305
0.407603
0.3829
0.358197
0.333494
0.308791
0.284088
0.259385
0.234683
0.209978
0.185276
0.160571
0.135869
0.111163
0.0864619
0.0617558
0.0370557
0.0123495
0.911257
0.871023
0.855823
0.825404
0.804141
0.777369
0.753911
0.728462
0.704198
0.679243
0.65468
0.629902
0.605238
0.580516
0.555823
0.531115
0.506415
0.481711
0.457009
0.432305
0.407603
0.3829
0.358197
0.333494
0.308791
0.284088
0.259385
0.234683
0.209978
0.185276
0.160571
0.135869
0.111163
0.0864619
0.0617558
0.0370557
0.0123495
0.911265
0.871023
0.855823
0.825404
0.804141
0.777369
0.753911
0.728462
0.704198
0.679243
0.65468
0.629902
0.605238
0.580516
0.555823
0.531115
0.506415
0.481711
0.457009
0.432305
0.407603
0.3829
0.358197
0.333494
0.308791
0.284088
0.259385
0.234683
0.209978
0.185276
0.160571
0.135869
0.111163
0.0864619
0.0617558
0.0370557
0.0123495
0.911279
0.871024
0.855822
0.825404
0.80414
0.777369
0.753911
0.728462
0.704197
0.679243
0.65468
0.629902
0.605238
0.580516
0.555823
0.531115
0.506415
0.481711
0.457009
0.432305
0.407603
0.3829
0.358197
0.333494
0.308791
0.284088
0.259385
0.234683
0.209978
0.185276
0.160571
0.135869
0.111163
0.0864619
0.0617558
0.0370557
0.0123495
0.911304
0.871025
0.855822
0.825404
0.80414
0.777369
0.753911
0.728462
0.704197
0.679243
0.65468
0.629902
0.605238
0.580516
0.555823
0.531115
0.506415
0.481711
0.457009
0.432305
0.407603
0.3829
0.358197
0.333494
0.308791
0.284088
0.259385
0.234683
0.209978
0.185276
0.160571
0.135869
0.111163
0.0864619
0.0617558
0.0370557
0.0123495
0.911336
0.871025
0.855822
0.825405
0.80414
0.777369
0.753911
0.728462
0.704197
0.679243
0.65468
0.629902
0.605238
0.580516
0.555823
0.531115
0.506415
0.481711
0.457009
0.432305
0.407603
0.3829
0.358197
0.333494
0.308791
0.284088
0.259385
0.234683
0.209978
0.185276
0.160571
0.135869
0.111163
0.0864619
0.0617558
0.0370557
0.0123495
0.911362
0.871026
0.855821
0.825405
0.80414
0.77737
0.753911
0.728462
0.704197
0.679243
0.65468
0.629902
0.605238
0.580516
0.555823
0.531115
0.506415
0.481711
0.457009
0.432305
0.407603
0.3829
0.358197
0.333494
0.308791
0.284088
0.259385
0.234683
0.209978
0.185276
0.160571
0.135869
0.111163
0.0864619
0.0617558
0.0370557
0.0123495
0.911329
0.871026
0.855821
0.825405
0.80414
0.77737
0.753911
0.728462
0.704197
0.679243
0.65468
0.629902
0.605238
0.580516
0.555823
0.531115
0.506415
0.481711
0.457009
0.432305
0.407603
0.3829
0.358197
0.333494
0.308791
0.284088
0.259385
0.234683
0.209978
0.185276
0.160571
0.135869
0.111163
0.0864619
0.0617558
0.0370557
0.0123495
0.911304
0.871025
0.855822
0.825404
0.80414
0.777369
0.753911
0.728462
0.704197
0.679243
0.65468
0.629902
0.605238
0.580516
0.555823
0.531115
0.506415
0.481711
0.457009
0.432305
0.407603
0.3829
0.358197
0.333494
0.308791
0.284088
0.259385
0.234683
0.209978
0.185276
0.160571
0.135869
0.111163
0.0864619
0.0617558
0.0370557
0.0123495
0.911289
0.871024
0.855822
0.825404
0.80414
0.777369
0.753911
0.728462
0.704197
0.679243
0.65468
0.629902
0.605238
0.580516
0.555823
0.531115
0.506415
0.481711
0.457009
0.432305
0.407603
0.3829
0.358197
0.333494
0.308791
0.284088
0.259385
0.234683
0.209978
0.185276
0.160571
0.135869
0.111163
0.0864619
0.0617558
0.0370557
0.0123495
0.911282
0.871024
0.855822
0.825404
0.80414
0.777369
0.753911
0.728462
0.704197
0.679243
0.65468
0.629902
0.605238
0.580516
0.555823
0.531115
0.506415
0.481711
0.457009
0.432305
0.407603
0.3829
0.358197
0.333494
0.308791
0.284088
0.259385
0.234683
0.209978
0.185276
0.160571
0.135869
0.111163
0.0864619
0.0617558
0.0370557
0.0123495
0.911282
0.871024
0.855822
0.825404
0.80414
0.777369
0.753911
0.728462
0.704197
0.679243
0.65468
0.629902
0.605238
0.580516
0.555823
0.531115
0.506415
0.481711
0.457009
0.432305
0.407603
0.3829
0.358197
0.333494
0.308791
0.284088
0.259385
0.234683
0.209978
0.185276
0.160571
0.135869
0.111163
0.0864619
0.0617558
0.0370557
0.0123495
0.911289
0.871024
0.855822
0.825404
0.80414
0.777369
0.753911
0.728462
0.704197
0.679243
0.65468
0.629902
0.605238
0.580516
0.555823
0.531115
0.506415
0.481711
0.457009
0.432305
0.407603
0.3829
0.358197
0.333494
0.308791
0.284088
0.259385
0.234683
0.209978
0.185276
0.160571
0.135869
0.111163
0.0864619
0.0617558
0.0370557
0.0123495
0.911304
0.871025
0.855822
0.825404
0.80414
0.777369
0.753911
0.728462
0.704197
0.679243
0.65468
0.629902
0.605238
0.580516
0.555823
0.531115
0.506415
0.481711
0.457009
0.432305
0.407603
0.3829
0.358197
0.333494
0.308791
0.284088
0.259385
0.234683
0.209978
0.185276
0.160571
0.135869
0.111163
0.0864619
0.0617558
0.0370557
0.0123495
0.911329
0.871026
0.855821
0.825405
0.80414
0.77737
0.753911
0.728462
0.704197
0.679243
0.65468
0.629902
0.605238
0.580516
0.555823
0.531115
0.506415
0.481711
0.457009
0.432305
0.407603
0.3829
0.358197
0.333494
0.308791
0.284088
0.259385
0.234683
0.209978
0.185276
0.160571
0.135869
0.111163
0.0864619
0.0617558
0.0370557
0.0123495
0.911362
0.871026
0.855821
0.825405
0.80414
0.77737
0.753911
0.728462
0.704197
0.679243
0.65468
0.629902
0.605238
0.580516
0.555823
0.531115
0.506415
0.481711
0.457009
0.432305
0.407603
0.3829
0.358197
0.333494
0.308791
0.284088
0.259385
0.234683
0.209978
0.185276
0.160571
0.135869
0.111163
0.0864619
0.0617558
0.0370557
0.0123495
0.911399
0.871027
0.85582
0.825405
0.80414
0.77737
0.753911
0.728462
0.704197
0.679243
0.65468
0.629902
0.605238
0.580516
0.555823
0.531115
0.506415
0.481711
0.457009
0.432305
0.407603
0.3829
0.358197
0.333494
0.308791
0.284088
0.259385
0.234683
0.209978
0.185276
0.160571
0.135869
0.111163
0.0864619
0.0617558
0.0370557
0.0123495
0.911362
0.871026
0.855821
0.825405
0.80414
0.77737
0.753911
0.728462
0.704197
0.679243
0.65468
0.629902
0.605238
0.580516
0.555823
0.531115
0.506415
0.481711
0.457009
0.432305
0.407603
0.3829
0.358197
0.333494
0.308791
0.284088
0.259385
0.234683
0.209978
0.185276
0.160571
0.135869
0.111163
0.0864619
0.0617558
0.0370557
0.0123495
0.911336
0.871025
0.855822
0.825405
0.80414
0.777369
0.753911
0.728462
0.704197
0.679243
0.65468
0.629902
0.605238
0.580516
0.555823
0.531115
0.506415
0.481711
0.457009
0.432305
0.407603
0.3829
0.358197
0.333494
0.308791
0.284088
0.259385
0.234683
0.209978
0.185276
0.160571
0.135869
0.111163
0.0864619
0.0617558
0.0370557
0.0123495
0.911322
0.871024
0.855822
0.825404
0.80414
0.777369
0.753911
0.728462
0.704197
0.679243
0.65468
0.629902
0.605238
0.580516
0.555823
0.531115
0.506415
0.481711
0.457009
0.432305
0.407603
0.3829
0.358197
0.333494
0.308791
0.284088
0.259385
0.234683
0.209978
0.185276
0.160571
0.135869
0.111163
0.0864619
0.0617558
0.0370557
0.0123495
0.911316
0.871024
0.855822
0.825404
0.80414
0.777369
0.753911
0.728462
0.704198
0.679243
0.65468
0.629902
0.605238
0.580516
0.555823
0.531115
0.506415
0.481711
0.457009
0.432305
0.407603
0.3829
0.358197
0.333494
0.308791
0.284088
0.259385
0.234683
0.209978
0.185276
0.160571
0.135869
0.111163
0.0864619
0.0617558
0.0370557
0.0123495
0.911316
0.871024
0.855822
0.825404
0.80414
0.777369
0.753911
0.728462
0.704198
0.679243
0.65468
0.629902
0.605238
0.580516
0.555823
0.531115
0.506415
0.481711
0.457009
0.432305
0.407603
0.3829
0.358197
0.333494
0.308791
0.284088
0.259385
0.234683
0.209978
0.185276
0.160571
0.135869
0.111163
0.0864619
0.0617558
0.0370557
0.0123495
0.911322
0.871024
0.855822
0.825404
0.80414
0.777369
0.753911
0.728462
0.704197
0.679243
0.65468
0.629902
0.605238
0.580516
0.555823
0.531115
0.506415
0.481711
0.457009
0.432305
0.407603
0.3829
0.358197
0.333494
0.308791
0.284088
0.259385
0.234683
0.209978
0.185276
0.160571
0.135869
0.111163
0.0864619
0.0617558
0.0370557
0.0123495
0.911336
0.871025
0.855822
0.825405
0.80414
0.777369
0.753911
0.728462
0.704197
0.679243
0.65468
0.629902
0.605238
0.580516
0.555823
0.531115
0.506415
0.481711
0.457009
0.432305
0.407603
0.3829
0.358197
0.333494
0.308791
0.284088
0.259385
0.234683
0.209978
0.185276
0.160571
0.135869
0.111163
0.0864619
0.0617558
0.0370557
0.0123495
0.911362
0.871026
0.855821
0.825405
0.80414
0.77737
0.753911
0.728462
0.704197
0.679243
0.65468
0.629902
0.605238
0.580516
0.555823
0.531115
0.506415
0.481711
0.457009
0.432305
0.407603
0.3829
0.358197
0.333494
0.308791
0.284088
0.259385
0.234683
0.209978
0.185276
0.160571
0.135869
0.111163
0.0864619
0.0617558
0.0370557
0.0123495
0.911399
0.871027
0.85582
0.825405
0.80414
0.77737
0.753911
0.728462
0.704197
0.679243
0.65468
0.629902
0.605238
0.580516
0.555823
0.531115
0.506415
0.481711
0.457009
0.432305
0.407603
0.3829
0.358197
0.333494
0.308791
0.284088
0.259385
0.234683
0.209978
0.185276
0.160571
0.135869
0.111163
0.0864619
0.0617558
0.0370557
0.0123495
)
;

boundaryField
{
    inlet
    {
        type            zeroGradient;
    }
    outlet
    {
        type            fixedValue;
        value           uniform 0;
    }
    Walls
    {
        type            zeroGradient;
    }
}


// ************************************************************************* //
