/*--------------------------------*- C++ -*----------------------------------*\
  =========                 |
  \\      /  F ield         | OpenFOAM: The Open Source CFD Toolbox
   \\    /   O peration     | Website:  https://openfoam.org
    \\  /    A nd           | Version:  13
     \\/     M anipulation  |
\*---------------------------------------------------------------------------*/
FoamFile
{
    format      ascii;
    class       faceList;
    location    "constant/polyMesh";
    object      faces;
}
// * * * * * * * * * * * * * * * * * * * * * * * * * * * * * * * * * * * * * //


1912
(
3(286 285 186)
3(384 286 186)
3(384 186 285)
3(88 186 286)
3(87 286 186)
3(389 191 290)
3(291 290 191)
3(291 191 389)
3(324 225 126)
3(125 225 324)
3(125 126 225)
3(398 200 300)
3(399 300 200)
3(287 187 385)
3(385 187 286)
3(287 286 187)
3(12 211 111)
3(13 111 211)
3(247 246 147)
3(345 147 246)
3(345 247 147)
3(74 273 173)
3(75 173 273)
3(304 303 204)
3(402 204 303)
3(402 304 204)
3(349 250 150)
3(348 150 250)
3(208 207 108)
3(306 208 108)
3(306 108 207)
3(398 299 200)
3(199 200 299)
3(199 299 398)
3(308 110 209)
3(210 209 110)
3(210 110 308)
3(400 202 302)
3(401 302 202)
3(190 191 290)
3(389 190 290)
3(309 210 111)
3(110 111 210)
3(110 210 309)
3(364 265 165)
3(363 165 265)
3(401 203 303)
3(402 303 203)
3(375 276 176)
3(374 176 276)
3(211 210 111)
3(309 211 111)
3(208 9 108)
3(9 207 108)
3(388 190 289)
3(290 289 190)
3(290 190 388)
3(277 177 375)
3(375 177 276)
3(277 276 177)
3(264 164 362)
3(362 164 263)
3(264 263 164)
3(387 189 289)
3(388 289 189)
3(92 191 290)
3(190 92 290)
3(363 264 164)
3(324 226 126)
3(226 225 126)
3(12 210 111)
3(386 187 287)
3(187 188 287)
3(386 287 188)
3(151 251 350)
3(350 251 152)
3(151 152 251)
3(115 17 215)
3(115 215 314)
3(115 314 17)
3(215 17 314)
3(186 187 286)
3(385 186 286)
3(292 291 192)
3(390 192 291)
3(390 292 192)
3(92 191 291)
3(387 189 288)
3(289 288 189)
3(223 222 123)
3(321 223 123)
3(321 123 222)
3(189 190 289)
3(88 187 286)
3(368 269 169)
3(367 169 269)
3(10 108 208)
3(35 233 134)
3(234 134 233)
3(35 134 234)
3(165 166 265)
3(364 265 166)
3(327 228 128)
3(326 128 228)
3(303 302 203)
3(401 203 302)
3(24 222 123)
3(223 24 123)
3(24 222 122)
3(122 222 123)
3(23 222 122)
3(298 198 396)
3(396 198 297)
3(298 297 198)
3(300 299 200)
3(297 296 197)
3(395 297 197)
3(395 197 296)
3(100 299 199)
3(101 199 299)
3(107 207 108)
3(9 207 107)
3(397 298 199)
3(198 298 397)
3(198 199 298)
3(392 293 194)
3(193 293 392)
3(193 194 293)
3(16 114 214)
3(15 214 114)
3(331 233 133)
3(233 232 133)
3(331 133 232)
3(292 93 192)
3(93 291 192)
3(332 233 133)
3(133 233 134)
3(133 35 233)
3(332 233 134)
3(233 34 133)
3(34 232 133)
3(297 98 197)
3(98 296 197)
3(299 298 199)
3(397 299 199)
3(245 244 145)
3(343 145 244)
3(343 245 145)
3(169 170 269)
3(368 269 170)
3(104 302 203)
3(303 104 203)
3(330 132 231)
3(232 132 330)
3(232 231 132)
3(27 125 225)
3(26 225 125)
3(340 242 43)
3(241 340 43)
3(104 302 202)
3(202 302 203)
3(100 298 199)
3(308 209 109)
3(307 109 209)
3(362 263 163)
3(361 163 263)
3(91 290 190)
3(163 164 263)
3(359 260 160)
3(358 160 260)
3(371 172 272)
3(172 173 272)
3(371 272 173)
3(328 229 129)
3(327 129 229)
3(313 214 115)
3(114 115 214)
3(114 214 313)
3(376 277 177)
3(46 144 244)
3(45 244 144)
3(258 158 356)
3(356 158 257)
3(258 257 158)
3(52 250 151)
3(52 151 251)
3(251 151 250)
3(370 172 272)
3(369 270 170)
3(368 170 270)
3(349 151 251)
3(103 302 202)
3(150 151 250)
3(349 250 151)
3(307 108 208)
3(108 109 208)
3(307 208 109)
3(323 125 225)
3(322 223 123)
3(272 271 172)
3(370 172 271)
3(369 171 270)
3(271 270 171)
3(271 171 369)
3(302 301 202)
3(400 202 301)
3(73 271 172)
3(272 73 172)
3(73 171 271)
3(72 271 171)
3(325 226 126)
3(226 27 126)
3(27 225 126)
3(46 244 145)
3(245 46 145)
3(170 171 270)
3(171 271 172)
3(225 224 125)
3(323 125 224)
3(169 71 269)
3(71 170 269)
3(343 244 144)
3(342 144 244)
3(301 201 399)
3(399 201 300)
3(301 300 201)
3(295 394 97)
3(394 296 97)
3(72 171 270)
3(170 72 270)
3(144 244 145)
3(48 246 147)
3(247 48 147)
3(65 164 263)
3(163 65 263)
3(379 181 280)
3(281 181 379)
3(281 280 181)
3(363 264 165)
3(164 165 264)
3(94 192 292)
3(310 111 211)
3(111 112 211)
3(310 211 112)
3(197 198 297)
3(396 197 297)
3(176 177 276)
3(47 145 245)
3(391 192 292)
3(192 193 292)
3(391 292 193)
3(103 301 202)
3(400 301 201)
3(60 258 158)
3(357 158 258)
3(60 357 258)
3(60 158 357)
3(377 278 179)
3(178 278 377)
3(178 179 278)
3(59 258 158)
3(37 236 136)
3(38 136 236)
3(74 173 272)
3(172 74 272)
3(70 269 169)
3(344 146 246)
3(345 246 146)
3(129 130 229)
3(328 229 130)
3(234 134 332)
3(383 185 284)
3(285 284 185)
3(285 185 383)
3(89 187 287)
3(88 287 187)
3(273 173 272)
3(200 201 300)
3(165 67 265)
3(67 166 265)
3(56 255 155)
3(57 155 255)
3(344 146 245)
3(246 245 146)
3(30 229 129)
3(31 129 229)
3(197 99 297)
3(99 198 297)
3(390 291 191)
3(145 146 245)
3(344 145 245)
3(71 270 170)
3(146 246 147)
3(48 246 146)
3(265 264 165)
3(191 291 192)
3(93 291 191)
3(269 268 169)
3(367 169 268)
3(67 266 166)
3(68 166 266)
3(53 252 152)
3(54 152 252)
3(376 277 178)
3(177 178 277)
3(10 109 208)
3(89 188 287)
3(101 200 299)
3(313 215 115)
3(215 214 115)
3(128 129 228)
3(327 228 129)
3(16 215 115)
3(58 355 257)
3(256 355 58)
3(30 129 228)
3(128 30 228)
3(87 285 186)
3(99 198 298)
3(89 188 288)
3(288 188 287)
3(66 265 165)
3(150 52 250)
3(278 277 178)
3(376 278 178)
3(171 271 370)
3(105 303 204)
3(304 105 204)
3(28 126 226)
3(103 201 301)
3(102 301 201)
3(10 109 209)
3(209 109 208)
3(252 251 152)
3(350 252 152)
3(266 166 265)
3(53 251 152)
3(66 264 165)
3(91 190 289)
3(189 91 289)
3(16 214 115)
3(47 246 146)
3(273 173 371)
3(49 147 247)
3(188 189 288)
3(387 188 288)
3(122 222 321)
3(78 277 177)
3(79 177 277)
3(90 188 288)
3(53 251 151)
3(109 110 209)
3(78 177 276)
3(176 78 276)
3(47 146 245)
3(105 203 303)
3(109 11 209)
3(11 110 209)
3(90 189 288)
3(203 303 204)
3(90 189 289)
3(77 276 176)
3(274 373 76)
3(373 275 76)
3(270 170 269)
3(229 129 228)
3(107 207 306)
3(94 193 292)
3(300 101 200)
3(374 176 275)
3(276 275 176)
3(288 188 386)
3(266 166 364)
3(100 198 298)
3(200 102 300)
3(102 201 300)
3(66 264 164)
3(175 176 275)
3(374 175 275)
3(65 264 164)
3(201 301 202)
3(70 268 169)
3(12 110 210)
3(11 210 110)
3(157 158 257)
3(356 157 257)
3(381 183 282)
3(283 183 381)
3(283 282 183)
3(333 234 134)
3(304 204 403)
3(3 0 304)
3(3 304 2)
3(3 1 304)
3(3 106 304)
3(3 304 403)
3(205 3 304)
3(205 304 403)
3(304 205 106)
3(5 6 206)
3(5 305 7)
3(5 107 305)
3(107 206 8)
3(107 5 206)
3(5 305 6)
3(5 305 206)
3(8 107 207)
3(107 206 207)
3(14 404 113)
3(311 14 113)
3(311 113 404)
3(311 404 14)
3(13 112 211)
3(180 378 431)
3(378 179 431)
3(180 431 179)
3(261 426 63)
3(261 360 426)
3(261 63 360)
3(360 63 426)
3(14 404 13)
3(13 404 113)
3(14 114 312)
3(14 312 113)
3(15 114 312)
3(15 312 14)
3(404 14 211)
3(212 404 211)
3(212 14 404)
3(404 13 211)
3(15 312 214)
3(15 213 312)
3(405 15 212)
3(213 405 212)
3(213 15 405)
3(15 14 405)
3(405 14 212)
3(312 214 114)
3(17 117 315)
3(17 315 116)
3(18 117 315)
3(18 315 17)
3(17 116 314)
3(430 378 279)
3(378 180 279)
3(430 180 378)
3(430 279 180)
3(279 430 280)
3(280 430 378)
3(18 316 118)
3(316 19 118)
3(18 19 316)
3(406 18 215)
3(216 406 215)
3(216 18 406)
3(18 17 406)
3(406 17 215)
3(18 316 117)
3(19 317 119)
3(317 20 119)
3(19 20 317)
3(407 19 216)
3(217 407 216)
3(217 19 407)
3(19 18 407)
3(407 18 216)
3(19 317 118)
3(20 318 120)
3(318 21 120)
3(20 21 318)
3(408 20 217)
3(218 408 217)
3(218 20 408)
3(20 19 408)
3(408 19 217)
3(20 318 119)
3(21 319 121)
3(319 22 121)
3(21 22 319)
3(409 21 218)
3(219 409 218)
3(219 21 409)
3(21 20 409)
3(409 20 218)
3(21 319 120)
3(22 122 320)
3(22 320 121)
3(23 122 320)
3(23 320 22)
3(410 22 219)
3(220 410 219)
3(220 22 410)
3(22 21 410)
3(410 21 219)
3(23 320 222)
3(23 221 320)
3(411 23 220)
3(221 411 220)
3(221 23 411)
3(23 22 411)
3(411 22 220)
3(320 222 122)
3(223 25 123)
3(412 223 26)
3(25 412 26)
3(25 223 412)
3(412 224 26)
3(223 224 412)
3(125 412 25)
3(412 124 25)
3(125 124 412)
3(123 124 223)
3(322 223 124)
3(412 26 125)
3(26 224 125)
3(253 55 423)
3(253 154 55)
3(154 423 55)
3(253 423 154)
3(431 180 279)
3(378 431 279)
3(28 126 325)
3(28 325 226)
3(28 128 326)
3(28 326 127)
3(29 128 326)
3(29 326 28)
3(28 127 325)
3(29 228 128)
3(29 326 228)
3(29 227 326)
3(413 29 226)
3(227 413 226)
3(227 29 413)
3(413 28 226)
3(29 28 413)
3(414 329 328)
3(130 329 414)
3(130 414 328)
3(31 131 414)
3(31 414 130)
3(130 414 131)
3(31 130 229)
3(32 414 31)
3(32 131 414)
3(406 315 314)
3(17 314 315)
3(17 315 406)
3(17 406 314)
3(414 32 229)
3(230 32 414)
3(230 414 229)
3(414 31 229)
3(330 414 132)
3(131 414 330)
3(131 132 414)
3(414 132 231)
3(330 414 231)
3(33 32 414)
3(33 414 230)
3(331 232 132)
3(33 132 231)
3(414 132 33)
3(414 33 231)
3(33 132 232)
3(34 132 232)
3(132 232 133)
3(134 234 36)
3(36 334 136)
3(334 37 136)
3(36 37 334)
3(36 334 135)
3(36 333 134)
3(36 135 333)
3(415 37 234)
3(235 415 234)
3(235 37 415)
3(37 36 415)
3(415 36 234)
3(37 236 334)
3(334 236 136)
3(37 235 334)
3(136 236 335)
3(136 137 236)
3(335 236 137)
3(416 236 39)
3(38 416 39)
3(38 236 416)
3(236 237 416)
3(416 237 39)
3(416 236 137)
3(237 416 137)
3(237 137 236)
3(138 416 38)
3(416 137 38)
3(138 137 416)
3(416 39 138)
3(337 417 139)
3(138 139 417)
3(138 417 337)
3(337 238 139)
3(417 238 337)
3(417 139 238)
3(337 239 139)
3(239 238 139)
3(417 40 237)
3(238 417 237)
3(238 40 417)
3(40 39 417)
3(417 39 237)
3(338 139 239)
3(139 140 239)
3(338 239 140)
3(418 239 42)
3(41 418 42)
3(41 239 418)
3(418 240 42)
3(239 240 418)
3(141 418 41)
3(141 140 418)
3(418 140 41)
3(139 41 239)
3(41 140 239)
3(418 42 141)
3(42 340 142)
3(340 43 142)
3(42 43 340)
3(42 340 141)
3(44 242 142)
3(341 44 142)
3(341 142 242)
3(341 242 44)
3(43 242 142)
3(340 242 142)
3(419 43 240)
3(241 43 419)
3(241 419 240)
3(419 42 240)
3(43 42 419)
3(340 419 241)
3(340 43 419)
3(44 342 144)
3(342 45 144)
3(44 45 342)
3(44 342 143)
3(44 143 341)
3(420 45 242)
3(243 420 242)
3(243 45 420)
3(420 44 242)
3(45 44 420)
3(45 244 342)
3(45 243 342)
3(346 247 148)
3(147 247 346)
3(147 148 247)
3(50 248 148)
3(347 50 148)
3(347 148 248)
3(347 248 50)
3(248 247 148)
3(346 248 148)
3(49 248 148)
3(49 247 148)
3(50 348 150)
3(348 51 150)
3(50 51 348)
3(50 348 149)
3(50 149 347)
3(51 250 150)
3(51 348 250)
3(51 249 348)
3(421 51 248)
3(249 421 248)
3(249 51 421)
3(421 50 248)
3(51 50 421)
3(152 252 351)
3(152 153 252)
3(351 252 153)
3(422 252 55)
3(54 422 55)
3(54 252 422)
3(252 253 422)
3(422 253 55)
3(422 252 153)
3(253 422 153)
3(253 153 252)
3(154 422 54)
3(422 153 54)
3(154 153 422)
3(422 55 154)
3(353 423 155)
3(154 155 423)
3(154 423 353)
3(353 254 155)
3(423 254 353)
3(423 155 254)
3(255 254 155)
3(353 255 155)
3(423 56 253)
3(254 423 253)
3(254 56 423)
3(56 55 423)
3(56 254 155)
3(57 355 157)
3(355 58 157)
3(57 58 355)
3(57 354 155)
3(57 156 354)
3(354 155 255)
3(57 354 255)
3(57 355 156)
3(157 59 257)
3(59 158 257)
3(58 257 157)
3(355 257 157)
3(424 58 255)
3(256 424 255)
3(256 58 424)
3(58 57 424)
3(424 57 255)
3(357 258 61)
3(357 61 60)
3(425 60 160)
3(159 425 160)
3(159 60 425)
3(60 61 425)
3(425 61 160)
3(60 159 357)
3(260 62 160)
3(61 260 160)
3(61 358 260)
3(61 259 358)
3(61 357 259)
3(62 162 360)
3(62 360 161)
3(62 359 160)
3(62 161 359)
3(63 162 360)
3(63 360 62)
3(63 163 361)
3(63 361 162)
3(64 163 361)
3(64 361 63)
3(426 63 260)
3(261 426 260)
3(63 62 426)
3(426 62 260)
3(64 361 263)
3(64 262 361)
3(427 64 261)
3(262 427 261)
3(262 64 427)
3(427 63 261)
3(64 63 427)
3(64 263 163)
3(68 166 365)
3(365 166 266)
3(68 365 266)
3(68 168 366)
3(68 366 167)
3(69 168 366)
3(69 366 68)
3(68 167 365)
3(70 268 168)
3(168 268 169)
3(69 366 268)
3(69 267 366)
3(428 69 266)
3(267 428 266)
3(267 69 428)
3(428 68 266)
3(69 68 428)
3(69 268 168)
3(168 268 367)
3(75 173 372)
3(372 173 273)
3(75 372 273)
3(75 175 373)
3(75 373 174)
3(373 76 175)
3(75 76 373)
3(75 174 372)
3(77 176 275)
3(175 77 275)
3(373 175 275)
3(429 76 273)
3(274 76 429)
3(274 429 273)
3(429 75 273)
3(76 75 429)
3(373 429 274)
3(373 76 429)
3(76 175 275)
3(377 431 179)
3(431 278 179)
3(377 278 431)
3(278 79 178)
3(79 277 178)
3(80 178 278)
3(378 377 431)
3(431 80 81)
3(431 81 180)
3(431 180 80)
3(431 278 80)
3(80 278 179)
3(431 80 179)
3(430 279 82)
3(81 430 82)
3(81 279 430)
3(430 280 82)
3(431 81 278)
3(279 81 431)
3(279 431 278)
3(181 430 81)
3(181 180 430)
3(430 180 81)
3(430 82 181)
3(430 181 280)
3(379 181 430)
3(379 430 280)
3(181 182 281)
3(380 181 281)
3(380 281 182)
3(83 181 281)
3(82 281 181)
3(82 181 280)
3(182 183 282)
3(381 182 282)
3(83 182 281)
3(83 282 182)
3(84 182 282)
3(282 182 281)
3(154 422 253)
3(81 180 279)
3(382 283 183)
3(84 183 282)
3(230 328 414)
3(230 414 329)
3(382 284 184)
3(284 283 184)
3(382 184 283)
3(383 284 184)
3(284 85 184)
3(85 283 184)
3(184 185 284)
3(86 185 284)
3(184 86 284)
3(87 285 185)
3(185 285 186)
3(86 285 185)
3(185 285 384)
3(294 293 194)
3(392 294 194)
3(293 193 292)
3(94 193 293)
3(391 193 293)
3(96 294 194)
3(393 96 194)
3(393 194 294)
3(393 294 96)
3(294 95 194)
3(95 293 194)
3(95 293 193)
3(96 196 394)
3(96 394 195)
3(96 195 393)
3(394 97 196)
3(96 97 394)
3(394 196 296)
3(395 296 196)
3(432 97 294)
3(295 97 432)
3(295 432 294)
3(432 96 294)
3(97 96 432)
3(394 432 295)
3(394 97 432)
3(97 196 296)
3(98 196 296)
3(196 296 197)
3(304 106 204)
3(304 205 204)
3(107 207 305)
3(406 216 314)
3(406 315 216)
3(14 312 311)
3(404 212 310)
3(404 310 311)
3(404 311 212)
3(18 316 315)
3(19 317 316)
3(20 318 317)
3(21 319 318)
3(22 320 319)
3(414 130 229)
3(323 412 322)
3(224 322 412)
3(224 412 323)
3(414 229 328)
3(28 326 325)
3(406 215 314)
3(329 131 414)
3(329 414 330)
3(36 333 234)
3(36 334 333)
3(137 237 336)
3(137 138 237)
3(237 138 336)
3(137 237 335)
3(239 40 139)
3(40 238 139)
3(339 418 338)
3(240 418 339)
3(240 338 418)
3(339 140 418)
3(339 418 141)
3(339 42 340)
3(339 141 42)
3(44 342 341)
3(50 348 347)
3(153 253 352)
3(153 154 253)
3(253 154 352)
3(153 253 351)
3(57 355 354)
3(358 425 159)
3(425 357 159)
3(358 357 425)
3(425 160 358)
3(62 359 260)
3(160 61 358)
3(62 360 359)
3(63 361 360)
3(68 366 365)
3(366 268 168)
3(75 373 372)
3(180 379 430)
3(430 379 378)
3(282 182 380)
3(84 183 283)
3(96 394 393)
3(206 305 107)
3(311 213 405)
3(311 405 212)
3(312 213 405)
3(312 405 311)
3(315 217 407)
3(315 407 216)
3(316 218 408)
3(316 408 217)
3(316 407 315)
3(316 217 407)
3(317 219 409)
3(317 409 218)
3(317 408 316)
3(317 218 408)
3(318 220 410)
3(318 410 219)
3(318 409 317)
3(318 219 409)
3(319 410 318)
3(319 220 410)
3(319 221 411)
3(319 411 220)
3(320 221 411)
3(320 411 319)
3(325 227 413)
3(325 413 226)
3(326 227 413)
3(326 413 325)
3(333 235 415)
3(333 415 234)
3(334 235 415)
3(334 415 333)
3(336 238 417)
3(336 417 237)
3(337 417 336)
3(339 241 419)
3(339 419 240)
3(419 339 340)
3(341 243 420)
3(341 420 242)
3(342 243 420)
3(342 420 341)
3(347 249 421)
3(347 421 248)
3(348 249 421)
3(348 421 347)
3(352 254 423)
3(352 423 253)
3(353 423 352)
3(354 256 424)
3(354 424 255)
3(355 424 354)
3(355 256 424)
3(61 357 358)
3(359 261 426)
3(359 426 260)
3(360 262 427)
3(360 427 261)
3(360 426 359)
3(361 262 427)
3(361 427 360)
3(365 267 428)
3(365 428 266)
3(366 267 428)
3(366 428 365)
3(372 274 429)
3(372 429 273)
3(429 372 373)
3(377 279 431)
3(393 295 432)
3(393 432 294)
3(432 393 394)
3(112 404 113)
3(13 404 112)
3(112 404 311)
3(405 15 312)
3(14 405 312)
3(316 18 407)
3(316 407 19)
3(317 19 408)
3(317 408 20)
3(318 20 409)
3(318 409 21)
3(319 21 410)
3(319 410 22)
3(411 23 320)
3(22 411 320)
3(339 419 42)
3(240 339 42)
3(25 124 223)
3(413 28 325)
3(413 29 326)
3(28 413 326)
3(334 415 37)
3(334 36 415)
3(38 236 137)
3(39 417 139)
3(40 139 417)
3(39 417 138)
3(418 140 239)
3(360 427 63)
3(340 42 419)
3(341 420 44)
3(342 420 45)
3(342 44 420)
3(347 421 50)
3(348 421 51)
3(348 50 421)
3(54 252 153)
3(55 423 155)
3(56 155 423)
3(355 57 424)
3(355 424 58)
3(354 424 57)
3(60 357 425)
3(425 357 61)
3(62 426 360)
3(427 64 361)
3(63 427 361)
3(365 428 68)
3(428 69 366)
3(68 428 366)
3(372 429 75)
3(373 75 429)
3(85 183 283)
3(404 211 310)
3(32 414 132)
3(393 432 96)
3(394 96 432)
3(14 405 311)
3(18 407 315)
3(19 408 316)
3(20 409 317)
3(21 410 318)
3(22 411 319)
3(124 412 322)
3(323 412 124)
3(315 406 18)
3(36 333 415)
3(237 416 138)
3(417 138 336)
3(237 138 417)
3(140 418 338)
3(239 418 338)
3(42 339 418)
3(423 154 352)
3(62 359 426)
3(358 425 61)
3(183 283 184)
3(414 230 231)
3(412 223 124)
3(412 322 223)
3(329 231 414)
3(237 138 39)
3(112 404 310)
3(404 112 211)
3(212 14 311)
3(315 216 18)
3(217 19 316)
3(218 20 317)
3(219 21 318)
3(220 22 319)
3(412 224 125)
3(412 125 323)
3(5 6 7)
3(4 6 5)
3(5 7 107)
3(107 8 5)
3(8 107 9)
3(9 108 10)
3(11 10 109)
3(12 11 110)
3(13 12 111)
3(13 112 113)
3(14 113 114)
3(15 114 16)
3(16 115 17)
3(17 116 117)
3(18 117 118)
3(19 118 119)
3(20 119 120)
3(21 120 121)
3(22 121 122)
3(24 23 122)
3(24 123 25)
3(125 25 124)
3(27 26 125)
3(28 27 126)
3(28 127 128)
3(29 128 30)
3(31 30 129)
3(31 130 131)
3(32 131 132)
3(33 132 34)
3(35 34 133)
3(35 134 36)
3(36 135 136)
3(38 37 136)
3(138 38 137)
3(39 138 139)
3(40 139 41)
3(141 41 140)
3(42 141 142)
3(44 43 142)
3(44 143 144)
3(46 45 144)
3(46 145 47)
3(47 146 48)
3(49 48 147)
3(50 49 148)
3(50 149 150)
3(51 150 52)
3(53 52 151)
3(54 53 152)
3(154 54 153)
3(55 154 155)
3(56 155 57)
3(57 156 157)
3(59 58 157)
3(59 158 60)
3(159 160 60)
3(61 160 62)
3(62 161 162)
3(63 162 163)
3(64 163 65)
3(66 65 164)
3(67 66 165)
3(68 67 166)
3(68 167 168)
3(70 69 168)
3(71 70 169)
3(72 71 170)
3(73 72 171)
3(73 172 74)
3(74 173 75)
3(75 174 175)
3(76 175 77)
3(78 77 176)
3(79 78 177)
3(80 79 178)
3(80 179 180)
3(181 81 180)
3(83 82 181)
3(84 83 182)
3(84 183 85)
3(86 85 184)
3(87 86 185)
3(87 186 88)
3(88 187 89)
3(89 188 90)
3(91 90 189)
3(92 91 190)
3(92 191 93)
3(93 192 94)
3(94 193 95)
3(96 95 194)
3(96 195 196)
3(97 196 98)
3(98 197 99)
3(99 198 100)
3(101 100 199)
3(101 200 102)
3(102 201 103)
3(104 103 202)
3(104 203 105)
3(105 204 106)
3(1 106 3)
3(109 110 11)
3(108 109 10)
3(9 107 108)
3(12 110 111)
3(111 112 13)
3(14 13 113)
3(15 14 114)
3(16 114 115)
3(17 115 116)
3(18 17 117)
3(18 118 19)
3(21 121 22)
3(20 120 21)
3(23 22 122)
3(24 122 123)
3(25 123 124)
3(25 125 26)
3(27 125 126)
3(28 126 127)
3(29 28 128)
3(128 129 30)
3(33 32 132)
3(32 31 131)
3(34 132 133)
3(133 134 35)
3(36 134 135)
3(36 136 37)
3(38 136 137)
3(38 138 39)
3(40 39 139)
3(139 140 41)
3(41 141 42)
3(42 142 43)
3(46 144 145)
3(44 144 45)
3(145 146 47)
3(48 146 147)
3(49 147 148)
3(50 148 149)
3(50 150 51)
3(150 151 52)
3(53 151 152)
3(54 152 153)
3(54 154 55)
3(57 157 58)
3(57 155 156)
3(157 158 59)
3(60 158 159)
3(60 160 61)
3(62 160 161)
3(63 62 162)
3(64 63 163)
3(163 164 65)
3(66 164 165)
3(165 166 67)
3(68 166 167)
3(69 68 168)
3(170 171 72)
3(169 170 71)
3(73 171 172)
3(172 173 74)
3(75 173 174)
3(75 175 76)
3(175 176 77)
3(176 177 78)
3(79 177 178)
3(80 178 179)
3(180 81 80)
3(182 183 84)
3(181 182 83)
3(85 183 184)
3(184 185 86)
3(87 185 186)
3(186 187 88)
3(187 188 89)
3(188 189 90)
3(189 190 91)
3(190 191 92)
3(93 191 192)
3(96 194 195)
3(95 193 194)
3(96 196 97)
3(98 196 197)
3(197 198 99)
3(100 198 199)
3(101 199 200)
3(200 201 102)
3(103 201 202)
3(104 202 203)
3(105 203 204)
3(106 204 205)
3(3 106 205)
3(19 119 20)
3(129 130 31)
3(44 142 143)
3(56 55 155)
3(70 168 169)
3(81 181 82)
3(192 193 94)
3(4 206 6)
3(206 207 305)
3(306 207 208)
3(209 307 208)
3(210 308 209)
3(309 210 211)
3(212 310 211)
3(311 212 213)
3(312 213 214)
3(313 214 215)
3(216 314 215)
3(315 216 217)
3(317 316 218)
3(317 218 219)
3(318 219 220)
3(319 220 221)
3(320 221 222)
3(321 222 223)
3(322 223 224)
3(323 224 225)
3(324 225 226)
3(325 226 227)
3(326 227 228)
3(327 229 328)
3(230 328 229)
3(231 330 329)
3(232 330 231)
3(331 232 233)
3(234 332 233)
3(333 234 235)
3(334 235 236)
3(335 236 237)
3(336 237 238)
3(337 238 239)
3(338 239 240)
3(339 240 241)
3(340 242 341)
3(341 242 243)
3(342 244 343)
3(343 244 245)
3(246 344 245)
3(345 246 247)
3(346 247 248)
3(347 248 249)
3(348 249 250)
3(251 349 250)
3(350 251 252)
3(351 252 253)
3(353 352 254)
3(353 254 255)
3(355 354 256)
3(256 257 355)
3(258 356 257)
3(357 258 259)
3(358 259 260)
3(359 260 261)
3(360 261 262)
3(361 262 263)
3(264 362 263)
3(363 264 265)
3(266 364 265)
3(365 266 267)
3(366 268 367)
3(367 268 269)
3(270 368 269)
3(271 369 270)
3(370 271 272)
3(273 371 272)
3(372 273 274)
3(274 275 373)
3(276 374 275)
3(277 375 276)
3(376 277 278)
3(377 278 279)
3(280 379 378)
3(281 379 280)
3(380 282 381)
3(283 381 282)
3(382 283 284)
3(285 383 284)
3(384 285 286)
3(287 385 286)
3(288 386 287)
3(289 387 288)
3(290 388 289)
3(291 389 290)
3(391 390 292)
3(293 391 292)
3(392 294 393)
3(393 294 295)
3(295 296 394)
3(395 296 297)
3(298 396 297)
3(397 298 299)
3(398 299 300)
3(301 399 300)
3(400 301 302)
3(401 302 303)
3(402 303 304)
3(304 0 2)
3(6 206 305)
3(207 306 305)
3(307 306 208)
3(307 209 308)
3(308 210 309)
3(309 211 310)
3(212 311 310)
3(312 311 213)
3(214 313 312)
3(314 313 215)
3(216 315 314)
3(316 315 217)
3(316 217 218)
3(318 317 219)
3(319 318 220)
3(320 319 221)
3(222 321 320)
3(322 321 223)
3(224 323 322)
3(323 225 324)
3(324 226 325)
3(326 325 227)
3(326 228 327)
3(229 327 228)
3(230 329 328)
3(329 230 231)
3(331 330 232)
3(331 233 332)
3(332 234 333)
3(334 333 235)
3(236 335 334)
3(237 336 335)
3(337 336 238)
3(338 337 239)
3(240 339 338)
3(241 340 339)
3(241 242 340)
3(342 341 243)
3(342 243 244)
3(344 343 245)
3(345 344 246)
3(247 346 345)
3(346 248 347)
3(348 347 249)
3(349 348 250)
3(349 251 350)
3(252 351 350)
3(253 352 351)
3(352 253 254)
3(255 354 353)
3(354 255 256)
3(355 257 356)
3(357 356 258)
3(259 358 357)
3(359 358 260)
3(360 359 261)
3(361 360 262)
3(361 263 362)
3(362 264 363)
3(363 265 364)
3(266 365 364)
3(366 365 267)
3(366 267 268)
3(367 269 368)
3(368 270 369)
3(369 271 370)
3(371 370 272)
3(372 371 273)
3(274 373 372)
3(374 373 275)
3(374 276 375)
3(375 277 376)
3(376 278 377)
3(378 377 279)
3(279 280 378)
3(379 281 380)
3(282 380 281)
3(382 381 283)
3(382 284 383)
3(383 285 384)
3(385 384 286)
3(386 385 287)
3(387 386 288)
3(387 289 388)
3(388 290 389)
3(390 389 291)
3(390 291 292)
3(392 391 293)
3(392 293 294)
3(295 394 393)
3(395 394 296)
3(396 395 297)
3(397 396 298)
3(397 299 398)
3(399 398 300)
3(400 399 301)
3(400 302 401)
3(402 401 303)
3(304 403 402)
3(2 403 304)
3(305 7 6)
3(107 305 306)
3(307 108 306)
3(307 308 109)
3(308 309 110)
3(309 310 111)
3(112 310 311)
3(113 311 312)
3(114 312 313)
3(314 115 313)
3(315 116 314)
3(117 315 316)
3(317 119 118)
3(119 317 318)
3(120 318 319)
3(121 319 320)
3(122 320 321)
3(322 123 321)
3(323 124 322)
3(323 324 125)
3(324 325 126)
3(127 325 326)
3(326 327 128)
3(328 130 129)
3(130 328 329)
3(131 330 132)
3(331 132 330)
3(331 332 133)
3(332 333 134)
3(135 333 334)
3(136 334 335)
3(137 335 336)
3(138 336 337)
3(338 139 337)
3(339 140 338)
3(339 340 141)
3(341 143 142)
3(143 341 342)
3(144 343 145)
3(344 145 343)
3(345 146 344)
3(147 345 346)
3(346 347 148)
3(149 347 348)
3(349 150 348)
3(349 350 151)
3(152 350 351)
3(153 351 352)
3(154 353 155)
3(155 353 354)
3(355 157 156)
3(355 356 157)
3(357 158 356)
3(358 159 357)
3(359 160 358)
3(161 359 360)
3(162 360 361)
3(361 362 163)
3(362 363 164)
3(363 364 165)
3(166 364 365)
3(167 365 366)
3(168 367 169)
3(367 368 169)
3(368 369 170)
3(369 370 171)
3(371 172 370)
3(173 371 372)
3(174 372 373)
3(374 175 373)
3(374 375 176)
3(375 376 177)
3(376 377 178)
3(378 179 377)
3(180 379 181)
3(379 380 181)
3(381 183 182)
3(382 183 381)
3(382 383 184)
3(383 384 185)
3(385 186 384)
3(386 187 385)
3(387 188 386)
3(387 388 189)
3(388 389 190)
3(390 191 389)
3(391 193 192)
3(392 193 391)
3(393 195 194)
3(195 393 394)
3(395 196 394)
3(396 197 395)
3(397 198 396)
3(397 398 199)
3(399 200 398)
3(400 201 399)
3(400 401 202)
3(402 203 401)
3(204 402 403)
3(2 3 403)
3(305 107 7)
3(107 306 108)
3(307 109 108)
3(308 110 109)
3(110 309 111)
3(310 112 111)
3(112 311 113)
3(312 114 113)
3(114 313 115)
3(314 116 115)
3(315 117 116)
3(316 118 117)
3(118 316 317)
3(318 120 119)
3(319 121 120)
3(320 122 121)
3(122 321 123)
3(123 322 124)
3(323 125 124)
3(125 324 126)
3(325 127 126)
3(326 128 127)
3(327 129 128)
3(327 328 129)
3(130 329 131)
3(329 330 131)
3(132 331 133)
3(332 134 133)
3(333 135 134)
3(334 136 135)
3(136 335 137)
3(137 336 138)
3(138 337 139)
3(338 140 139)
3(339 141 140)
3(340 142 141)
3(340 341 142)
3(342 144 143)
3(342 343 144)
3(344 146 145)
3(146 345 147)
3(147 346 148)
3(347 149 148)
3(348 150 149)
3(349 151 150)
3(151 350 152)
3(152 351 153)
3(153 352 154)
3(154 352 353)
3(354 156 155)
3(156 354 355)
3(356 158 157)
3(357 159 158)
3(159 358 160)
3(359 161 160)
3(360 162 161)
3(361 163 162)
3(362 164 163)
3(164 363 165)
3(364 166 165)
3(365 167 166)
3(366 168 167)
3(366 367 168)
3(368 170 169)
3(369 171 170)
3(171 370 172)
3(371 173 172)
3(372 174 173)
3(373 175 174)
3(374 176 175)
3(375 177 176)
3(177 376 178)
3(178 377 179)
3(180 179 378)
3(180 378 379)
3(380 182 181)
3(380 381 182)
3(183 382 184)
3(383 185 184)
3(185 384 186)
3(385 187 186)
3(386 188 187)
3(387 189 188)
3(388 190 189)
3(389 191 190)
3(191 390 192)
3(391 192 390)
3(193 392 194)
3(392 393 194)
3(394 196 195)
3(196 395 197)
3(396 198 197)
3(198 397 199)
3(199 398 200)
3(399 201 200)
3(201 400 202)
3(202 401 203)
3(203 402 204)
3(204 403 205)
3(205 403 3)
3(4 5 206)
3(8 207 206)
3(208 207 9)
3(10 209 208)
3(11 210 209)
3(211 210 12)
3(14 211 13)
3(15 212 14)
3(15 214 213)
3(215 214 16)
3(18 215 17)
3(19 216 18)
3(20 217 19)
3(21 218 20)
3(22 219 21)
3(23 220 22)
3(23 222 221)
3(223 222 24)
3(25 26 223)
3(225 224 26)
3(226 225 27)
3(29 226 28)
3(29 228 227)
3(30 229 228)
3(32 229 31)
3(33 230 32)
3(33 232 231)
3(233 232 34)
3(35 234 233)
3(37 234 36)
3(37 236 235)
3(38 39 236)
3(40 237 39)
3(239 238 40)
3(41 42 239)
3(43 240 42)
3(241 43 242)
3(45 242 44)
3(45 244 243)
3(245 244 46)
3(47 246 245)
3(247 246 48)
3(248 247 49)
3(51 248 50)
3(51 250 249)
3(52 251 250)
3(252 251 53)
3(54 55 252)
3(56 253 55)
3(255 254 56)
3(58 255 57)
3(256 58 257)
3(59 258 257)
3(61 258 60)
3(61 260 259)
3(63 260 62)
3(64 261 63)
3(64 263 262)
3(65 264 263)
3(265 264 66)
3(67 266 265)
3(69 266 68)
3(69 268 267)
3(269 268 70)
3(71 270 269)
3(72 271 270)
3(272 271 73)
3(74 273 272)
3(76 273 75)
3(274 76 275)
3(77 276 275)
3(78 277 276)
3(278 277 79)
3(81 278 80)
3(81 82 279)
3(82 281 280)
3(83 282 281)
3(84 283 282)
3(284 283 85)
3(86 285 284)
3(286 285 87)
3(88 287 286)
3(89 288 287)
3(90 289 288)
3(91 290 289)
3(92 291 290)
3(292 291 93)
3(94 293 292)
3(294 293 95)
3(97 294 96)
3(295 97 296)
3(297 296 98)
3(99 298 297)
3(299 298 100)
3(300 299 101)
3(102 301 300)
3(302 301 103)
3(303 302 104)
3(304 303 105)
3(0 304 1)
3(206 5 8)
3(8 9 207)
3(9 10 208)
3(11 209 10)
3(12 210 11)
3(13 211 12)
3(212 211 14)
3(213 212 15)
3(15 16 214)
3(16 17 215)
3(216 215 18)
3(217 216 19)
3(218 217 20)
3(219 218 21)
3(220 219 22)
3(221 220 23)
3(24 222 23)
3(24 25 223)
3(223 26 224)
3(27 225 26)
3(28 226 27)
3(227 226 29)
3(29 30 228)
3(31 229 30)
3(230 229 32)
3(33 231 230)
3(33 34 232)
3(35 233 34)
3(35 36 234)
3(235 234 37)
3(38 236 37)
3(236 39 237)
3(238 237 40)
3(40 41 239)
3(239 42 240)
3(241 240 43)
3(44 242 43)
3(243 242 45)
3(46 244 45)
3(46 47 245)
3(47 48 246)
3(49 247 48)
3(50 248 49)
3(249 248 51)
3(51 52 250)
3(53 251 52)
3(54 252 53)
3(252 55 253)
3(254 253 56)
3(56 57 255)
3(256 255 58)
3(59 257 58)
3(59 60 258)
3(61 259 258)
3(61 62 260)
3(261 260 63)
3(262 261 64)
3(64 65 263)
3(66 264 65)
3(67 265 66)
3(68 266 67)
3(267 266 69)
3(70 268 69)
3(71 269 70)
3(72 270 71)
3(73 271 72)
3(73 74 272)
3(74 75 273)
3(274 273 76)
3(76 77 275)
3(78 276 77)
3(79 277 78)
3(80 278 79)
3(279 278 81)
3(279 82 280)
3(83 281 82)
3(84 282 83)
3(84 85 283)
3(86 284 85)
3(87 285 86)
3(87 88 286)
3(88 89 287)
3(89 90 288)
3(91 289 90)
3(92 290 91)
3(92 93 291)
3(93 94 292)
3(94 95 293)
3(96 294 95)
3(295 294 97)
3(97 98 296)
3(98 99 297)
3(99 100 298)
3(101 299 100)
3(101 102 300)
3(102 103 301)
3(104 302 103)
3(104 105 303)
3(105 106 304)
3(1 304 106)
3(3 2 0)
3(0 1 3)
)


// ************************************************************************* //
