/*--------------------------------*- C++ -*----------------------------------*\
  =========                 |
  \\      /  F ield         | OpenFOAM: The Open Source CFD Toolbox
   \\    /   O peration     | Website:  https://openfoam.org
    \\  /    A nd           | Version:  13
     \\/     M anipulation  |
\*---------------------------------------------------------------------------*/
FoamFile
{
    format      ascii;
    class       labelList;
    note        "nPoints: 433 nCells: 755 nFaces: 1912 nInternalFaces: 1108";
    location    "constant/polyMesh";
    object      neighbour;
}
// * * * * * * * * * * * * * * * * * * * * * * * * * * * * * * * * * * * * * //


1108
(
165
256
493
40
165
15
36
146
28
92
178
51
140
31
34
216
29
272
113
172
544
139
448
174
215
257
90
547
21
93
222
51
158
198
197
254
255
97
128
26
231
20
244
255
44
150
46
215
122
225
29
232
42
54
39
209
231
82
122
206
27
77
238
37
39
36
76
116
101
102
244
31
157
226
88
179
196
162
169
286
736
40
256
59
190
212
201
191
208
47
94
193
185
216
67
152
156
61
136
345
141
227
161
529
68
128
48
313
49
193
312
100
121
166
224
64
192
575
73
158
222
270
65
100
245
494
496
501
251
283
60
63
532
118
151
62
62
184
136
184
344
159
511
73
198
103
117
217
107
241
72
202
338
340
342
178
319
375
378
89
128
245
197
214
77
560
209
114
556
557
86
132
188
135
221
160
251
517
155
112
384
234
243
419
170
246
252
95
104
241
252
125
170
252
93
156
214
106
317
98
173
104
120
183
125
237
105
211
105
120
322
175
178
112
123
111
173
319
752
133
218
117
384
126
140
250
508
509
120
148
117
149
189
238
437
472
569
716
150
230
223
232
272
733
145
192
199
200
212
223
497
236
237
130
234
420
423
459
619
677
419
351
647
139
211
240
143
172
332
753
253
488
492
573
157
216
188
229
168
180
409
412
147
249
220
332
159
166
190
200
217
218
172
187
182
190
201
240
447
180
438
181
661
171
462
177
167
224
169
186
164
221
186
416
721
220
326
490
228
195
226
182
394
460
619
183
207
512
322
236
250
205
214
181
548
227
196
230
209
219
251
249
564
545
204
239
524
206
462
204
246
203
206
210
249
207
205
254
208
215
219
458
456
457
241
221
514
495
248
233
458
239
561
245
248
250
235
452
453
238
237
442
244
254
414
553
476
482
571
533
576
259
261
260
263
262
263
576
513
268
267
626
269
626
268
626
270
577
275
516
628
734
732
321
463
679
432
611
652
669
279
627
277
516
283
629
279
681
734
732
283
630
282
578
630
629
735
517
285
631
519
692
631
288
321
567
678
467
727
292
520
632
291
530
737
692
736
519
296
521
633
295
580
738
632
739
520
300
522
634
299
581
740
633
741
521
304
523
635
303
583
742
634
743
522
306
523
312
636
308
585
744
635
745
312
637
311
588
637
636
746
524
639
315
318
747
748
749
318
747
750
639
724
748
748
408
480
663
706
481
620
325
640
324
528
529
641
528
529
529
642
329
590
642
640
641
484
643
753
333
525
643
525
336
754
515
631
692
736
336
339
527
525
338
531
754
341
726
682
720
532
342
682
720
343
344
532
533
347
351
644
534
533
534
350
592
645
644
694
352
535
645
535
647
698
355
358
646
356
730
646
696
698
358
646
696
730
360
649
722
361
595
650
365
538
363
594
650
648
728
365
369
700
367
370
651
715
751
370
540
651
596
651
702
372
375
653
541
374
381
542
654
375
542
377
378
597
638
653
598
653
380
384
655
543
543
383
599
656
654
655
385
656
388
544
545
389
393
601
657
390
601
390
545
392
547
658
546
546
547
547
659
397
602
659
657
658
548
661
707
400
403
660
401
480
660
705
707
403
660
705
480
405
663
723
406
605
664
409
551
408
604
664
662
664
413
416
665
412
552
551
666
552
415
419
416
553
418
606
721
665
666
426
667
422
555
668
667
710
668
556
557
557
608
608
429
558
556
558
559
669
431
559
560
670
433
609
669
709
560
671
436
610
671
652
670
560
441
561
672
440
562
563
673
562
446
447
563
674
445
613
674
672
673
563
615
451
564
675
450
565
457
676
565
458
566
457
455
456
616
675
676
617
676
566
463
465
618
461
462
677
620
469
481
679
469
677
679
467
471
678
475
469
481
618
471
568
678
475
475
568
727
477
569
570
477
716
716
483
621
479
479
483
570
705
678
731
571
527
725
486
487
731
488
572
717
489
492
572
491
493
492
573
499
624
497
622
497
500
503
624
683
500
501
622
504
574
574
509
684
509
575
507
508
623
683
684
625
684
510
511
575
513
576
577
530
737
685
681
729
734
686
687
688
689
690
753
691
749
752
753
693
736
643
726
694
695
537
696
697
698
596
650
699
715
751
699
702
701
702
703
704
550
705
706
707
708
555
668
719
710
709
710
711
712
713
615
714
568
727
621
680
718
626
579
735
630
685
582
739
584
741
686
738
586
743
687
740
587
745
688
742
689
744
589
746
637
690
591
640
642
693
593
694
645
695
595
697
722
598
638
701
600
654
656
703
603
657
659
704
605
706
723
607
666
708
721
719
611
709
612
652
711
671
712
614
672
674
713
617
675
714
620
625
683
718
628
732
729
630
685
686
738
687
740
688
742
689
744
637
690
701
715
747
693
642
693
645
695
647
649
650
728
700
712
701
703
656
703
704
659
704
661
663
664
708
721
708
668
719
711
671
712
713
674
713
714
714
717
733
754
718
718
735
739
741
743
745
746
724
750
737
695
730
722
728
700
751
715
723
711
719
731
725
747
749
726
730
733
733
735
739
741
743
745
746
752
752
)


// ************************************************************************* //
