/*--------------------------------*- C++ -*----------------------------------*\
  =========                 |
  \\      /  F ield         | OpenFOAM: The Open Source CFD Toolbox
   \\    /   O peration     | Website:  https://openfoam.org
    \\  /    A nd           | Version:  13
     \\/     M anipulation  |
\*---------------------------------------------------------------------------*/
FoamFile
{
    format      ascii;
    class       labelList;
    note        "nPoints: 433 nCells: 755 nFaces: 1912 nInternalFaces: 1108";
    location    "constant/polyMesh";
    object      owner;
}
// * * * * * * * * * * * * * * * * * * * * * * * * * * * * * * * * * * * * * //


1912
(
0
0
0
1
1
2
2
2
3
3
3
4
4
5
5
5
6
6
7
7
7
8
8
9
9
9
10
10
11
11
11
12
12
12
13
13
13
14
14
15
15
16
16
16
17
17
18
18
19
19
20
20
21
21
22
22
22
23
23
23
24
24
24
25
25
26
26
27
28
28
29
30
30
30
32
32
32
33
33
33
33
34
34
35
35
35
36
37
37
38
38
38
39
40
41
41
42
43
43
43
44
44
45
45
46
46
47
47
48
48
49
50
50
50
51
52
52
52
53
53
54
54
55
55
55
56
56
56
57
57
58
58
58
59
59
60
61
61
62
63
63
64
64
65
65
66
66
66
67
67
68
68
69
69
69
70
70
71
71
72
72
73
74
74
75
75
76
77
78
78
79
79
79
80
80
81
81
81
82
83
83
84
84
84
85
85
85
86
87
87
88
89
90
90
91
91
91
92
94
95
95
96
96
96
97
97
98
98
99
99
101
102
102
103
103
104
105
106
106
107
107
108
108
109
109
109
110
110
111
111
112
113
113
114
114
115
115
115
116
116
118
119
119
119
121
121
122
123
124
124
124
125
126
127
127
127
127
129
129
129
130
131
131
132
132
133
134
134
135
135
136
137
137
137
138
138
139
140
141
141
142
142
143
143
144
144
145
145
146
147
147
148
149
149
150
151
151
152
152
153
153
154
154
155
155
156
157
158
160
160
161
161
162
163
163
164
164
165
166
167
167
168
170
171
171
173
174
174
175
176
176
177
177
179
179
180
181
182
185
185
186
187
188
189
191
191
193
194
194
195
196
197
199
199
200
202
203
203
204
207
208
210
213
213
218
220
222
223
224
225
225
226
227
228
229
229
230
233
233
235
236
240
242
242
243
243
247
247
247
253
257
258
258
259
260
261
262
262
263
264
265
265
266
266
267
268
269
269
271
271
271
271
272
273
273
273
274
274
274
274
275
275
276
276
277
277
278
278
278
279
280
280
281
281
281
282
282
283
284
284
285
285
286
287
287
287
287
288
288
289
289
289
290
290
290
291
291
292
293
293
293
294
294
294
295
295
296
297
297
297
298
298
298
299
299
300
301
301
301
302
302
302
303
303
304
305
305
306
306
307
307
307
308
308
309
309
310
310
310
311
311
312
313
314
314
314
315
315
316
316
316
317
317
318
319
320
320
320
320
321
321
322
322
323
323
324
324
325
326
327
327
328
328
328
329
329
330
330
330
331
331
331
332
333
333
334
334
334
334
335
335
335
336
337
337
337
338
338
339
339
340
341
341
341
342
343
344
345
346
346
346
347
348
348
349
349
349
350
350
351
351
352
353
353
353
354
354
354
355
355
356
356
356
357
357
357
358
359
359
359
360
360
360
361
361
362
362
362
363
363
364
364
364
366
366
366
367
367
368
368
368
369
369
370
371
371
371
372
373
373
373
373
374
375
376
376
376
377
377
378
378
379
379
379
380
381
382
382
382
383
383
384
385
386
386
386
387
387
387
387
388
388
389
390
391
391
391
392
393
394
395
395
396
396
396
397
397
398
398
398
399
399
399
400
400
401
401
401
402
402
402
403
404
404
404
405
405
405
406
406
407
407
407
408
409
410
410
410
411
411
412
412
413
414
414
415
416
417
417
417
418
418
420
420
421
421
421
422
422
423
424
424
425
425
426
427
427
428
428
429
429
430
430
431
431
432
432
433
433
434
434
435
435
435
436
436
437
438
438
438
439
439
440
440
441
442
442
443
443
444
444
444
445
445
446
447
448
448
448
449
449
450
450
451
452
452
453
454
454
454
455
455
456
456
457
459
459
459
460
460
461
463
464
464
464
465
465
465
466
466
466
467
468
468
468
470
470
470
471
472
472
472
473
473
473
474
474
475
476
476
477
478
478
479
480
481
482
483
484
484
485
485
485
486
487
487
488
489
489
490
490
491
493
494
494
495
495
496
498
498
498
498
499
499
501
502
502
503
504
504
505
505
506
506
506
507
507
508
508
509
510
511
512
513
514
515
515
516
518
518
518
519
520
521
522
523
525
526
526
526
527
528
530
531
531
533
534
536
536
536
537
538
538
539
539
539
540
540
541
541
543
546
549
549
549
550
552
554
554
554
555
556
557
558
559
562
563
565
567
567
570
571
574
577
578
578
579
579
580
580
581
581
582
582
583
583
584
584
585
585
586
586
587
587
588
588
589
589
590
590
591
591
592
592
593
593
594
594
595
597
597
598
599
599
600
600
602
602
603
603
604
604
605
606
606
607
607
608
609
609
610
610
611
612
612
613
613
614
614
616
616
617
618
623
623
625
627
627
628
629
629
632
632
633
633
634
634
635
635
636
636
638
638
639
640
641
641
644
644
646
648
648
649
651
652
653
654
655
655
657
658
658
660
662
662
665
665
666
667
667
669
670
670
672
673
673
675
676
680
681
682
683
684
685
686
687
688
689
690
691
691
692
694
696
697
697
699
700
702
706
709
710
717
720
724
724
725
728
729
732
734
737
738
740
742
744
748
750
267
264
265
266
270
42
205
242
6
627
276
57
162
284
292
296
300
304
305
49
313
316
70
175
323
326
144
331
754
343
184
345
347
131
357
649
596
368
372
374
380
83
123
187
189
389
392
394
246
154
402
663
142
413
415
130
421
424
427
430
437
235
168
153
439
446
133
148
99
211
8
449
566
210
194
461
679
470
474
478
680
572
491
1
138
195
219
76
201
118
622
500
502
510
159
228
53
248
176
89
202
512
260
203
156
54
244
272
275
277
251
286
285
289
301
297
306
48
639
318
178
325
324
164
682
333
344
61
348
346
647
358
648
369
370
371
112
379
200
149
545
393
391
170
196
661
403
410
411
414
423
422
428
429
431
114
230
141
441
440
111
107
105
132
451
450
452
199
462
677
464
483
477
717
489
490
40
157
204
185
26
151
503
501
504
511
145
245
158
229
236
72
207
513
263
293
332
381
662
442
471
223
264
577
11
214
13
20
681
578
280
160
530
580
584
583
585
588
309
38
749
106
28
590
327
80
527
726
69
58
136
592
352
698
594
361
751
597
542
599
108
66
143
7
388
602
395
252
179
707
605
406
607
163
84
426
425
609
610
434
24
150
227
613
615
152
241
96
95
188
616
213
225
23
171
618
727
115
621
247
485
137
0
5
226
37
22
2
212
497
624
623
110
52
50
65
51
109
97
46
9
258
268
514
93
74
255
232
518
579
517
169
515
582
581
586
587
589
524
94
526
92
101
591
45
221
484
725
340
60
253
593
535
537
595
365
539
598
71
600
385
217
134
544
601
603
10
88
548
550
604
551
606
553
234
608
78
611
612
75
27
17
561
614
443
41
87
183
86
564
617
453
19
82
619
620
288
569
570
482
486
573
256
31
239
25
231
146
35
496
494
625
505
192
100
198
4
126
14
18
257
261
267
514
93
74
255
232
729
516
517
169
631
519
296
521
522
523
524
94
691
92
101
528
45
135
330
337
340
60
253
534
535
537
722
365
699
541
381
543
117
217
134
544
601
546
10
88
548
550
404
551
413
553
234
554
78
558
559
75
27
17
561
562
447
41
87
183
86
564
565
453
19
82
619
463
568
569
476
482
486
573
256
31
239
25
231
146
124
496
503
574
505
192
100
198
4
126
14
18
257
261
265
222
91
197
16
119
628
276
81
286
284
292
520
300
304
305
193
317
750
3
325
323
161
80
643
531
532
62
348
347
353
536
359
364
540
372
542
380
108
147
172
386
393
392
90
32
398
549
723
411
552
243
423
555
428
427
430
77
116
44
441
439
615
67
104
173
79
451
449
233
122
155
129
273
567
473
621
731
488
493
34
30
191
39
15
190
212
56
624
502
575
121
55
12
140
237
128
215
576
262
264
269
21
177
254
29
279
282
280
186
291
295
299
303
308
311
309
47
314
319
102
329
327
220
336
339
342
63
43
350
352
354
363
538
366
377
71
383
385
103
249
113
390
397
395
85
181
399
408
409
418
163
419
420
425
433
436
434
238
182
180
445
443
240
218
120
98
139
455
213
458
206
460
469
466
716
479
571
487
492
165
216
167
208
209
36
59
495
499
507
110
64
166
73
224
250
125
68
174
259
266
270
42
205
242
6
278
281
57
162
290
294
298
302
307
310
49
313
315
70
175
328
326
144
335
720
343
184
345
349
131
355
362
596
367
376
374
382
83
123
187
189
389
396
394
246
154
400
407
142
417
415
130
426
424
432
435
437
235
168
153
444
446
133
148
99
211
8
454
566
210
194
461
468
467
474
478
680
572
491
1
138
195
219
76
201
118
622
500
506
510
159
228
53
248
176
89
202
512
260
258
259
)


// ************************************************************************* //
