/*--------------------------------*- C++ -*----------------------------------*\
  =========                 |
  \\      /  F ield         | OpenFOAM: The Open Source CFD Toolbox
   \\    /   O peration     | Website:  https://openfoam.org
    \\  /    A nd           | Version:  13
     \\/     M anipulation  |
\*---------------------------------------------------------------------------*/
FoamFile
{
    format      ascii;
    class       volScalarField;
    location    "33";
    object      p;
}
// * * * * * * * * * * * * * * * * * * * * * * * * * * * * * * * * * * * * * //

dimensions      [0 2 -2 0 0 0 0];

internalField   nonuniform List<scalar> 
1372
(
0.087635
0.0828877
0.0805414
0.0769905
0.0740448
0.0707955
0.067698
0.0645252
0.0613893
0.0582355
0.0550904
0.0519411
0.0487938
0.0456454
0.0424978
0.0393495
0.0362018
0.0330536
0.0299059
0.0267576
0.02361
0.0204617
0.017314
0.0141658
0.0110181
0.00786984
0.0047221
0.00157387
0.0876322
0.0828876
0.0805414
0.0769905
0.0740448
0.0707955
0.067698
0.0645252
0.0613893
0.0582355
0.0550904
0.0519411
0.0487938
0.0456454
0.0424978
0.0393495
0.0362018
0.0330536
0.0299059
0.0267576
0.02361
0.0204617
0.017314
0.0141658
0.0110181
0.00786984
0.0047221
0.00157387
0.0876305
0.0828875
0.0805415
0.0769904
0.0740448
0.0707955
0.067698
0.0645252
0.0613893
0.0582355
0.0550904
0.0519411
0.0487938
0.0456454
0.0424978
0.0393495
0.0362018
0.0330536
0.0299059
0.0267576
0.02361
0.0204617
0.017314
0.0141658
0.0110181
0.00786984
0.0047221
0.00157387
0.0876301
0.0828875
0.0805415
0.0769904
0.0740448
0.0707955
0.067698
0.0645252
0.0613893
0.0582355
0.0550904
0.0519411
0.0487938
0.0456454
0.0424978
0.0393495
0.0362018
0.0330536
0.0299059
0.0267576
0.02361
0.0204617
0.017314
0.0141658
0.0110181
0.00786984
0.0047221
0.00157387
0.0876305
0.0828875
0.0805415
0.0769904
0.0740448
0.0707955
0.067698
0.0645252
0.0613893
0.0582355
0.0550904
0.0519411
0.0487938
0.0456454
0.0424978
0.0393495
0.0362018
0.0330536
0.0299059
0.0267576
0.02361
0.0204617
0.017314
0.0141658
0.0110181
0.00786984
0.0047221
0.00157387
0.0876322
0.0828876
0.0805414
0.0769905
0.0740448
0.0707955
0.067698
0.0645252
0.0613893
0.0582355
0.0550904
0.0519411
0.0487938
0.0456454
0.0424978
0.0393495
0.0362018
0.0330536
0.0299059
0.0267576
0.02361
0.0204617
0.017314
0.0141658
0.0110181
0.00786984
0.0047221
0.00157387
0.087635
0.0828877
0.0805414
0.0769905
0.0740448
0.0707955
0.067698
0.0645252
0.0613893
0.0582355
0.0550904
0.0519411
0.0487938
0.0456454
0.0424978
0.0393495
0.0362018
0.0330536
0.0299059
0.0267576
0.02361
0.0204617
0.017314
0.0141658
0.0110181
0.00786984
0.0047221
0.00157387
0.0876322
0.0828876
0.0805414
0.0769905
0.0740448
0.0707955
0.067698
0.0645252
0.0613893
0.0582355
0.0550904
0.0519411
0.0487938
0.0456454
0.0424978
0.0393495
0.0362018
0.0330536
0.0299059
0.0267576
0.02361
0.0204617
0.017314
0.0141658
0.0110181
0.00786984
0.0047221
0.00157387
0.0876294
0.0828876
0.0805415
0.0769905
0.0740448
0.0707955
0.067698
0.0645252
0.0613893
0.0582355
0.0550904
0.0519411
0.0487938
0.0456454
0.0424978
0.0393495
0.0362018
0.0330536
0.0299059
0.0267576
0.02361
0.0204617
0.017314
0.0141658
0.0110181
0.00786984
0.0047221
0.00157387
0.0876276
0.0828875
0.0805415
0.0769904
0.0740448
0.0707955
0.067698
0.0645252
0.0613893
0.0582355
0.0550904
0.0519411
0.0487938
0.0456454
0.0424978
0.0393495
0.0362018
0.0330536
0.0299059
0.0267576
0.02361
0.0204617
0.017314
0.0141658
0.0110181
0.00786984
0.0047221
0.00157387
0.087627
0.0828874
0.0805415
0.0769904
0.0740448
0.0707955
0.067698
0.0645252
0.0613893
0.0582355
0.0550904
0.0519411
0.0487938
0.0456454
0.0424978
0.0393495
0.0362018
0.0330536
0.0299059
0.0267576
0.02361
0.0204617
0.017314
0.0141658
0.0110181
0.00786984
0.0047221
0.00157387
0.0876276
0.0828875
0.0805415
0.0769904
0.0740448
0.0707955
0.067698
0.0645252
0.0613893
0.0582355
0.0550904
0.0519411
0.0487938
0.0456454
0.0424978
0.0393495
0.0362018
0.0330536
0.0299059
0.0267576
0.02361
0.0204617
0.017314
0.0141658
0.0110181
0.00786984
0.0047221
0.00157387
0.0876294
0.0828876
0.0805415
0.0769905
0.0740448
0.0707955
0.067698
0.0645252
0.0613893
0.0582355
0.0550904
0.0519411
0.0487938
0.0456454
0.0424978
0.0393495
0.0362018
0.0330536
0.0299059
0.0267576
0.02361
0.0204617
0.017314
0.0141658
0.0110181
0.00786984
0.0047221
0.00157387
0.0876322
0.0828876
0.0805414
0.0769905
0.0740448
0.0707955
0.067698
0.0645252
0.0613893
0.0582355
0.0550904
0.0519411
0.0487938
0.0456454
0.0424978
0.0393495
0.0362018
0.0330536
0.0299059
0.0267576
0.02361
0.0204617
0.017314
0.0141658
0.0110181
0.00786984
0.0047221
0.00157387
0.0876305
0.0828875
0.0805415
0.0769904
0.0740448
0.0707955
0.067698
0.0645252
0.0613893
0.0582355
0.0550904
0.0519411
0.0487938
0.0456454
0.0424978
0.0393495
0.0362018
0.0330536
0.0299059
0.0267576
0.02361
0.0204617
0.017314
0.0141658
0.0110181
0.00786984
0.0047221
0.00157387
0.0876276
0.0828875
0.0805415
0.0769904
0.0740448
0.0707955
0.067698
0.0645252
0.0613893
0.0582355
0.0550904
0.0519411
0.0487938
0.0456454
0.0424978
0.0393495
0.0362018
0.0330536
0.0299059
0.0267576
0.02361
0.0204617
0.017314
0.0141658
0.0110181
0.00786984
0.0047221
0.00157387
0.0876258
0.0828874
0.0805416
0.0769904
0.0740448
0.0707955
0.067698
0.0645252
0.0613893
0.0582355
0.0550904
0.0519411
0.0487938
0.0456454
0.0424978
0.0393495
0.0362018
0.0330536
0.0299059
0.0267576
0.02361
0.0204617
0.017314
0.0141658
0.0110181
0.00786984
0.0047221
0.00157387
0.0876252
0.0828873
0.0805416
0.0769904
0.0740449
0.0707955
0.067698
0.0645252
0.0613893
0.0582355
0.0550904
0.0519411
0.0487938
0.0456454
0.0424978
0.0393495
0.0362018
0.0330536
0.0299059
0.0267576
0.02361
0.0204617
0.017314
0.0141658
0.0110181
0.00786984
0.0047221
0.00157387
0.0876258
0.0828874
0.0805416
0.0769904
0.0740448
0.0707955
0.067698
0.0645252
0.0613893
0.0582355
0.0550904
0.0519411
0.0487938
0.0456454
0.0424978
0.0393495
0.0362018
0.0330536
0.0299059
0.0267576
0.02361
0.0204617
0.017314
0.0141658
0.0110181
0.00786984
0.0047221
0.00157387
0.0876276
0.0828875
0.0805415
0.0769904
0.0740448
0.0707955
0.067698
0.0645252
0.0613893
0.0582355
0.0550904
0.0519411
0.0487938
0.0456454
0.0424978
0.0393495
0.0362018
0.0330536
0.0299059
0.0267576
0.02361
0.0204617
0.017314
0.0141658
0.0110181
0.00786984
0.0047221
0.00157387
0.0876305
0.0828875
0.0805415
0.0769904
0.0740448
0.0707955
0.067698
0.0645252
0.0613893
0.0582355
0.0550904
0.0519411
0.0487938
0.0456454
0.0424978
0.0393495
0.0362018
0.0330536
0.0299059
0.0267576
0.02361
0.0204617
0.017314
0.0141658
0.0110181
0.00786984
0.0047221
0.00157387
0.0876301
0.0828875
0.0805415
0.0769904
0.0740448
0.0707955
0.067698
0.0645252
0.0613893
0.0582355
0.0550904
0.0519411
0.0487938
0.0456454
0.0424978
0.0393495
0.0362018
0.0330536
0.0299059
0.0267576
0.02361
0.0204617
0.017314
0.0141658
0.0110181
0.00786984
0.0047221
0.00157387
0.087627
0.0828874
0.0805415
0.0769904
0.0740448
0.0707955
0.067698
0.0645252
0.0613893
0.0582355
0.0550904
0.0519411
0.0487938
0.0456454
0.0424978
0.0393495
0.0362018
0.0330536
0.0299059
0.0267576
0.02361
0.0204617
0.017314
0.0141658
0.0110181
0.00786984
0.0047221
0.00157387
0.0876252
0.0828873
0.0805416
0.0769904
0.0740449
0.0707955
0.067698
0.0645252
0.0613893
0.0582355
0.0550904
0.0519411
0.0487938
0.0456454
0.0424978
0.0393495
0.0362018
0.0330536
0.0299059
0.0267576
0.02361
0.0204617
0.017314
0.0141658
0.0110181
0.00786984
0.0047221
0.00157387
0.0876246
0.0828873
0.0805416
0.0769904
0.0740449
0.0707955
0.067698
0.0645252
0.0613893
0.0582355
0.0550904
0.0519411
0.0487938
0.0456454
0.0424978
0.0393495
0.0362018
0.0330536
0.0299059
0.0267576
0.02361
0.0204617
0.017314
0.0141658
0.0110181
0.00786984
0.0047221
0.00157387
0.0876252
0.0828873
0.0805416
0.0769904
0.0740449
0.0707955
0.067698
0.0645252
0.0613893
0.0582355
0.0550904
0.0519411
0.0487938
0.0456454
0.0424978
0.0393495
0.0362018
0.0330536
0.0299059
0.0267576
0.02361
0.0204617
0.017314
0.0141658
0.0110181
0.00786984
0.0047221
0.00157387
0.087627
0.0828874
0.0805415
0.0769904
0.0740448
0.0707955
0.067698
0.0645252
0.0613893
0.0582355
0.0550904
0.0519411
0.0487938
0.0456454
0.0424978
0.0393495
0.0362018
0.0330536
0.0299059
0.0267576
0.02361
0.0204617
0.017314
0.0141658
0.0110181
0.00786984
0.0047221
0.00157387
0.0876301
0.0828875
0.0805415
0.0769904
0.0740448
0.0707955
0.067698
0.0645252
0.0613893
0.0582355
0.0550904
0.0519411
0.0487938
0.0456454
0.0424978
0.0393495
0.0362018
0.0330536
0.0299059
0.0267576
0.02361
0.0204617
0.017314
0.0141658
0.0110181
0.00786984
0.0047221
0.00157387
0.0876305
0.0828875
0.0805415
0.0769904
0.0740448
0.0707955
0.067698
0.0645252
0.0613893
0.0582355
0.0550904
0.0519411
0.0487938
0.0456454
0.0424978
0.0393495
0.0362018
0.0330536
0.0299059
0.0267576
0.02361
0.0204617
0.017314
0.0141658
0.0110181
0.00786984
0.0047221
0.00157387
0.0876276
0.0828875
0.0805415
0.0769904
0.0740448
0.0707955
0.067698
0.0645252
0.0613893
0.0582355
0.0550904
0.0519411
0.0487938
0.0456454
0.0424978
0.0393495
0.0362018
0.0330536
0.0299059
0.0267576
0.02361
0.0204617
0.017314
0.0141658
0.0110181
0.00786984
0.0047221
0.00157387
0.0876258
0.0828874
0.0805416
0.0769904
0.0740448
0.0707955
0.067698
0.0645252
0.0613893
0.0582355
0.0550904
0.0519411
0.0487938
0.0456454
0.0424978
0.0393495
0.0362018
0.0330536
0.0299059
0.0267576
0.02361
0.0204617
0.017314
0.0141658
0.0110181
0.00786984
0.0047221
0.00157387
0.0876252
0.0828873
0.0805416
0.0769904
0.0740449
0.0707955
0.067698
0.0645252
0.0613893
0.0582355
0.0550904
0.0519411
0.0487938
0.0456454
0.0424978
0.0393495
0.0362018
0.0330536
0.0299059
0.0267576
0.02361
0.0204617
0.017314
0.0141658
0.0110181
0.00786984
0.0047221
0.00157387
0.0876258
0.0828874
0.0805416
0.0769904
0.0740448
0.0707955
0.067698
0.0645252
0.0613893
0.0582355
0.0550904
0.0519411
0.0487938
0.0456454
0.0424978
0.0393495
0.0362018
0.0330536
0.0299059
0.0267576
0.02361
0.0204617
0.017314
0.0141658
0.0110181
0.00786984
0.0047221
0.00157387
0.0876276
0.0828875
0.0805415
0.0769904
0.0740448
0.0707955
0.067698
0.0645252
0.0613893
0.0582355
0.0550904
0.0519411
0.0487938
0.0456454
0.0424978
0.0393495
0.0362018
0.0330536
0.0299059
0.0267576
0.02361
0.0204617
0.017314
0.0141658
0.0110181
0.00786984
0.0047221
0.00157387
0.0876305
0.0828875
0.0805415
0.0769904
0.0740448
0.0707955
0.067698
0.0645252
0.0613893
0.0582355
0.0550904
0.0519411
0.0487938
0.0456454
0.0424978
0.0393495
0.0362018
0.0330536
0.0299059
0.0267576
0.02361
0.0204617
0.017314
0.0141658
0.0110181
0.00786984
0.0047221
0.00157387
0.0876322
0.0828876
0.0805414
0.0769905
0.0740448
0.0707955
0.067698
0.0645252
0.0613893
0.0582355
0.0550904
0.0519411
0.0487938
0.0456454
0.0424978
0.0393495
0.0362018
0.0330536
0.0299059
0.0267576
0.02361
0.0204617
0.017314
0.0141658
0.0110181
0.00786984
0.0047221
0.00157387
0.0876294
0.0828876
0.0805415
0.0769905
0.0740448
0.0707955
0.067698
0.0645252
0.0613893
0.0582355
0.0550904
0.0519411
0.0487938
0.0456454
0.0424978
0.0393495
0.0362018
0.0330536
0.0299059
0.0267576
0.02361
0.0204617
0.017314
0.0141658
0.0110181
0.00786984
0.0047221
0.00157387
0.0876276
0.0828875
0.0805415
0.0769904
0.0740448
0.0707955
0.067698
0.0645252
0.0613893
0.0582355
0.0550904
0.0519411
0.0487938
0.0456454
0.0424978
0.0393495
0.0362018
0.0330536
0.0299059
0.0267576
0.02361
0.0204617
0.017314
0.0141658
0.0110181
0.00786984
0.0047221
0.00157387
0.087627
0.0828874
0.0805415
0.0769904
0.0740448
0.0707955
0.067698
0.0645252
0.0613893
0.0582355
0.0550904
0.0519411
0.0487938
0.0456454
0.0424978
0.0393495
0.0362018
0.0330536
0.0299059
0.0267576
0.02361
0.0204617
0.017314
0.0141658
0.0110181
0.00786984
0.0047221
0.00157387
0.0876276
0.0828875
0.0805415
0.0769904
0.0740448
0.0707955
0.067698
0.0645252
0.0613893
0.0582355
0.0550904
0.0519411
0.0487938
0.0456454
0.0424978
0.0393495
0.0362018
0.0330536
0.0299059
0.0267576
0.02361
0.0204617
0.017314
0.0141658
0.0110181
0.00786984
0.0047221
0.00157387
0.0876294
0.0828876
0.0805415
0.0769905
0.0740448
0.0707955
0.067698
0.0645252
0.0613893
0.0582355
0.0550904
0.0519411
0.0487938
0.0456454
0.0424978
0.0393495
0.0362018
0.0330536
0.0299059
0.0267576
0.02361
0.0204617
0.017314
0.0141658
0.0110181
0.00786984
0.0047221
0.00157387
0.0876322
0.0828876
0.0805414
0.0769905
0.0740448
0.0707955
0.067698
0.0645252
0.0613893
0.0582355
0.0550904
0.0519411
0.0487938
0.0456454
0.0424978
0.0393495
0.0362018
0.0330536
0.0299059
0.0267576
0.02361
0.0204617
0.017314
0.0141658
0.0110181
0.00786984
0.0047221
0.00157387
0.087635
0.0828877
0.0805414
0.0769905
0.0740448
0.0707955
0.067698
0.0645252
0.0613893
0.0582355
0.0550904
0.0519411
0.0487938
0.0456454
0.0424978
0.0393495
0.0362018
0.0330536
0.0299059
0.0267576
0.02361
0.0204617
0.017314
0.0141658
0.0110181
0.00786984
0.0047221
0.00157387
0.0876322
0.0828876
0.0805414
0.0769905
0.0740448
0.0707955
0.067698
0.0645252
0.0613893
0.0582355
0.0550904
0.0519411
0.0487938
0.0456454
0.0424978
0.0393495
0.0362018
0.0330536
0.0299059
0.0267576
0.02361
0.0204617
0.017314
0.0141658
0.0110181
0.00786984
0.0047221
0.00157387
0.0876305
0.0828875
0.0805415
0.0769904
0.0740448
0.0707955
0.067698
0.0645252
0.0613893
0.0582355
0.0550904
0.0519411
0.0487938
0.0456454
0.0424978
0.0393495
0.0362018
0.0330536
0.0299059
0.0267576
0.02361
0.0204617
0.017314
0.0141658
0.0110181
0.00786984
0.0047221
0.00157387
0.0876301
0.0828875
0.0805415
0.0769904
0.0740448
0.0707955
0.067698
0.0645252
0.0613893
0.0582355
0.0550904
0.0519411
0.0487938
0.0456454
0.0424978
0.0393495
0.0362018
0.0330536
0.0299059
0.0267576
0.02361
0.0204617
0.017314
0.0141658
0.0110181
0.00786984
0.0047221
0.00157387
0.0876305
0.0828875
0.0805415
0.0769904
0.0740448
0.0707955
0.067698
0.0645252
0.0613893
0.0582355
0.0550904
0.0519411
0.0487938
0.0456454
0.0424978
0.0393495
0.0362018
0.0330536
0.0299059
0.0267576
0.02361
0.0204617
0.017314
0.0141658
0.0110181
0.00786984
0.0047221
0.00157387
0.0876322
0.0828876
0.0805414
0.0769905
0.0740448
0.0707955
0.067698
0.0645252
0.0613893
0.0582355
0.0550904
0.0519411
0.0487938
0.0456454
0.0424978
0.0393495
0.0362018
0.0330536
0.0299059
0.0267576
0.02361
0.0204617
0.017314
0.0141658
0.0110181
0.00786984
0.0047221
0.00157387
0.087635
0.0828877
0.0805414
0.0769905
0.0740448
0.0707955
0.067698
0.0645252
0.0613893
0.0582355
0.0550904
0.0519411
0.0487938
0.0456454
0.0424978
0.0393495
0.0362018
0.0330536
0.0299059
0.0267576
0.02361
0.0204617
0.017314
0.0141658
0.0110181
0.00786984
0.0047221
0.00157387
)
;

boundaryField
{
    inlet
    {
        type            zeroGradient;
    }
    outlet
    {
        type            fixedValue;
        value           uniform 0;
    }
    Walls
    {
        type            zeroGradient;
    }
}


// ************************************************************************* //
