/*--------------------------------*- C++ -*----------------------------------*\
  =========                 |
  \\      /  F ield         | OpenFOAM: The Open Source CFD Toolbox
   \\    /   O peration     | Website:  https://openfoam.org
    \\  /    A nd           | Version:  13
     \\/     M anipulation  |
\*---------------------------------------------------------------------------*/
FoamFile
{
    format      ascii;
    class       volVectorField;
    location    "33";
    object      U;
}
// * * * * * * * * * * * * * * * * * * * * * * * * * * * * * * * * * * * * * //

dimensions      [0 1 -1 0 0 0 0];

internalField   nonuniform List<vector> 
1372
(
(0.000317304 6.9927e-06 6.9927e-06)
(0.000473207 5.59846e-07 5.59842e-07)
(0.000393866 -2.80198e-07 -2.80196e-07)
(0.000433701 1.40733e-07 1.40736e-07)
(0.000413659 -7.05794e-08 -7.05835e-08)
(0.000423735 3.52749e-08 3.52748e-08)
(0.000418681 -1.75165e-08 -1.75155e-08)
(0.000421202 8.62395e-09 8.62737e-09)
(0.000419962 -4.18807e-09 -4.18748e-09)
(0.000420561 2.02366e-09 2.02389e-09)
(0.00042028 -9.77156e-10 -9.76246e-10)
(0.000420409 5.02774e-10 5.02069e-10)
(0.000420355 -2.83312e-10 -2.82754e-10)
(0.000420376 2.00043e-10 1.98621e-10)
(0.00042037 -1.64281e-10 -1.6293e-10)
(0.000420372 1.54428e-10 1.53916e-10)
(0.000420372 -1.49992e-10 -1.48999e-10)
(0.000420372 1.48816e-10 1.48302e-10)
(0.000420372 -1.49223e-10 -1.48274e-10)
(0.000420372 1.47244e-10 1.46641e-10)
(0.000420371 -1.48427e-10 -1.47689e-10)
(0.000420372 1.46701e-10 1.42809e-10)
(0.000420369 -1.39714e-10 -1.35468e-10)
(0.000420374 1.28752e-10 1.28332e-10)
(0.00042037 -1.17429e-10 -1.17087e-10)
(0.000420373 1.13958e-10 1.13373e-10)
(0.000420372 -1.0997e-10 -1.09909e-10)
(0.000420373 1.03948e-10 1.03941e-10)
(0.000611711 1.23237e-05 1.06219e-05)
(0.000912948 8.46737e-07 9.98053e-07)
(0.000760342 -4.20239e-07 -4.98247e-07)
(0.000837078 2.11359e-07 2.49621e-07)
(0.000798475 -1.06069e-07 -1.24686e-07)
(0.000817874 5.3029e-08 6.19066e-08)
(0.000808154 -2.63062e-08 -3.05335e-08)
(0.000812995 1.29752e-08 1.49026e-08)
(0.00081062 -6.25033e-09 -7.26641e-09)
(0.000811765 3.02685e-09 3.51484e-09)
(0.00081123 -1.41567e-09 -1.81193e-09)
(0.000811474 7.3064e-10 1.01097e-09)
(0.000811373 -3.90946e-10 -6.73761e-10)
(0.000811413 2.86364e-10 5.30075e-10)
(0.000811401 -2.23437e-10 -5.06644e-10)
(0.000811405 2.16108e-10 4.8105e-10)
(0.000811406 -2.02513e-10 -4.99233e-10)
(0.000811405 1.99548e-10 5.03224e-10)
(0.000811405 -2.00134e-10 -5.10976e-10)
(0.000811406 1.96908e-10 5.002e-10)
(0.000811403 -2.00141e-10 -5.05303e-10)
(0.000811407 2.15831e-10 4.84707e-10)
(0.000811399 -2.17706e-10 -4.22975e-10)
(0.00081141 1.65269e-10 4.44304e-10)
(0.000811401 -1.69654e-10 -3.37805e-10)
(0.000811408 1.52517e-10 3.45696e-10)
(0.000811403 -1.58387e-10 -2.88797e-10)
(0.000811405 1.54994e-10 2.6769e-10)
(0.000750851 7.83142e-06 1.03552e-05)
(0.0011211 6.08043e-07 1.08953e-06)
(0.000933969 -3.0195e-07 -5.44246e-07)
(0.00102812 1.52119e-07 2.72752e-07)
(0.000980758 -7.65919e-08 -1.36249e-07)
(0.00100455 3.84536e-08 6.76537e-08)
(0.000992639 -1.91889e-08 -3.33478e-08)
(0.000998563 9.66449e-09 1.62802e-08)
(0.000995665 -4.66633e-09 -7.90747e-09)
(0.000997058 2.30512e-09 3.82781e-09)
(0.00099641 -1.00866e-09 -1.94044e-09)
(0.000996704 5.19609e-10 1.08611e-09)
(0.000996584 -2.09412e-10 -7.06123e-10)
(0.000996631 1.43223e-10 5.61411e-10)
(0.000996618 -6.44818e-11 -5.21406e-10)
(0.000996621 6.94781e-11 5.04773e-10)
(0.000996624 -4.1426e-11 -5.15973e-10)
(0.000996622 3.85105e-11 5.20354e-10)
(0.000996623 -3.93094e-11 -5.27312e-10)
(0.000996624 3.55997e-11 5.16339e-10)
(0.00099662 -4.28832e-11 -5.17723e-10)
(0.000996625 7.72426e-11 4.8971e-10)
(0.000996614 -9.6587e-11 -4.37378e-10)
(0.000996628 2.80546e-11 4.45263e-10)
(0.000996616 -5.52273e-11 -3.58933e-10)
(0.000996626 3.45305e-11 3.55333e-10)
(0.000996619 -4.98356e-11 -3.09368e-10)
(0.000996622 4.56981e-11 2.85962e-10)
(0.000792543 -1.2997e-10 1.0118e-05)
(0.00118352 1.0996e-11 1.09852e-06)
(0.00098606 -1.23663e-10 -5.49018e-07)
(0.00108542 1.97301e-10 2.75304e-07)
(0.00103544 -2.62187e-10 -1.37593e-07)
(0.00106055 1.68565e-10 6.83501e-08)
(0.00104798 -1.54727e-10 -3.36842e-08)
(0.00105423 2.99723e-10 1.64523e-08)
(0.00105117 -1.7505e-10 -7.96438e-09)
(0.00105264 1.47705e-10 3.84641e-09)
(0.00105196 -1.54374e-11 -1.92314e-09)
(0.00105227 2.66758e-11 1.06525e-09)
(0.00105214 3.942e-11 -6.78928e-10)
(0.00105219 -2.63708e-11 5.36365e-10)
(0.00105218 5.21672e-11 -4.88765e-10)
(0.00105218 -5.00437e-11 4.78005e-10)
(0.00105219 6.17726e-11 -4.82954e-10)
(0.00105218 -6.18807e-11 4.87103e-10)
(0.00105218 5.84499e-11 -4.91744e-10)
(0.00105218 -6.25534e-11 4.82298e-10)
(0.00105218 5.45329e-11 -4.82472e-10)
(0.00105219 -9.58014e-12 4.45687e-10)
(0.00105217 6.7262e-12 -4.02738e-10)
(0.00105219 -4.63929e-11 4.10718e-10)
(0.00105218 4.98236e-11 -3.45151e-10)
(0.00105219 -5.16606e-11 3.36671e-10)
(0.00105218 5.54299e-11 -3.04333e-10)
(0.00105218 -5.92928e-11 2.80425e-10)
(0.000750851 -7.83161e-06 1.0355e-05)
(0.0011211 -6.07996e-07 1.08949e-06)
(0.000933969 3.01682e-07 -5.44216e-07)
(0.00102812 -1.51763e-07 2.72764e-07)
(0.000980758 7.61223e-08 -1.36253e-07)
(0.00100455 -3.81115e-08 6.7629e-08)
(0.000992639 1.88816e-08 -3.33037e-08)
(0.000998563 -9.12889e-09 1.62698e-08)
(0.000995665 4.36359e-09 -7.88889e-09)
(0.000997058 -2.04984e-09 3.80525e-09)
(0.00099641 9.9226e-10 -1.92562e-09)
(0.000996704 -4.764e-10 1.06844e-09)
(0.000996584 2.88107e-10 -6.95755e-10)
(0.000996631 -1.95313e-10 5.46734e-10)
(0.000996618 1.68772e-10 -5.10112e-10)
(0.000996621 -1.62671e-10 4.92896e-10)
(0.000996624 1.5905e-10 -5.04219e-10)
(0.000996622 -1.56347e-10 5.08475e-10)
(0.000996623 1.51323e-10 -5.1501e-10)
(0.000996624 -1.54836e-10 5.03068e-10)
(0.00099662 1.4981e-10 -5.08043e-10)
(0.000996625 -1.15545e-10 4.52339e-10)
(0.000996614 1.22196e-10 -3.97342e-10)
(0.000996628 -1.2343e-10 4.39862e-10)
(0.000996616 1.44511e-10 -3.52816e-10)
(0.000996626 -1.32708e-10 3.52468e-10)
(0.000996619 1.49542e-10 -3.10958e-10)
(0.000996622 -1.51863e-10 2.85781e-10)
(0.000611711 -1.23238e-05 1.06218e-05)
(0.000912948 -8.4666e-07 9.98047e-07)
(0.000760342 4.20002e-07 -4.98289e-07)
(0.000837078 -2.11148e-07 2.49677e-07)
(0.000798475 1.0578e-07 -1.24724e-07)
(0.000817874 -5.27473e-08 6.19406e-08)
(0.000808154 2.6057e-08 -3.05244e-08)
(0.000812995 -1.26387e-08 1.4914e-08)
(0.00081062 6.0698e-09 -7.23531e-09)
(0.000811765 -2.87827e-09 3.48858e-09)
(0.00081123 1.40873e-09 -1.76703e-09)
(0.000811474 -6.9854e-10 9.74563e-10)
(0.000811373 4.38872e-10 -6.3348e-10)
(0.000811413 -3.16203e-10 4.93346e-10)
(0.000811401 2.92343e-10 -4.60742e-10)
(0.000811405 -2.66318e-10 4.43975e-10)
(0.000811406 2.72016e-10 -4.55052e-10)
(0.000811405 -2.68368e-10 4.58308e-10)
(0.000811405 2.65435e-10 -4.64798e-10)
(0.000811406 -2.67242e-10 4.53797e-10)
(0.000811403 2.63957e-10 -4.5927e-10)
(0.000811407 -2.65097e-10 4.05541e-10)
(0.000811399 2.52515e-10 -3.56059e-10)
(0.00081141 -2.2592e-10 3.99326e-10)
(0.000811401 2.19542e-10 -3.19352e-10)
(0.000811408 -2.13587e-10 3.19045e-10)
(0.000811403 2.16998e-10 -2.80597e-10)
(0.000811405 -2.17357e-10 2.60963e-10)
(0.000317304 -6.99273e-06 6.99268e-06)
(0.000473207 -5.59808e-07 5.59865e-07)
(0.000393866 2.80102e-07 -2.80236e-07)
(0.000433701 -1.40677e-07 1.40746e-07)
(0.000413659 7.04925e-08 -7.0596e-08)
(0.000423735 -3.51592e-08 3.53118e-08)
(0.000418681 1.74129e-08 -1.75389e-08)
(0.000421202 -8.5129e-09 8.64051e-09)
(0.000419962 4.12939e-09 -4.18452e-09)
(0.000420561 -1.97852e-09 2.01943e-09)
(0.00042028 9.7182e-10 -9.7002e-10)
(0.000420409 -4.87255e-10 5.00972e-10)
(0.000420355 2.93575e-10 -2.78473e-10)
(0.000420376 -2.0512e-10 1.95595e-10)
(0.00042037 1.8278e-10 -1.55707e-10)
(0.000420372 -1.63058e-10 1.53293e-10)
(0.000420372 1.65721e-10 -1.45212e-10)
(0.000420372 -1.63707e-10 1.45213e-10)
(0.000420372 1.62984e-10 -1.44785e-10)
(0.000420372 -1.62968e-10 1.42966e-10)
(0.000420371 1.61789e-10 -1.43945e-10)
(0.000420372 -1.69085e-10 1.25157e-10)
(0.000420369 1.56748e-10 -1.21962e-10)
(0.000420374 -1.42351e-10 1.23181e-10)
(0.00042037 1.28493e-10 -1.17631e-10)
(0.000420373 -1.28636e-10 1.09956e-10)
(0.000420372 1.25557e-10 -1.10326e-10)
(0.000420373 -1.24022e-10 1.04659e-10)
(0.000611711 1.06219e-05 1.23237e-05)
(0.000912948 9.98051e-07 8.46756e-07)
(0.000760342 -4.98242e-07 -4.20265e-07)
(0.000837078 2.49617e-07 2.11357e-07)
(0.000798475 -1.24681e-07 -1.06068e-07)
(0.000817874 6.18996e-08 5.30593e-08)
(0.000808154 -3.05287e-08 -2.63321e-08)
(0.000812995 1.48981e-08 1.29759e-08)
(0.00081062 -7.26959e-09 -6.23991e-09)
(0.000811765 3.51674e-09 3.01704e-09)
(0.00081123 -1.81385e-09 -1.41159e-09)
(0.000811474 1.0121e-09 7.2884e-10)
(0.000811373 -6.74003e-10 -3.92367e-10)
(0.000811413 5.32386e-10 2.83766e-10)
(0.000811401 -5.09132e-10 -2.20039e-10)
(0.000811405 4.80534e-10 2.20345e-10)
(0.000811406 -5.00151e-10 -2.03589e-10)
(0.000811405 5.02914e-10 2.03027e-10)
(0.000811405 -5.11799e-10 -2.01409e-10)
(0.000811406 5.00108e-10 1.99866e-10)
(0.000811403 -5.05958e-10 -2.01151e-10)
(0.000811407 4.94597e-10 1.90466e-10)
(0.000811399 -4.32795e-10 -1.94004e-10)
(0.00081141 4.44759e-10 1.65636e-10)
(0.000811401 -3.37262e-10 -1.73383e-10)
(0.000811408 3.46832e-10 1.53202e-10)
(0.000811403 -2.88493e-10 -1.61861e-10)
(0.000811405 2.65848e-10 1.58064e-10)
(0.00131085 2.04231e-05 2.04231e-05)
(0.00195772 1.5105e-06 1.51056e-06)
(0.00163131 -7.49065e-07 -7.4914e-07)
(0.00179555 3.76765e-07 3.76742e-07)
(0.00171294 -1.89287e-07 -1.89265e-07)
(0.00175444 9.47391e-08 9.48232e-08)
(0.00173366 -4.70233e-08 -4.71022e-08)
(0.001744 2.31959e-08 2.31815e-08)
(0.00173893 -1.1105e-08 -1.10789e-08)
(0.00174138 5.37076e-09 5.34218e-09)
(0.00174023 -2.44387e-09 -2.43617e-09)
(0.00174076 1.23023e-09 1.22845e-09)
(0.00174054 -6.11373e-10 -6.18551e-10)
(0.00174063 4.37014e-10 4.37423e-10)
(0.0017406 -3.08734e-10 -3.07723e-10)
(0.00174061 3.08405e-10 3.23312e-10)
(0.00174061 -2.70533e-10 -2.79859e-10)
(0.00174061 2.64395e-10 2.77816e-10)
(0.00174061 -2.60713e-10 -2.70335e-10)
(0.00174061 2.60132e-10 2.72564e-10)
(0.0017406 -2.6365e-10 -2.71214e-10)
(0.00174061 3.0081e-10 2.49429e-10)
(0.0017406 -3.25257e-10 -2.79387e-10)
(0.00174062 2.07345e-10 2.11889e-10)
(0.0017406 -2.5616e-10 -2.69614e-10)
(0.00174061 2.08108e-10 2.15186e-10)
(0.0017406 -2.4937e-10 -2.61289e-10)
(0.00174061 2.74464e-10 2.81392e-10)
(0.00167098 1.38038e-05 2.23215e-05)
(0.0024966 1.11028e-06 1.72174e-06)
(0.00208085 -5.49919e-07 -8.53706e-07)
(0.00229009 2.76594e-07 4.291e-07)
(0.00218485 -1.39194e-07 -2.15552e-07)
(0.0022377 6.9808e-08 1.08002e-07)
(0.00221126 -3.48511e-08 -5.36219e-08)
(0.0022244 1.7575e-08 2.63951e-08)
(0.00221797 -8.55321e-09 -1.25828e-08)
(0.00222106 4.2475e-09 6.06634e-09)
(0.00221963 -1.91814e-09 -2.75768e-09)
(0.00222028 1.00729e-09 1.41143e-09)
(0.00222001 -4.34036e-10 -7.1675e-10)
(0.00222012 2.96092e-10 5.24011e-10)
(0.00222009 -1.58468e-10 -3.74366e-10)
(0.0022201 1.57509e-10 4.04191e-10)
(0.0022201 -1.15115e-10 -3.50575e-10)
(0.0022201 1.10779e-10 3.51105e-10)
(0.0022201 -1.15338e-10 -3.42618e-10)
(0.0022201 1.05865e-10 3.4383e-10)
(0.00222009 -1.22761e-10 -3.43536e-10)
(0.00222011 1.87684e-10 3.10168e-10)
(0.00222008 -2.00624e-10 -3.45775e-10)
(0.00222011 9.94625e-11 2.67807e-10)
(0.00222008 -1.03293e-10 -3.32814e-10)
(0.00222011 7.41316e-11 2.67326e-10)
(0.00222009 -8.53569e-11 -3.17004e-10)
(0.0022201 9.28431e-11 3.24029e-10)
(0.00178214 -2.01457e-10 2.26141e-05)
(0.00266306 1.10756e-11 1.76891e-06)
(0.00221977 -2.4833e-10 -8.77249e-07)
(0.00244287 3.61444e-10 4.40944e-07)
(0.00233066 -4.95934e-10 -2.21565e-07)
(0.002387 3.31273e-10 1.1109e-07)
(0.00235883 -3.04331e-10 -5.51854e-08)
(0.00237282 5.66459e-10 2.71702e-08)
(0.00236598 -3.27348e-10 -1.29441e-08)
(0.00236927 2.86069e-10 6.23484e-09)
(0.00236774 -3.28252e-11 -2.8291e-09)
(0.00236844 5.9834e-11 1.445e-09)
(0.00236815 7.83221e-11 -7.2946e-10)
(0.00236827 -5.15469e-11 5.31466e-10)
(0.00236823 1.0991e-10 -3.75356e-10)
(0.00236824 -9.87089e-11 4.11215e-10)
(0.00236825 1.24296e-10 -3.53187e-10)
(0.00236825 -1.24593e-10 3.53845e-10)
(0.00236825 1.17968e-10 -3.44513e-10)
(0.00236825 -1.25678e-10 3.46242e-10)
(0.00236824 1.11904e-10 -3.47132e-10)
(0.00236825 -2.6078e-11 3.09463e-10)
(0.00236823 1.67436e-11 -3.50224e-10)
(0.00236826 -9.96888e-11 2.69784e-10)
(0.00236823 1.0312e-10 -3.41393e-10)
(0.00236825 -1.15775e-10 2.72146e-10)
(0.00236823 1.13724e-10 -3.24268e-10)
(0.00236824 -1.06579e-10 3.30311e-10)
(0.00167098 -1.38041e-05 2.23216e-05)
(0.0024966 -1.11022e-06 1.72176e-06)
(0.00208085 5.49421e-07 -8.5368e-07)
(0.00229009 -2.75963e-07 4.29035e-07)
(0.00218485 1.3831e-07 -2.1547e-07)
(0.0022377 -6.91507e-08 1.07958e-07)
(0.00221126 3.42448e-08 -5.35906e-08)
(0.0022244 -1.65511e-08 2.63122e-08)
(0.00221797 7.96309e-09 -1.25465e-08)
(0.00222106 -3.7384e-09 6.02869e-09)
(0.00221963 1.85306e-09 -2.76516e-09)
(0.00222028 -8.87123e-10 1.4162e-09)
(0.00222001 5.65712e-10 -7.40329e-10)
(0.00222012 -3.78877e-10 5.46437e-10)
(0.00222009 3.50116e-10 -4.05402e-10)
(0.0022201 -3.19762e-10 4.33279e-10)
(0.0022201 3.25211e-10 -3.85278e-10)
(0.0022201 -3.21187e-10 3.85055e-10)
(0.0022201 3.12505e-10 -3.7741e-10)
(0.0022201 -3.18949e-10 3.78188e-10)
(0.00222009 3.09685e-10 -3.75708e-10)
(0.00222011 -2.52164e-10 3.4476e-10)
(0.00222008 2.46284e-10 -3.76604e-10)
(0.00222011 -2.67405e-10 2.96752e-10)
(0.00222008 2.79842e-10 -3.56662e-10)
(0.00222011 -2.75343e-10 2.94461e-10)
(0.00222009 2.846e-10 -3.37484e-10)
(0.0022201 -2.78745e-10 3.4383e-10)
(0.00131085 -2.04234e-05 2.04232e-05)
(0.00195772 -1.51043e-06 1.51057e-06)
(0.00163131 7.48687e-07 -7.49091e-07)
(0.00179555 -3.76349e-07 3.76641e-07)
(0.00171294 1.88723e-07 -1.89156e-07)
(0.00175444 -9.42618e-08 9.47756e-08)
(0.00173366 4.66007e-08 -4.70746e-08)
(0.001744 -2.25689e-08 2.30867e-08)
(0.00173893 1.07723e-08 -1.10427e-08)
(0.00174138 -5.08377e-09 5.29759e-09)
(0.00174023 2.43562e-09 -2.4517e-09)
(0.00174076 -1.17625e-09 1.24054e-09)
(0.00174054 7.22714e-10 -6.54108e-10)
(0.00174063 -5.16824e-10 4.70044e-10)
(0.0017406 4.69287e-10 -3.51861e-10)
(0.00174061 -4.34026e-10 3.66539e-10)
(0.00174061 4.34015e-10 -3.29657e-10)
(0.00174061 -4.28368e-10 3.27969e-10)
(0.00174061 4.16668e-10 -3.21367e-10)
(0.00174061 -4.2766e-10 3.22685e-10)
(0.0017406 4.14791e-10 -3.19101e-10)
(0.00174061 -4.36962e-10 2.92349e-10)
(0.0017406 4.39744e-10 -3.14457e-10)
(0.00174062 -3.46131e-10 2.57185e-10)
(0.0017406 3.82203e-10 -3.03165e-10)
(0.00174061 -3.57595e-10 2.56024e-10)
(0.0017406 3.80508e-10 -2.88747e-10)
(0.00174061 -3.8691e-10 3.04177e-10)
(0.000611711 -1.06219e-05 1.23237e-05)
(0.000912948 -9.97948e-07 8.46769e-07)
(0.000760342 4.98054e-07 -4.20277e-07)
(0.000837078 -2.4955e-07 2.11321e-07)
(0.000798475 1.24536e-07 -1.06028e-07)
(0.000817873 -6.1671e-08 5.30663e-08)
(0.000808154 3.02982e-08 -2.63301e-08)
(0.000812995 -1.46784e-08 1.29389e-08)
(0.00081062 7.12831e-09 -6.2131e-09)
(0.000811765 -3.41082e-09 2.9863e-09)
(0.00081123 1.7699e-09 -1.40722e-09)
(0.000811474 -9.49536e-10 7.28447e-10)
(0.000811373 6.6235e-10 -3.99233e-10)
(0.000811413 -5.11366e-10 2.90604e-10)
(0.000811401 5.11125e-10 -2.26561e-10)
(0.000811405 -4.64005e-10 2.3378e-10)
(0.000811406 4.94477e-10 -2.16049e-10)
(0.000811405 -4.94256e-10 2.16218e-10)
(0.000811405 5.00056e-10 -2.14216e-10)
(0.000811406 -4.92391e-10 2.12294e-10)
(0.000811403 4.94288e-10 -2.12591e-10)
(0.000811407 -4.82174e-10 1.8231e-10)
(0.000811399 4.1673e-10 -1.87978e-10)
(0.00081141 -4.36149e-10 1.74318e-10)
(0.000811401 3.41058e-10 -1.85311e-10)
(0.000811408 -3.52288e-10 1.63197e-10)
(0.000811403 3.09068e-10 -1.73468e-10)
(0.000811405 -3.0327e-10 1.6841e-10)
(0.000750851 1.03552e-05 7.83143e-06)
(0.0011211 1.08954e-06 6.08096e-07)
(0.000933969 -5.44247e-07 -3.02011e-07)
(0.00102812 2.72747e-07 1.52093e-07)
(0.000980758 -1.36242e-07 -7.65653e-08)
(0.00100455 6.76484e-08 3.8516e-08)
(0.000992639 -3.33463e-08 -1.92445e-08)
(0.000998563 1.6273e-08 9.64205e-09)
(0.000995665 -7.91057e-09 -4.63911e-09)
(0.000997058 3.82955e-09 2.27502e-09)
(0.00099641 -1.94359e-09 -1.00158e-09)
(0.000996704 1.08713e-09 5.17102e-10)
(0.000996584 -7.07793e-10 -2.1531e-10)
(0.000996631 5.64821e-10 1.4322e-10)
(0.000996618 -5.24477e-10 -6.35825e-11)
(0.000996621 5.05737e-10 8.21041e-11)
(0.000996624 -5.16781e-10 -5.03735e-11)
(0.000996622 5.21161e-10 4.99816e-11)
(0.000996623 -5.27887e-10 -4.8494e-11)
(0.000996624 5.17522e-10 4.61358e-11)
(0.00099662 -5.18109e-10 -5.02996e-11)
(0.000996625 5.07569e-10 3.09649e-11)
(0.000996614 -4.56152e-10 -5.49129e-11)
(0.000996628 4.45007e-10 3.27142e-11)
(0.000996616 -3.5938e-10 -6.63669e-11)
(0.000996626 3.56342e-10 4.03151e-11)
(0.000996619 -3.09491e-10 -5.9362e-11)
(0.000996622 2.83397e-10 5.64675e-11)
(0.00167098 2.23215e-05 1.38038e-05)
(0.0024966 1.72165e-06 1.1104e-06)
(0.00208085 -8.53607e-07 -5.50048e-07)
(0.00229009 4.29136e-07 2.76539e-07)
(0.00218485 -2.15588e-07 -1.39135e-07)
(0.0022377 1.07895e-07 6.99552e-08)
(0.00221126 -5.35202e-08 -3.49873e-08)
(0.0022244 2.64201e-08 1.75282e-08)
(0.00221797 -1.2617e-08 -8.50062e-09)
(0.00222106 6.10459e-09 4.18411e-09)
(0.00221963 -2.76579e-09 -1.9034e-09)
(0.00222028 1.41266e-09 1.00184e-09)
(0.00222001 -7.05846e-10 -4.47718e-10)
(0.00222012 5.21771e-10 2.99722e-10)
(0.00222009 -3.74244e-10 -1.61446e-10)
(0.0022201 3.83302e-10 1.85807e-10)
(0.0022201 -3.37161e-10 -1.36358e-10)
(0.0022201 3.32171e-10 1.37416e-10)
(0.0022201 -3.2885e-10 -1.37034e-10)
(0.0022201 3.26063e-10 1.30706e-10)
(0.00222009 -3.32729e-10 -1.39126e-10)
(0.00222011 3.71357e-10 9.72768e-11)
(0.00222008 -3.99426e-10 -1.1946e-10)
(0.00222011 2.61298e-10 1.103e-10)
(0.00222008 -3.14761e-10 -1.29309e-10)
(0.00222011 2.58451e-10 9.05261e-11)
(0.00222009 -3.0198e-10 -1.08396e-10)
(0.0022201 3.13023e-10 1.11337e-10)
(0.00216311 1.54908e-05 1.54908e-05)
(0.00323316 1.2859e-06 1.28605e-06)
(0.00269537 -6.36823e-07 -6.3699e-07)
(0.00296602 3.2027e-07 3.20197e-07)
(0.0028299 -1.61272e-07 -1.61196e-07)
(0.00289824 8.09593e-08 8.11409e-08)
(0.00286408 -4.0423e-08 -4.05904e-08)
(0.00288103 2.04093e-08 2.03481e-08)
(0.00287276 -9.89111e-09 -9.82213e-09)
(0.00287673 4.9044e-09 4.82364e-09)
(0.00287489 -2.16945e-09 -2.15163e-09)
(0.00287573 1.13302e-09 1.12796e-09)
(0.00287538 -4.57514e-10 -4.75757e-10)
(0.00287552 3.11598e-10 3.15612e-10)
(0.00287548 -1.37119e-10 -1.39589e-10)
(0.00287549 1.49737e-10 1.86771e-10)
(0.0028755 -8.90058e-11 -1.17216e-10)
(0.00287549 8.41244e-11 1.182e-10)
(0.0028755 -8.69861e-11 -1.15813e-10)
(0.0028755 7.73466e-11 1.09102e-10)
(0.00287549 -9.48579e-11 -1.18753e-10)
(0.00287551 1.68921e-10 5.04826e-11)
(0.00287547 -2.01989e-10 -9.59726e-11)
(0.00287551 6.54968e-11 8.17736e-11)
(0.00287547 -1.05213e-10 -1.38286e-10)
(0.0028755 6.12091e-11 8.06936e-11)
(0.00287548 -8.97376e-11 -1.17757e-10)
(0.00287549 9.09471e-11 1.17749e-10)
(0.00231742 -2.89642e-10 1.58008e-05)
(0.00346427 5.04194e-12 1.32735e-06)
(0.00288825 -2.91369e-10 -6.57545e-07)
(0.00317813 4.21054e-10 3.3053e-07)
(0.00303234 -5.78989e-10 -1.66427e-07)
(0.00310552 3.98264e-10 8.383e-08)
(0.00306895 -3.54946e-10 -4.19372e-08)
(0.00308709 6.72485e-10 2.09861e-08)
(0.00307825 -3.87045e-10 -1.01135e-08)
(0.00308249 3.24277e-10 4.94233e-09)
(0.00308053 -3.26424e-11 -2.2012e-09)
(0.00308142 6.75954e-11 1.14393e-09)
(0.00308106 9.30574e-11 -4.79381e-10)
(0.0030812 -5.85341e-11 3.15687e-10)
(0.00308116 1.26794e-10 -1.32948e-10)
(0.00308117 -1.13041e-10 1.85451e-10)
(0.00308118 1.42204e-10 -1.11594e-10)
(0.00308117 -1.44158e-10 1.12705e-10)
(0.00308118 1.34029e-10 -1.08604e-10)
(0.00308118 -1.46385e-10 1.02661e-10)
(0.00308117 1.26682e-10 -1.08439e-10)
(0.00308119 -3.67926e-11 3.14543e-11)
(0.00308115 2.6301e-11 -8.47574e-11)
(0.00308119 -1.11925e-10 7.05332e-11)
(0.00308115 1.16514e-10 -1.43703e-10)
(0.00308118 -1.28148e-10 8.24646e-11)
(0.00308115 1.29676e-10 -1.2734e-10)
(0.00308117 -1.27225e-10 1.27088e-10)
(0.00216311 -1.54913e-05 1.54909e-05)
(0.00323317 -1.28582e-06 1.28605e-06)
(0.00269537 6.36198e-07 -6.36927e-07)
(0.00296602 -3.19505e-07 3.20088e-07)
(0.0028299 1.6022e-07 -1.61045e-07)
(0.00289824 -8.01522e-08 8.10467e-08)
(0.00286408 3.97087e-08 -4.04915e-08)
(0.00288103 -1.91865e-08 2.01804e-08)
(0.00287276 9.20262e-09 -9.7282e-09)
(0.00287673 -4.32981e-09 4.72571e-09)
(0.00287489 2.12162e-09 -2.13873e-09)
(0.00287573 -1.01052e-09 1.11e-09)
(0.00287538 6.32169e-10 -4.96419e-10)
(0.00287552 -4.20821e-10 3.3276e-10)
(0.00287548 3.7994e-10 -1.71671e-10)
(0.00287549 -3.51967e-10 2.15605e-10)
(0.0028755 3.51255e-10 -1.54924e-10)
(0.00287549 -3.47763e-10 1.53432e-10)
(0.0028755 3.33855e-10 -1.52807e-10)
(0.0028755 -3.45774e-10 1.43862e-10)
(0.00287549 3.3134e-10 -1.52712e-10)
(0.00287551 -2.72988e-10 6.12119e-11)
(0.00287547 2.76958e-10 -1.02346e-10)
(0.00287551 -2.79538e-10 1.1323e-10)
(0.00287547 3.12501e-10 -1.6696e-10)
(0.0028755 -2.97504e-10 1.14997e-10)
(0.00287548 3.22031e-10 -1.50687e-10)
(0.00287549 -3.19909e-10 1.52217e-10)
(0.00167098 -2.23219e-05 1.38038e-05)
(0.0024966 -1.72157e-06 1.11038e-06)
(0.00208085 8.53124e-07 -5.49946e-07)
(0.00229009 -4.28637e-07 2.76381e-07)
(0.00218485 2.14901e-07 -1.38922e-07)
(0.0022377 -1.07284e-07 6.98102e-08)
(0.00221126 5.29947e-08 -3.48361e-08)
(0.00222439 -2.56392e-08 1.72913e-08)
(0.00221797 1.22112e-08 -8.36296e-09)
(0.00222106 -5.76078e-09 4.04981e-09)
(0.00221963 2.761e-09 -1.88307e-09)
(0.00222028 -1.34465e-09 9.78828e-10)
(0.00222001 8.37573e-10 -4.74984e-10)
(0.00222012 -6.09714e-10 3.23646e-10)
(0.00222009 5.61815e-10 -2.03008e-10)
(0.0022201 -5.23841e-10 2.27844e-10)
(0.0022201 5.25907e-10 -1.88818e-10)
(0.0022201 -5.20639e-10 1.86706e-10)
(0.0022201 5.07675e-10 -1.8762e-10)
(0.0022201 -5.19245e-10 1.79299e-10)
(0.00222009 5.06196e-10 -1.85508e-10)
(0.00222011 -5.16941e-10 1.05993e-10)
(0.00222008 5.14677e-10 -1.25865e-10)
(0.00222011 -4.23433e-10 1.49954e-10)
(0.00222008 4.53927e-10 -1.73797e-10)
(0.00222011 -4.27334e-10 1.37655e-10)
(0.00222009 4.52773e-10 -1.54823e-10)
(0.0022201 -4.54517e-10 1.60435e-10)
(0.000750851 -1.03551e-05 7.8315e-06)
(0.0011211 -1.08943e-06 6.0807e-07)
(0.000933969 5.44028e-07 -3.01922e-07)
(0.00102812 -2.72649e-07 1.51966e-07)
(0.000980758 1.36063e-07 -7.64043e-08)
(0.00100455 -6.73898e-08 3.84028e-08)
(0.000992639 3.30949e-08 -1.91365e-08)
(0.000998563 -1.60132e-08 9.47056e-09)
(0.000995665 7.75497e-09 -4.54767e-09)
(0.000997058 -3.71347e-09 2.18456e-09)
(0.00099641 1.91121e-09 -9.97036e-10)
(0.000996704 -1.03081e-09 5.07522e-10)
(0.000996584 7.13314e-10 -2.41858e-10)
(0.000996631 -5.58449e-10 1.64847e-10)
(0.000996618 5.48929e-10 -9.87572e-11)
(0.000996621 -5.05828e-10 1.16126e-10)
(0.000996624 5.32943e-10 -9.14897e-11)
(0.000996622 -5.33281e-10 9.08306e-11)
(0.000996623 5.37722e-10 -8.88583e-11)
(0.000996624 -5.31236e-10 8.67013e-11)
(0.00099662 5.2808e-10 -8.80268e-11)
(0.000996625 -5.27347e-10 5.28796e-11)
(0.000996614 4.67148e-10 -7.18283e-11)
(0.000996628 -4.56943e-10 6.68007e-11)
(0.000996616 3.74361e-10 -9.63502e-11)
(0.000996626 -3.75517e-10 7.41134e-11)
(0.000996619 3.384e-10 -9.28853e-11)
(0.000996622 -3.33974e-10 9.05283e-11)
(0.000792543 1.0118e-05 -1.16042e-10)
(0.00118352 1.09854e-06 8.24618e-11)
(0.00098606 -5.4904e-07 -1.97131e-10)
(0.00108542 2.75298e-07 1.50078e-10)
(0.00103544 -1.37586e-07 -2.09691e-10)
(0.00106055 6.83609e-08 2.40905e-10)
(0.00104798 -3.37009e-08 -2.20617e-10)
(0.00105423 1.64483e-08 2.53952e-10)
(0.00105117 -7.96993e-09 -1.39606e-10)
(0.00105264 3.85197e-09 1.04315e-10)
(0.00105196 -1.92799e-09 -8.83649e-12)
(0.00105227 1.06911e-09 2.50366e-11)
(0.00105214 -6.81567e-10 2.93614e-11)
(0.00105219 5.41982e-10 -2.08329e-11)
(0.00105218 -4.92429e-10 4.63583e-11)
(0.00105218 4.80571e-10 -3.13934e-11)
(0.00105219 -4.84516e-10 4.46427e-11)
(0.00105218 4.88963e-10 -4.35933e-11)
(0.00105218 -4.92995e-10 4.11199e-11)
(0.00105218 4.84717e-10 -4.5209e-11)
(0.00105218 -4.82601e-10 4.09578e-11)
(0.00105219 4.70897e-10 -5.59492e-11)
(0.00105217 -4.31175e-10 4.75631e-11)
(0.00105219 4.09076e-10 -3.70534e-11)
(0.00105218 -3.46964e-10 3.36045e-11)
(0.00105219 3.37148e-10 -4.06708e-11)
(0.00105218 -3.04155e-10 4.21824e-11)
(0.00105218 2.77012e-10 -4.2378e-11)
(0.00178214 2.26141e-05 -1.80178e-10)
(0.00266306 1.7688e-06 1.37219e-10)
(0.00221977 -8.77132e-07 -3.80352e-10)
(0.00244287 4.40984e-07 2.84008e-10)
(0.00233066 -2.21606e-07 -4.09473e-10)
(0.002387 1.10967e-07 4.81661e-10)
(0.00235883 -5.50673e-08 -4.42936e-10)
(0.00237282 2.71995e-08 4.93428e-10)
(0.00236598 -1.2981e-08 -2.65423e-10)
(0.00236927 6.27612e-09 2.04585e-10)
(0.00236774 -2.83696e-09 -1.64768e-11)
(0.00236844 1.44589e-09 5.30817e-11)
(0.00236815 -7.16784e-10 6.14409e-11)
(0.00236827 5.26877e-10 -4.48496e-11)
(0.00236823 -3.73096e-10 1.01611e-10)
(0.00236824 3.87366e-10 -6.54092e-11)
(0.00236825 -3.37489e-10 9.41469e-11)
(0.00236825 3.31794e-10 -9.30106e-11)
(0.00236825 -3.28556e-10 8.74079e-11)
(0.00236825 3.25273e-10 -9.60976e-11)
(0.00236824 -3.35882e-10 8.53044e-11)
(0.00236825 3.6552e-10 -1.30772e-10)
(0.00236823 -3.97084e-10 1.1229e-10)
(0.00236826 2.63664e-10 -7.96134e-11)
(0.00236823 -3.20435e-10 7.26246e-11)
(0.00236825 2.61774e-10 -9.28629e-11)
(0.00236823 -3.07497e-10 8.68783e-11)
(0.00236824 3.177e-10 -8.11303e-11)
(0.00231742 1.58008e-05 -2.61982e-10)
(0.00346427 1.32718e-06 1.71693e-10)
(0.00288825 -6.57363e-07 -4.661e-10)
(0.00317813 3.3061e-07 3.2125e-10)
(0.00303234 -1.66513e-07 -4.68362e-10)
(0.00310552 8.36333e-08 5.85909e-10)
(0.00306895 -4.1757e-08 -5.27029e-10)
(0.00308709 2.1056e-08 5.79141e-10)
(0.00307825 -1.01891e-08 -3.06982e-10)
(0.00308249 5.03121e-09 2.23179e-10)
(0.00308053 -2.22011e-09 -1.35593e-11)
(0.00308142 1.14992e-09 6.01873e-11)
(0.00308106 -4.59391e-10 7.11823e-11)
(0.0030812 3.1013e-10 -4.93246e-11)
(0.00308116 -1.2885e-10 1.16903e-10)
(0.00308117 1.45125e-10 -7.03296e-11)
(0.00308118 -8.10131e-11 1.05846e-10)
(0.00308117 7.48327e-11 -1.02953e-10)
(0.00308118 -7.73645e-11 9.71741e-11)
(0.00308118 6.72508e-11 -1.07597e-10)
(0.00308117 -8.44407e-11 9.77607e-11)
(0.00308119 1.54202e-10 -1.57997e-10)
(0.00308115 -1.94027e-10 1.34408e-10)
(0.00308119 5.47565e-11 -9.17684e-11)
(0.00308115 -1.07715e-10 7.77387e-11)
(0.00308118 6.12331e-11 -1.02377e-10)
(0.00308115 -9.67505e-11 9.69048e-11)
(0.00308117 9.73114e-11 -9.28898e-11)
(0.0024861 -2.40208e-10 -2.12103e-10)
(0.00371693 1.52235e-11 1.87427e-10)
(0.00309911 -2.89776e-10 -4.70478e-10)
(0.00341001 3.93101e-10 2.87922e-10)
(0.00325365 -5.33122e-10 -4.18112e-10)
(0.00333213 3.76646e-10 5.7001e-10)
(0.00329293 -3.23359e-10 -5.00293e-10)
(0.00331236 6.22474e-10 5.26261e-10)
(0.00330291 -3.57742e-10 -2.72594e-10)
(0.00330743 2.86385e-10 1.80732e-10)
(0.00330535 -2.27245e-11 -3.22809e-12)
(0.00330629 5.87296e-11 5.29963e-11)
(0.00330591 9.06572e-11 6.61285e-11)
(0.00330606 -5.44765e-11 -4.47226e-11)
(0.00330602 1.19885e-10 1.09134e-10)
(0.00330603 -1.06025e-10 -5.92067e-11)
(0.00330604 1.33077e-10 9.20907e-11)
(0.00330603 -1.3618e-10 -9.16336e-11)
(0.00330604 1.24727e-10 8.3021e-11)
(0.00330604 -1.38884e-10 -9.69183e-11)
(0.00330603 1.19362e-10 8.29632e-11)
(0.00330605 -3.31248e-11 -1.67836e-10)
(0.003306 2.28538e-11 1.44592e-10)
(0.00330606 -1.05227e-10 -7.84297e-11)
(0.003306 1.08103e-10 6.67629e-11)
(0.00330604 -1.18065e-10 -9.0049e-11)
(0.00330601 1.19198e-10 8.4434e-11)
(0.00330602 -1.17103e-10 -7.9846e-11)
(0.00231742 -1.58013e-05 -1.00015e-10)
(0.00346427 -1.32711e-06 1.67258e-10)
(0.00288825 6.56794e-07 -3.65073e-10)
(0.00317813 -3.2993e-07 1.65942e-10)
(0.00303234 1.65561e-07 -2.70179e-10)
(0.00310552 -8.28984e-08 4.42513e-10)
(0.00306895 4.11183e-08 -3.87389e-10)
(0.00308709 -1.99255e-08 3.74397e-10)
(0.00307825 9.54453e-09 -2.03098e-10)
(0.00308249 -4.51168e-09 1.14752e-10)
(0.00308053 2.17126e-09 -1.17561e-11)
(0.00308142 -1.02313e-09 5.68237e-11)
(0.00308106 6.13212e-10 3.42987e-11)
(0.0030812 -3.95986e-10 -1.40426e-11)
(0.00308116 3.42493e-10 6.5802e-11)
(0.00308117 -3.16396e-10 -1.98574e-11)
(0.00308118 3.06323e-10 4.38887e-11)
(0.00308117 -3.04485e-10 -4.43336e-11)
(0.00308118 2.86906e-10 3.59093e-11)
(0.00308118 -3.02385e-10 -4.93276e-11)
(0.00308117 2.85105e-10 4.0198e-11)
(0.00308119 -2.3634e-10 -1.26012e-10)
(0.00308115 2.50199e-10 1.08047e-10)
(0.00308119 -2.38008e-10 -4.1915e-11)
(0.00308115 2.88496e-10 3.27969e-11)
(0.00308118 -2.69206e-10 -5.42554e-11)
(0.00308115 3.05648e-10 5.36753e-11)
(0.00308117 -3.03462e-10 -4.72552e-11)
(0.00178214 -2.26144e-05 -6.64042e-11)
(0.00266306 -1.76872e-06 1.00477e-10)
(0.00221977 8.76678e-07 -2.25205e-10)
(0.00244287 -4.4053e-07 7.02739e-11)
(0.00233066 2.20969e-07 -1.1368e-10)
(0.002387 -1.10397e-07 2.53661e-10)
(0.00235883 5.45844e-08 -2.00991e-10)
(0.00237282 -2.64588e-08 1.72332e-10)
(0.00236598 1.25937e-08 -8.09014e-11)
(0.00236927 -5.95254e-09 1.96094e-11)
(0.00236774 2.8252e-09 1.55267e-11)
(0.00236844 -1.36722e-09 1.84785e-11)
(0.00236815 8.30759e-10 2.67036e-11)
(0.00236827 -5.95184e-10 -1.18615e-11)
(0.00236823 5.38075e-10 4.50955e-11)
(0.00236824 -5.02963e-10 -9.87921e-12)
(0.00236825 4.98576e-10 2.65373e-11)
(0.00236825 -4.93373e-10 -2.77963e-11)
(0.00236825 4.79014e-10 2.14765e-11)
(0.00236825 -4.91779e-10 -3.19608e-11)
(0.00236824 4.80686e-10 2.40684e-11)
(0.00236825 -4.85189e-10 -9.60765e-11)
(0.00236823 4.88768e-10 8.21885e-11)
(0.00236826 -4.01451e-10 -2.63508e-11)
(0.00236823 4.39748e-10 1.42675e-11)
(0.00236825 -4.11381e-10 -3.1654e-11)
(0.00236823 4.4361e-10 2.42936e-11)
(0.00236824 -4.45755e-10 -1.60063e-11)
(0.000792543 -1.0118e-05 2.01577e-11)
(0.00118352 -1.09845e-06 2.34619e-11)
(0.00098606 5.48847e-07 -5.98074e-11)
(0.00108542 -2.75207e-07 -4.82014e-12)
(0.00103544 1.3742e-07 -1.68364e-11)
(0.00106055 -6.81329e-08 7.62974e-11)
(0.00104798 3.34866e-08 -5.99087e-11)
(0.00105423 -1.62101e-08 5.56616e-11)
(0.00105117 7.83273e-09 -3.58592e-11)
(0.00105264 -3.75036e-09 1.33438e-12)
(0.00105196 1.9032e-09 -2.9317e-12)
(0.00105227 -1.01969e-09 1.69222e-11)
(0.00105214 6.91045e-10 -2.58169e-14)
(0.00105219 -5.40055e-10 5.65943e-12)
(0.00105218 5.21952e-10 6.09688e-12)
(0.00105218 -4.82811e-10 8.66685e-12)
(0.00105219 5.04742e-10 -3.79496e-12)
(0.00105218 -5.03953e-10 3.5055e-12)
(0.00105218 5.07842e-10 -6.35795e-12)
(0.00105218 -5.01852e-10 1.40711e-12)
(0.00105218 4.97233e-10 -4.73552e-12)
(0.00105219 -5.02413e-10 -2.87858e-11)
(0.00105217 4.52427e-10 2.62136e-11)
(0.00105219 -4.26362e-10 2.69851e-12)
(0.00105218 3.60751e-10 -2.43926e-12)
(0.00105219 -3.57254e-10 -1.99169e-12)
(0.00105218 3.29429e-10 3.68928e-12)
(0.00105218 -3.26052e-10 -4.13804e-12)
(0.000750851 1.0355e-05 -7.8316e-06)
(0.0011211 1.08954e-06 -6.07946e-07)
(0.000933969 -5.44253e-07 3.01634e-07)
(0.00102812 2.72753e-07 -1.51802e-07)
(0.000980758 -1.36245e-07 7.61672e-08)
(0.00100455 6.76522e-08 -3.80639e-08)
(0.000992639 -3.33362e-08 1.88384e-08)
(0.000998563 1.62684e-08 -9.16849e-09)
(0.000995665 -7.89978e-09 4.3893e-09)
(0.000997058 3.8169e-09 -2.08433e-09)
(0.00099641 -1.93596e-09 9.96633e-10)
(0.000996704 1.07861e-09 -4.77419e-10)
(0.000996584 -7.03136e-10 2.80086e-10)
(0.000996631 5.59775e-10 -1.90037e-10)
(0.000996618 -5.20826e-10 1.62374e-10)
(0.000996621 5.0091e-10 -1.48518e-10)
(0.000996624 -5.11587e-10 1.44169e-10)
(0.000996622 5.16481e-10 -1.42342e-10)
(0.000996623 -5.22187e-10 1.36293e-10)
(0.000996624 5.1206e-10 -1.41507e-10)
(0.00099662 -5.11849e-10 1.36774e-10)
(0.000996625 5.01952e-10 -1.49457e-10)
(0.000996614 -4.50845e-10 1.52845e-10)
(0.000996628 4.40523e-10 -1.13435e-10)
(0.000996616 -3.5786e-10 1.32386e-10)
(0.000996626 3.55307e-10 -1.23338e-10)
(0.000996619 -3.11511e-10 1.39928e-10)
(0.000996622 2.83009e-10 -1.37533e-10)
(0.00167098 2.23216e-05 -1.38041e-05)
(0.0024966 1.72165e-06 -1.11014e-06)
(0.00208085 -8.5356e-07 5.49348e-07)
(0.00229009 4.29074e-07 -2.76022e-07)
(0.00218485 -2.15508e-07 1.38379e-07)
(0.0022377 1.0783e-07 -6.90642e-08)
(0.00221126 -5.3465e-08 3.41667e-08)
(0.0022244 2.63382e-08 -1.66128e-08)
(0.00221797 -1.2579e-08 8.00705e-09)
(0.00222106 6.06619e-09 -3.80015e-09)
(0.00221963 -2.77045e-09 1.86516e-09)
(0.00222028 1.41381e-09 -8.94942e-10)
(0.00222001 -7.25591e-10 5.54793e-10)
(0.00222012 5.38353e-10 -3.74287e-10)
(0.00222009 -3.99269e-10 3.42629e-10)
(0.0022201 4.07184e-10 -2.98248e-10)
(0.0022201 -3.65589e-10 3.04225e-10)
(0.0022201 3.60926e-10 -2.99892e-10)
(0.0022201 -3.57417e-10 2.91437e-10)
(0.0022201 3.54911e-10 -2.98992e-10)
(0.00222009 -3.59662e-10 2.91793e-10)
(0.00222011 3.90601e-10 -3.20887e-10)
(0.00222008 -4.1372e-10 3.0992e-10)
(0.00222011 2.863e-10 -2.53451e-10)
(0.00222008 -3.34587e-10 2.5923e-10)
(0.00222011 2.81824e-10 -2.5818e-10)
(0.00222009 -3.20584e-10 2.65723e-10)
(0.0022201 3.31144e-10 -2.603e-10)
(0.00216311 1.54909e-05 -1.54913e-05)
(0.00323317 1.28589e-06 -1.28572e-06)
(0.00269537 -6.3675e-07 6.361e-07)
(0.00296602 3.20167e-07 -3.1958e-07)
(0.0028299 -1.61129e-07 1.60305e-07)
(0.00289824 8.0854e-08 -8.00446e-08)
(0.00286408 -4.03143e-08 3.96115e-08)
(0.00288103 2.02502e-08 -1.92609e-08)
(0.00287276 -9.80091e-09 9.25913e-09)
(0.00287673 4.81329e-09 -4.40396e-09)
(0.00287489 -2.15759e-09 2.13432e-09)
(0.00287573 1.11623e-09 -1.01617e-09)
(0.00287538 -4.77821e-10 6.15495e-10)
(0.00287552 3.27993e-10 -4.12834e-10)
(0.00287548 -1.6821e-10 3.6894e-10)
(0.00287549 1.77498e-10 -3.21376e-10)
(0.0028755 -1.24911e-10 3.22093e-10)
(0.00287549 1.1828e-10 -3.17526e-10)
(0.0028755 -1.22259e-10 3.04358e-10)
(0.0028755 1.11159e-10 -3.17145e-10)
(0.00287549 -1.28213e-10 3.05296e-10)
(0.00287551 1.84092e-10 -3.54544e-10)
(0.00287547 -2.12077e-10 3.51995e-10)
(0.00287551 9.65509e-11 -2.59232e-10)
(0.00287547 -1.32694e-10 2.85078e-10)
(0.0028755 9.37617e-11 -2.76751e-10)
(0.00287548 -1.21469e-10 2.98557e-10)
(0.00287549 1.23274e-10 -2.93718e-10)
(0.00231742 -1.28082e-10 -1.58012e-05)
(0.00346427 -1.94064e-12 -1.327e-06)
(0.00288825 -1.87677e-10 6.56686e-07)
(0.00317813 2.67179e-10 -3.3001e-07)
(0.00303234 -3.82334e-10 1.65653e-07)
(0.00310552 2.52391e-10 -8.27813e-08)
(0.00306895 -2.13086e-10 4.10133e-08)
(0.00308709 4.6919e-10 -2.00064e-08)
(0.00307825 -2.84155e-10 9.60811e-09)
(0.00308249 2.17053e-10 -4.59292e-09)
(0.00308053 -3.0894e-11 2.18655e-09)
(0.00308142 6.41306e-11 -1.03098e-09)
(0.00308106 5.65689e-11 5.9677e-10)
(0.0030812 -2.36402e-11 -3.89462e-10)
(0.00308116 7.60817e-11 3.33502e-10)
(0.00308117 -6.32317e-11 -2.8492e-10)
(0.00308118 8.09237e-11 2.77913e-10)
(0.00308117 -8.62082e-11 -2.73473e-10)
(0.00308118 7.34478e-11 2.58228e-10)
(0.00308118 -8.87691e-11 -2.73223e-10)
(0.00308117 6.96208e-11 2.61175e-10)
(0.00308119 -4.15443e-12 -3.27825e-10)
(0.00308115 -5.27812e-13 3.33683e-10)
(0.00308119 -6.23975e-11 -2.2008e-10)
(0.00308115 7.2088e-11 2.59488e-10)
(0.00308118 -8.04458e-11 -2.48615e-10)
(0.00308115 8.68671e-11 2.80545e-10)
(0.00308117 -8.20849e-11 -2.75599e-10)
(0.00216311 -1.54912e-05 -1.54912e-05)
(0.00323317 -1.28586e-06 -1.28576e-06)
(0.00269537 6.36326e-07 6.36224e-07)
(0.00296602 -3.19667e-07 -3.19745e-07)
(0.0028299 1.60435e-07 1.60524e-07)
(0.00289824 -8.03311e-08 -8.0219e-08)
(0.00286408 3.98947e-08 3.97934e-08)
(0.00288103 -1.94119e-08 -1.94881e-08)
(0.00287276 9.3268e-09 9.38615e-09)
(0.00287673 -4.45442e-09 -4.53119e-09)
(0.00287489 2.13957e-09 2.15273e-09)
(0.00287573 -1.02747e-09 -1.0328e-09)
(0.00287538 6.05515e-10 5.87747e-10)
(0.00287552 -3.9308e-10 -3.84864e-10)
(0.00287548 3.38702e-10 3.2747e-10)
(0.00287549 -3.08919e-10 -2.76415e-10)
(0.0028755 3.00894e-10 2.70184e-10)
(0.00287549 -2.98653e-10 -2.6663e-10)
(0.0028755 2.8472e-10 2.53564e-10)
(0.0028755 -2.97392e-10 -2.67044e-10)
(0.00287549 2.85461e-10 2.57294e-10)
(0.00287551 -2.39706e-10 -3.27533e-10)
(0.00287547 2.45852e-10 3.26947e-10)
(0.00287551 -2.41578e-10 -2.19642e-10)
(0.00287547 2.69269e-10 2.40357e-10)
(0.0028755 -2.55264e-10 -2.33623e-10)
(0.00287548 2.77762e-10 2.52982e-10)
(0.00287549 -2.74196e-10 -2.47013e-10)
(0.00167098 -2.23218e-05 -1.3804e-05)
(0.0024966 -1.72159e-06 -1.11019e-06)
(0.00208085 8.53196e-07 5.49504e-07)
(0.00229009 -4.28725e-07 -2.76221e-07)
(0.00218485 2.1501e-07 1.38644e-07)
(0.0022377 -1.07385e-07 -6.92803e-08)
(0.00221126 5.30955e-08 3.43962e-08)
(0.00222439 -2.57476e-08 -1.68919e-08)
(0.00221797 1.22708e-08 8.16728e-09)
(0.00222106 -5.81266e-09 -3.96076e-09)
(0.00221963 2.76139e-09 1.88939e-09)
(0.00222028 -1.343e-09 -9.19352e-10)
(0.00222001 8.14751e-10 5.19562e-10)
(0.00222012 -5.86312e-10 -3.41924e-10)
(0.00222009 5.30094e-10 2.89787e-10)
(0.0022201 -4.91122e-10 -2.43198e-10)
(0.0022201 4.88439e-10 2.39972e-10)
(0.0022201 -4.83665e-10 -2.36279e-10)
(0.0022201 4.70435e-10 2.28248e-10)
(0.0022201 -4.82187e-10 -2.36956e-10)
(0.00222009 4.68523e-10 2.3081e-10)
(0.00222011 -4.81623e-10 -2.86748e-10)
(0.00222008 4.81696e-10 2.8179e-10)
(0.00222011 -3.91885e-10 -1.99387e-10)
(0.00222008 4.24238e-10 2.03986e-10)
(0.00222011 -3.99371e-10 -2.01054e-10)
(0.00222009 4.26687e-10 2.08217e-10)
(0.0022201 -4.28941e-10 -2.02215e-10)
(0.000750851 -1.03553e-05 -7.83154e-06)
(0.0011211 -1.08943e-06 -6.07997e-07)
(0.000933969 5.43987e-07 3.01736e-07)
(0.00102812 -2.72587e-07 -1.51912e-07)
(0.000980758 1.36019e-07 7.63047e-08)
(0.00100455 -6.73661e-08 -3.81875e-08)
(0.000992639 3.30964e-08 1.89653e-08)
(0.000998563 -1.60069e-08 -9.30785e-09)
(0.000995665 7.77817e-09 4.4662e-09)
(0.000997058 -3.72739e-09 -2.15913e-09)
(0.00099641 1.9438e-09 1.00442e-09)
(0.000996704 -1.06449e-09 -4.83304e-10)
(0.000996584 7.43908e-10 2.61701e-10)
(0.000996631 -5.90173e-10 -1.71252e-10)
(0.000996618 5.85138e-10 1.36512e-10)
(0.000996621 -5.38575e-10 -1.19798e-10)
(0.000996624 5.73919e-10 1.11498e-10)
(0.000996622 -5.71193e-10 -1.09906e-10)
(0.000996623 5.80205e-10 1.04287e-10)
(0.000996624 -5.69745e-10 -1.09566e-10)
(0.00099662 5.6971e-10 1.06021e-10)
(0.000996625 -5.64202e-10 -1.30929e-10)
(0.000996614 4.96971e-10 1.36483e-10)
(0.000996628 -4.94187e-10 -8.8704e-11)
(0.000996616 3.93913e-10 1.05488e-10)
(0.000996626 -3.97947e-10 -9.73741e-11)
(0.000996619 3.46428e-10 1.11641e-10)
(0.000996622 -3.42694e-10 -1.11446e-10)
(0.000611711 1.06218e-05 -1.23238e-05)
(0.000912948 9.98069e-07 -8.4666e-07)
(0.000760342 -4.98302e-07 4.20005e-07)
(0.000837078 2.4967e-07 -2.11155e-07)
(0.000798475 -1.24721e-07 1.05791e-07)
(0.000817874 6.19434e-08 -5.27484e-08)
(0.000808154 -3.05364e-08 2.60592e-08)
(0.000812995 1.49161e-08 -1.26495e-08)
(0.00081062 -7.24636e-09 6.07497e-09)
(0.000811765 3.501e-09 -2.8866e-09)
(0.00081123 -1.77578e-09 1.41065e-09)
(0.000811474 9.83393e-10 -7.00284e-10)
(0.000811373 -6.39048e-10 4.38587e-10)
(0.000811413 5.02779e-10 -3.16485e-10)
(0.000811401 -4.68982e-10 2.91671e-10)
(0.000811405 4.49087e-10 -2.65371e-10)
(0.000811406 -4.60928e-10 2.69717e-10)
(0.000811405 4.63217e-10 -2.67535e-10)
(0.000811405 -4.70559e-10 2.63175e-10)
(0.000811406 4.59467e-10 -2.66593e-10)
(0.000811403 -4.645e-10 2.6094e-10)
(0.000811407 4.44457e-10 -2.74252e-10)
(0.000811399 -3.96621e-10 2.6197e-10)
(0.00081141 4.02771e-10 -2.22939e-10)
(0.000811401 -3.22076e-10 2.18333e-10)
(0.000811408 3.21376e-10 -2.11786e-10)
(0.000811403 -2.80093e-10 2.15766e-10)
(0.000811405 2.57785e-10 -2.14014e-10)
(0.00131085 2.04232e-05 -2.04234e-05)
(0.00195772 1.51047e-06 -1.51039e-06)
(0.00163131 -7.48994e-07 7.48652e-07)
(0.00179555 3.76674e-07 -3.76376e-07)
(0.00171294 -1.89189e-07 1.88752e-07)
(0.00175444 9.46654e-08 -9.42289e-08)
(0.00173366 -4.69656e-08 4.65636e-08)
(0.001744 2.31105e-08 -2.25898e-08)
(0.00173893 -1.10686e-08 1.07793e-08)
(0.00174138 5.33047e-09 -5.09696e-09)
(0.00174023 -2.45704e-09 2.43328e-09)
(0.00174076 1.2405e-09 -1.17322e-09)
(0.00174054 -6.43121e-10 7.14331e-10)
(0.00174063 4.63617e-10 -5.07553e-10)
(0.0017406 -3.46591e-10 4.59429e-10)
(0.00174061 3.46446e-10 -4.22416e-10)
(0.00174061 -3.14331e-10 4.22383e-10)
(0.00174061 3.09127e-10 -4.16326e-10)
(0.00174061 -3.05889e-10 4.05118e-10)
(0.00174061 3.04587e-10 -4.15487e-10)
(0.0017406 -3.08238e-10 4.05869e-10)
(0.00174061 3.30848e-10 -4.30658e-10)
(0.0017406 -3.45767e-10 4.3047e-10)
(0.00174062 2.50357e-10 -3.39856e-10)
(0.0017406 -2.85216e-10 3.72473e-10)
(0.00174061 2.44047e-10 -3.49169e-10)
(0.0017406 -2.74027e-10 3.73283e-10)
(0.00174061 2.96079e-10 -3.8405e-10)
(0.00167098 1.38038e-05 -2.23219e-05)
(0.0024966 1.11026e-06 -1.72153e-06)
(0.00208085 -5.49812e-07 8.53091e-07)
(0.00229009 2.76442e-07 -4.28668e-07)
(0.00218485 -1.38987e-07 2.14934e-07)
(0.0022377 6.96561e-08 -1.07251e-07)
(0.00221126 -3.46939e-08 5.29602e-08)
(0.00222439 1.7346e-08 -2.56635e-08)
(0.00221797 -8.41781e-09 1.22258e-08)
(0.00222106 4.11934e-09 -5.78181e-09)
(0.00221963 -1.89805e-09 2.76162e-09)
(0.00222028 9.84793e-10 -1.34297e-09)
(0.00222001 -4.60456e-10 8.28779e-10)
(0.00222012 3.19001e-10 -6.03346e-10)
(0.00222009 -1.98332e-10 5.5408e-10)
(0.0022201 1.98067e-10 -5.10646e-10)
(0.0022201 -1.64579e-10 5.1234e-10)
(0.0022201 1.5857e-10 -5.07449e-10)
(0.0022201 -1.62902e-10 4.9391e-10)
(0.0022201 1.53019e-10 -5.06319e-10)
(0.00222009 -1.66128e-10 4.92568e-10)
(0.00222011 2.02035e-10 -5.36477e-10)
(0.00222008 -2.12624e-10 5.321e-10)
(0.00222011 1.36481e-10 -4.12437e-10)
(0.00222008 -1.4675e-10 4.43071e-10)
(0.00222011 1.18934e-10 -4.18242e-10)
(0.00222009 -1.30762e-10 4.44156e-10)
(0.0022201 1.39626e-10 -4.47333e-10)
(0.00178214 -8.66376e-11 -2.26144e-05)
(0.00266306 -2.29261e-11 -1.76868e-06)
(0.00221977 -9.64246e-11 8.76636e-07)
(0.00244287 1.44383e-10 -4.40567e-07)
(0.00233066 -1.95699e-10 2.2101e-07)
(0.002387 1.0875e-10 -1.10353e-07)
(0.00235883 -6.71201e-11 5.45418e-08)
(0.00237282 2.40854e-10 -2.64915e-08)
(0.00236598 -1.40159e-10 1.26159e-08)
(0.00236927 9.64147e-11 -5.98307e-09)
(0.00236774 5.30785e-13 2.82828e-09)
(0.00236844 2.3867e-11 -1.36799e-09)
(0.00236815 4.3777e-11 8.21442e-10)
(0.00236827 -1.92378e-11 -5.89227e-10)
(0.00236823 5.38209e-11 5.30556e-10)
(0.00236824 -4.29163e-11 -4.87789e-10)
(0.00236825 5.61374e-11 4.8415e-10)
(0.00236825 -5.92752e-11 -4.77748e-10)
(0.00236825 5.14825e-11 4.64312e-10)
(0.00236825 -6.15762e-11 -4.76672e-10)
(0.00236824 5.00038e-11 4.67937e-10)
(0.00236825 2.00714e-13 -5.15498e-10)
(0.00236823 -5.11415e-12 5.16266e-10)
(0.00236826 -4.57309e-11 -3.91694e-10)
(0.00236823 4.42e-11 4.26745e-10)
(0.00236825 -5.36238e-11 -4.01172e-10)
(0.00236823 5.03202e-11 4.32558e-10)
(0.00236824 -4.0363e-11 -4.35774e-10)
(0.00167098 -1.3804e-05 -2.23218e-05)
(0.0024966 -1.11027e-06 -1.72154e-06)
(0.00208085 5.49579e-07 8.53156e-07)
(0.00229009 -2.76165e-07 -4.28762e-07)
(0.00218485 1.38577e-07 2.15052e-07)
(0.0022377 -6.93669e-08 -1.0734e-07)
(0.00221126 3.44746e-08 5.30545e-08)
(0.00222439 -1.6834e-08 -2.57827e-08)
(0.00221797 8.12263e-09 1.22959e-08)
(0.00222106 -3.9015e-09 -5.84623e-09)
(0.00221963 1.87725e-09 2.76614e-09)
(0.00222028 -9.12199e-10 -1.34477e-09)
(0.00222001 5.30671e-10 8.06021e-10)
(0.00222012 -3.46395e-10 -5.81335e-10)
(0.00222009 2.96469e-10 5.23289e-10)
(0.0022201 -2.65032e-10 -4.76225e-10)
(0.0022201 2.59765e-10 4.73765e-10)
(0.0022201 -2.57868e-10 -4.68552e-10)
(0.0022201 2.48117e-10 4.55485e-10)
(0.0022201 -2.57206e-10 -4.67741e-10)
(0.00222009 2.47047e-10 4.54881e-10)
(0.00222011 -2.20971e-10 -5.18694e-10)
(0.00222008 2.21582e-10 5.16262e-10)
(0.00222011 -2.11604e-10 -3.81129e-10)
(0.00222008 2.24986e-10 4.11268e-10)
(0.00222011 -2.17019e-10 -3.88723e-10)
(0.00222009 2.27262e-10 4.15197e-10)
(0.0022201 -2.19786e-10 -4.18017e-10)
(0.00131085 -2.04233e-05 -2.04233e-05)
(0.00195772 -1.51046e-06 -1.51043e-06)
(0.00163131 7.4879e-07 7.48761e-07)
(0.00179555 -3.76473e-07 -3.765e-07)
(0.00171294 1.88854e-07 1.88886e-07)
(0.00175444 -9.43706e-08 -9.43368e-08)
(0.00173366 4.66886e-08 4.66574e-08)
(0.001744 -2.26863e-08 -2.27135e-08)
(0.00173893 1.0826e-08 1.08453e-08)
(0.00174138 -5.12006e-09 -5.14632e-09)
(0.00174023 2.41843e-09 2.42283e-09)
(0.00174076 -1.15755e-09 -1.15996e-09)
(0.00174054 6.86021e-10 6.79869e-10)
(0.00174063 -4.78031e-10 -4.74741e-10)
(0.0017406 4.22031e-10 4.17176e-10)
(0.00174061 -3.86965e-10 -3.7613e-10)
(0.00174061 3.80075e-10 3.69536e-10)
(0.00174061 -3.74985e-10 -3.64058e-10)
(0.00174061 3.63437e-10 3.52812e-10)
(0.00174061 -3.73199e-10 -3.6279e-10)
(0.0017406 3.64247e-10 3.54586e-10)
(0.00174061 -3.78689e-10 -4.05752e-10)
(0.0017406 3.83268e-10 4.08501e-10)
(0.00174062 -3.06157e-10 -2.98488e-10)
(0.0017406 3.42658e-10 3.32785e-10)
(0.00174061 -3.22854e-10 -3.14368e-10)
(0.0017406 3.52876e-10 3.43695e-10)
(0.00174061 -3.55488e-10 -3.48201e-10)
(0.000611711 -1.0622e-05 -1.23238e-05)
(0.000912949 -9.97966e-07 -8.46686e-07)
(0.000760342 4.9805e-07 4.20057e-07)
(0.000837078 -2.49494e-07 -2.11203e-07)
(0.000798475 1.24493e-07 1.05859e-07)
(0.000817873 -6.16718e-08 -5.28135e-08)
(0.000808155 3.03165e-08 2.61227e-08)
(0.000812995 -1.46711e-08 -1.27322e-08)
(0.00081062 7.14065e-09 6.12443e-09)
(0.000811765 -3.42216e-09 -2.92795e-09)
(0.00081123 1.79054e-09 1.41941e-09)
(0.000811474 -9.80227e-10 -7.13126e-10)
(0.000811373 6.83376e-10 4.33072e-10)
(0.000811413 -5.40696e-10 -3.13666e-10)
(0.000811401 5.35076e-10 2.81884e-10)
(0.000811405 -4.93771e-10 -2.58187e-10)
(0.000811406 5.26381e-10 2.60028e-10)
(0.000811405 -5.23914e-10 -2.57328e-10)
(0.000811405 5.32432e-10 2.54481e-10)
(0.000811406 -5.23187e-10 -2.56267e-10)
(0.000811403 5.23312e-10 2.53167e-10)
(0.000811407 -5.14688e-10 -2.67398e-10)
(0.000811399 4.53664e-10 2.56799e-10)
(0.00081141 -4.54246e-10 -2.15848e-10)
(0.000811401 3.62198e-10 2.09245e-10)
(0.000811408 -3.63739e-10 -2.01095e-10)
(0.000811403 3.14335e-10 2.02337e-10)
(0.000811405 -3.13677e-10 -2.01231e-10)
(0.000317304 6.99268e-06 -6.99273e-06)
(0.000473207 5.59855e-07 -5.59818e-07)
(0.000393866 -2.80224e-07 2.80113e-07)
(0.000433701 1.40753e-07 -1.40672e-07)
(0.000413659 -7.06028e-08 7.04877e-08)
(0.000423735 3.52995e-08 -3.51686e-08)
(0.000418681 -1.75282e-08 1.74225e-08)
(0.000421202 8.64603e-09 -8.51029e-09)
(0.000419962 -4.19028e-09 4.12721e-09)
(0.000420561 2.02647e-09 -1.97605e-09)
(0.00042028 -9.71494e-10 9.72197e-10)
(0.000420409 5.0159e-10 -4.88365e-10)
(0.000420355 -2.77207e-10 2.95303e-10)
(0.000420376 1.95553e-10 -2.06535e-10)
(0.00042037 -1.5558e-10 1.83983e-10)
(0.000420372 1.50683e-10 -1.65589e-10)
(0.000420372 -1.42972e-10 1.68043e-10)
(0.000420372 1.42653e-10 -1.66161e-10)
(0.000420372 -1.42452e-10 1.65381e-10)
(0.000420372 1.40613e-10 -1.65375e-10)
(0.000420371 -1.4202e-10 1.63863e-10)
(0.000420372 1.36964e-10 -1.65549e-10)
(0.000420369 -1.33051e-10 1.53958e-10)
(0.000420374 1.21794e-10 -1.43766e-10)
(0.00042037 -1.15378e-10 1.30311e-10)
(0.000420373 1.08725e-10 -1.30211e-10)
(0.000420372 -1.08447e-10 1.27115e-10)
(0.000420373 1.01578e-10 -1.24383e-10)
(0.000611711 1.23237e-05 -1.06219e-05)
(0.000912948 8.4673e-07 -9.98006e-07)
(0.000760342 -4.20234e-07 4.98108e-07)
(0.000837078 2.1134e-07 -2.49525e-07)
(0.000798475 -1.06048e-07 1.24515e-07)
(0.000817873 5.3022e-08 -6.1714e-08)
(0.000808154 -2.62895e-08 3.03476e-08)
(0.000812995 1.29545e-08 -1.46683e-08)
(0.00081062 -6.22962e-09 7.126e-09)
(0.000811765 3.00597e-09 -3.40764e-09)
(0.00081123 -1.41063e-09 1.77669e-09)
(0.000811474 7.28621e-10 -9.59225e-10)
(0.000811373 -3.94087e-10 6.72907e-10)
(0.000811413 2.88749e-10 -5.23083e-10)
(0.000811401 -2.25015e-10 5.21139e-10)
(0.000811405 2.24127e-10 -4.77924e-10)
(0.000811406 -2.07805e-10 5.07688e-10)
(0.000811405 2.0729e-10 -5.07607e-10)
(0.000811405 -2.05766e-10 5.13416e-10)
(0.000811406 2.03917e-10 -5.06076e-10)
(0.000811403 -2.05112e-10 5.0568e-10)
(0.000811407 2.11055e-10 -4.96453e-10)
(0.000811399 -2.13805e-10 4.35416e-10)
(0.00081141 1.68954e-10 -4.43706e-10)
(0.000811401 -1.77322e-10 3.50743e-10)
(0.000811408 1.58134e-10 -3.58955e-10)
(0.000811403 -1.66957e-10 3.14329e-10)
(0.000811405 1.60802e-10 -3.0597e-10)
(0.000750851 7.8315e-06 -1.03551e-05)
(0.0011211 6.08006e-07 -1.08946e-06)
(0.000933969 -3.01853e-07 5.4406e-07)
(0.00102812 1.51998e-07 -2.72625e-07)
(0.000980758 -7.64385e-08 1.36042e-07)
(0.00100455 3.83341e-08 -6.74148e-08)
(0.000992639 -1.90739e-08 3.3126e-08)
(0.000998563 9.49923e-09 -1.60035e-08)
(0.000995665 -4.57524e-09 7.754e-09)
(0.000997058 2.21716e-09 -3.71031e-09)
(0.00099641 -1.00309e-09 1.9165e-09)
(0.000996704 5.08625e-10 -1.03781e-09)
(0.000996584 -2.34571e-10 7.21056e-10)
(0.000996631 1.62275e-10 -5.6707e-10)
(0.000996618 -9.71312e-11 5.56916e-10)
(0.000996621 1.01667e-10 -5.15706e-10)
(0.000996624 -7.96163e-11 5.42996e-10)
(0.000996622 7.75726e-11 -5.43469e-10)
(0.000996623 -7.68158e-11 5.48059e-10)
(0.000996624 7.43272e-11 -5.41695e-10)
(0.00099662 -7.84735e-11 5.36709e-10)
(0.000996625 9.50312e-11 -5.31578e-10)
(0.000996614 -1.08579e-10 4.74065e-10)
(0.000996628 6.0566e-11 -4.62826e-10)
(0.000996616 -8.38223e-11 3.81316e-10)
(0.000996626 6.70132e-11 -3.81072e-10)
(0.000996619 -8.30388e-11 3.42673e-10)
(0.000996622 7.76937e-11 -3.35286e-10)
(0.000792543 1.07168e-11 -1.0118e-05)
(0.00118352 -2.783e-11 -1.09846e-06)
(0.00098606 -5.72862e-12 5.48851e-07)
(0.00108542 2.86451e-11 -2.7519e-07)
(0.00103544 -5.434e-11 1.37405e-07)
(0.00106055 2.17055e-11 -6.81349e-08)
(0.00104798 -1.14491e-11 3.34937e-08)
(0.00105423 8.84972e-11 -1.62042e-08)
(0.00105117 -6.40066e-11 7.83482e-09)
(0.00105264 3.55255e-11 -3.74953e-09)
(0.00105196 -9.49298e-12 1.90885e-09)
(0.00105227 1.964e-11 -1.02559e-09)
(0.00105214 6.58186e-12 6.98124e-10)
(0.00105219 3.71671e-12 -5.4747e-10)
(0.00105218 8.15528e-12 5.30684e-10)
(0.00105218 -4.59406e-12 -4.90807e-10)
(0.00105219 7.5256e-12 5.14359e-10)
(0.00105218 -9.25495e-12 -5.13031e-10)
(0.00105218 5.12982e-12 5.17978e-10)
(0.00105218 -1.0491e-11 -5.11238e-10)
(0.00105218 4.36197e-12 5.07853e-10)
(0.00105219 1.33962e-11 -5.05046e-10)
(0.00105217 -1.18586e-11 4.54304e-10)
(0.00105219 -3.5667e-12 -4.35261e-10)
(0.00105218 9.41978e-12 3.65484e-10)
(0.00105219 -9.29481e-12 -3.63075e-10)
(0.00105218 1.35318e-11 3.32964e-10)
(0.00105218 -1.72021e-11 -3.26601e-10)
(0.000750851 -7.83155e-06 -1.03553e-05)
(0.0011211 -6.0802e-07 -1.08943e-06)
(0.000933969 3.01758e-07 5.43984e-07)
(0.00102812 -1.51891e-07 -2.7258e-07)
(0.000980758 7.62787e-08 1.36014e-07)
(0.00100455 -3.82115e-08 -6.73628e-08)
(0.000992639 1.89851e-08 3.30959e-08)
(0.000998563 -9.28367e-09 -1.60059e-08)
(0.000995665 4.44729e-09 7.78078e-09)
(0.000997058 -2.13555e-09 -3.72886e-09)
(0.00099641 1.00004e-09 1.94657e-09)
(0.000996704 -4.80847e-10 -1.06717e-09)
(0.000996584 2.66246e-10 7.46534e-10)
(0.000996631 -1.72562e-10 -5.93472e-10)
(0.000996618 1.3909e-10 5.89117e-10)
(0.000996621 -1.28386e-10 -5.4106e-10)
(0.000996624 1.19843e-10 5.77506e-10)
(0.000996622 -1.18568e-10 -5.74282e-10)
(0.000996623 1.12792e-10 5.84057e-10)
(0.000996624 -1.17683e-10 -5.72998e-10)
(0.00099662 1.1396e-10 5.73873e-10)
(0.000996625 -1.03577e-10 -5.66227e-10)
(0.000996614 1.10263e-10 4.98317e-10)
(0.000996628 -9.51135e-11 -4.97789e-10)
(0.000996616 1.13057e-10 3.95077e-10)
(0.000996626 -1.03015e-10 -4.00549e-10)
(0.000996619 1.18286e-10 3.47742e-10)
(0.000996622 -1.20846e-10 -3.41171e-10)
(0.000611711 -1.23238e-05 -1.0622e-05)
(0.000912949 -8.46688e-07 -9.97968e-07)
(0.000760342 4.20059e-07 4.98052e-07)
(0.000837078 -2.11198e-07 -2.49492e-07)
(0.000798475 1.05852e-07 1.24493e-07)
(0.000817873 -5.28178e-08 -6.1673e-08)
(0.000808155 2.61245e-08 3.03192e-08)
(0.000812995 -1.27239e-08 -1.46724e-08)
(0.00081062 6.11719e-09 7.14279e-09)
(0.000811765 -2.91923e-09 -3.42434e-09)
(0.00081123 1.41665e-09 1.79208e-09)
(0.000811474 -7.10785e-10 -9.81785e-10)
(0.000811373 4.33314e-10 6.84394e-10)
(0.000811413 -3.12711e-10 -5.42142e-10)
(0.000811401 2.81579e-10 5.36369e-10)
(0.000811405 -2.59555e-10 -4.94673e-10)
(0.000811406 2.61419e-10 5.27364e-10)
(0.000811405 -2.58698e-10 -5.24897e-10)
(0.000811405 2.5586e-10 5.33477e-10)
(0.000811406 -2.57384e-10 -5.24274e-10)
(0.000811403 2.54506e-10 5.24313e-10)
(0.000811407 -2.5695e-10 -5.17503e-10)
(0.000811399 2.46306e-10 4.56655e-10)
(0.00081141 -2.17125e-10 -4.54919e-10)
(0.000811401 2.10903e-10 3.62532e-10)
(0.000811408 -2.02508e-10 -3.64577e-10)
(0.000811403 2.04264e-10 3.14742e-10)
(0.000811405 -2.04322e-10 -3.11889e-10)
(0.000317304 -6.99273e-06 -6.99273e-06)
(0.000473207 -5.59818e-07 -5.59821e-07)
(0.000393866 2.80132e-07 2.80135e-07)
(0.000433701 -1.40688e-07 -1.40685e-07)
(0.000413659 7.05135e-08 7.05111e-08)
(0.000423735 -3.51961e-08 -3.51979e-08)
(0.000418681 1.74432e-08 1.74458e-08)
(0.000421202 -8.5433e-09 -8.54246e-09)
(0.000419962 4.14261e-09 4.14282e-09)
(0.000420561 -1.98887e-09 -1.98881e-09)
(0.00042028 9.7241e-10 9.73267e-10)
(0.000420409 -4.92648e-10 -4.93632e-10)
(0.000420355 2.91294e-10 2.92348e-10)
(0.000420376 -2.05008e-10 -2.06143e-10)
(0.00042037 1.77842e-10 1.78972e-10)
(0.000420372 -1.6303e-10 -1.64261e-10)
(0.000420372 1.6309e-10 1.64394e-10)
(0.000420372 -1.61408e-10 -1.62716e-10)
(0.000420372 1.6091e-10 1.62272e-10)
(0.000420372 -1.60363e-10 -1.61713e-10)
(0.000420371 1.5956e-10 1.60861e-10)
(0.000420372 -1.60703e-10 -1.61136e-10)
(0.000420369 1.51316e-10 1.51933e-10)
(0.000420374 -1.38701e-10 -1.39671e-10)
(0.00042037 1.27875e-10 1.28628e-10)
(0.000420373 -1.24245e-10 -1.24904e-10)
(0.000420372 1.21731e-10 1.22175e-10)
(0.000420373 -1.21826e-10 -1.21921e-10)
)
;

boundaryField
{
    inlet
    {
        type            fixedValue;
        value           uniform (0.001667 0 0);
    }
    outlet
    {
        type            zeroGradient;
    }
    Walls
    {
        type            noSlip;
    }
}


// ************************************************************************* //
