/*--------------------------------*- C++ -*----------------------------------*\
  =========                 |
  \\      /  F ield         | OpenFOAM: The Open Source CFD Toolbox
   \\    /   O peration     | Website:  https://openfoam.org
    \\  /    A nd           | Version:  13
     \\/     M anipulation  |
\*---------------------------------------------------------------------------*/
FoamFile
{
    format      ascii;
    class       volScalarField;
    location    "33";
    object      p;
}
// * * * * * * * * * * * * * * * * * * * * * * * * * * * * * * * * * * * * * //

dimensions      [0 2 -2 0 0 0 0];

internalField   nonuniform List<scalar> 
1372
(
0.22741
0.215095
0.209005
0.199789
0.192147
0.183714
0.175676
0.167442
0.159305
0.151121
0.142959
0.134787
0.12662
0.11845
0.110282
0.102112
0.0939436
0.085774
0.0776056
0.0694361
0.0612677
0.0530982
0.0449298
0.0367603
0.0285918
0.0204223
0.0122538
0.0040843
0.227402
0.215095
0.209005
0.199789
0.192147
0.183714
0.175676
0.167442
0.159305
0.151121
0.142959
0.134787
0.12662
0.11845
0.110282
0.102112
0.0939436
0.085774
0.0776056
0.0694361
0.0612677
0.0530982
0.0449298
0.0367603
0.0285918
0.0204223
0.0122538
0.0040843
0.227398
0.215094
0.209005
0.199789
0.192147
0.183714
0.175676
0.167442
0.159305
0.151121
0.142959
0.134787
0.12662
0.11845
0.110282
0.102112
0.0939436
0.085774
0.0776056
0.0694361
0.0612677
0.0530982
0.0449298
0.0367603
0.0285918
0.0204223
0.0122538
0.0040843
0.227397
0.215094
0.209005
0.199789
0.192147
0.183714
0.175676
0.167442
0.159305
0.151121
0.142959
0.134787
0.12662
0.11845
0.110282
0.102112
0.0939436
0.085774
0.0776056
0.0694361
0.0612677
0.0530982
0.0449298
0.0367603
0.0285918
0.0204223
0.0122538
0.0040843
0.227398
0.215094
0.209005
0.199789
0.192147
0.183714
0.175676
0.167442
0.159305
0.151121
0.142959
0.134787
0.12662
0.11845
0.110282
0.102112
0.0939436
0.085774
0.0776056
0.0694361
0.0612677
0.0530982
0.0449298
0.0367603
0.0285918
0.0204223
0.0122538
0.0040843
0.227402
0.215095
0.209005
0.199789
0.192147
0.183714
0.175676
0.167442
0.159305
0.151121
0.142959
0.134787
0.12662
0.11845
0.110282
0.102112
0.0939436
0.085774
0.0776056
0.0694361
0.0612677
0.0530982
0.0449298
0.0367603
0.0285918
0.0204223
0.0122538
0.0040843
0.22741
0.215095
0.209005
0.199789
0.192147
0.183714
0.175676
0.167442
0.159305
0.151121
0.142959
0.134787
0.12662
0.11845
0.110282
0.102112
0.0939436
0.085774
0.0776056
0.0694361
0.0612677
0.0530982
0.0449298
0.0367603
0.0285918
0.0204223
0.0122538
0.0040843
0.227402
0.215095
0.209005
0.199789
0.192147
0.183714
0.175676
0.167442
0.159305
0.151121
0.142959
0.134787
0.12662
0.11845
0.110282
0.102112
0.0939436
0.085774
0.0776056
0.0694361
0.0612677
0.0530982
0.0449298
0.0367603
0.0285918
0.0204223
0.0122538
0.0040843
0.227395
0.215095
0.209005
0.199789
0.192147
0.183714
0.175676
0.167442
0.159305
0.151121
0.142959
0.134787
0.12662
0.11845
0.110282
0.102112
0.0939436
0.085774
0.0776056
0.0694361
0.0612677
0.0530982
0.0449298
0.0367603
0.0285918
0.0204223
0.0122538
0.0040843
0.22739
0.215094
0.209005
0.199789
0.192147
0.183714
0.175676
0.167442
0.159305
0.151121
0.142959
0.134787
0.12662
0.11845
0.110282
0.102112
0.0939436
0.085774
0.0776056
0.0694361
0.0612677
0.0530982
0.0449298
0.0367603
0.0285918
0.0204223
0.0122538
0.0040843
0.227389
0.215094
0.209005
0.199789
0.192147
0.183714
0.175676
0.167442
0.159305
0.151121
0.142959
0.134787
0.12662
0.11845
0.110282
0.102112
0.0939436
0.085774
0.0776056
0.0694361
0.0612677
0.0530982
0.0449298
0.0367603
0.0285918
0.0204223
0.0122538
0.0040843
0.22739
0.215094
0.209005
0.199789
0.192147
0.183714
0.175676
0.167442
0.159305
0.151121
0.142959
0.134787
0.12662
0.11845
0.110282
0.102112
0.0939436
0.085774
0.0776056
0.0694361
0.0612677
0.0530982
0.0449298
0.0367603
0.0285918
0.0204223
0.0122538
0.0040843
0.227395
0.215095
0.209005
0.199789
0.192147
0.183714
0.175676
0.167442
0.159305
0.151121
0.142959
0.134787
0.12662
0.11845
0.110282
0.102112
0.0939436
0.085774
0.0776056
0.0694361
0.0612677
0.0530982
0.0449298
0.0367603
0.0285918
0.0204223
0.0122538
0.0040843
0.227402
0.215095
0.209005
0.199789
0.192147
0.183714
0.175676
0.167442
0.159305
0.151121
0.142959
0.134787
0.12662
0.11845
0.110282
0.102112
0.0939436
0.085774
0.0776056
0.0694361
0.0612677
0.0530982
0.0449298
0.0367603
0.0285918
0.0204223
0.0122538
0.0040843
0.227398
0.215094
0.209005
0.199789
0.192147
0.183714
0.175676
0.167442
0.159305
0.151121
0.142959
0.134787
0.12662
0.11845
0.110282
0.102112
0.0939436
0.085774
0.0776056
0.0694361
0.0612677
0.0530982
0.0449298
0.0367603
0.0285918
0.0204223
0.0122538
0.0040843
0.22739
0.215094
0.209005
0.199789
0.192147
0.183714
0.175676
0.167442
0.159305
0.151121
0.142959
0.134787
0.12662
0.11845
0.110282
0.102112
0.0939436
0.085774
0.0776056
0.0694361
0.0612677
0.0530982
0.0449298
0.0367603
0.0285918
0.0204223
0.0122538
0.0040843
0.227386
0.215094
0.209006
0.199789
0.192147
0.183714
0.175676
0.167442
0.159305
0.151121
0.142959
0.134787
0.12662
0.11845
0.110282
0.102112
0.0939436
0.085774
0.0776056
0.0694361
0.0612677
0.0530982
0.0449298
0.0367603
0.0285918
0.0204223
0.0122538
0.0040843
0.227384
0.215094
0.209006
0.199789
0.192147
0.183714
0.175676
0.167442
0.159305
0.151121
0.142959
0.134787
0.12662
0.11845
0.110282
0.102112
0.0939436
0.085774
0.0776056
0.0694361
0.0612677
0.0530982
0.0449298
0.0367603
0.0285918
0.0204223
0.0122538
0.0040843
0.227386
0.215094
0.209006
0.199789
0.192147
0.183714
0.175676
0.167442
0.159305
0.151121
0.142959
0.134787
0.12662
0.11845
0.110282
0.102112
0.0939436
0.085774
0.0776056
0.0694361
0.0612677
0.0530982
0.0449298
0.0367603
0.0285918
0.0204223
0.0122538
0.0040843
0.22739
0.215094
0.209005
0.199789
0.192147
0.183714
0.175676
0.167442
0.159305
0.151121
0.142959
0.134787
0.12662
0.11845
0.110282
0.102112
0.0939436
0.085774
0.0776056
0.0694361
0.0612677
0.0530982
0.0449298
0.0367603
0.0285918
0.0204223
0.0122538
0.0040843
0.227398
0.215094
0.209005
0.199789
0.192147
0.183714
0.175676
0.167442
0.159305
0.151121
0.142959
0.134787
0.12662
0.11845
0.110282
0.102112
0.0939436
0.085774
0.0776056
0.0694361
0.0612677
0.0530982
0.0449298
0.0367603
0.0285918
0.0204223
0.0122538
0.0040843
0.227397
0.215094
0.209005
0.199789
0.192147
0.183714
0.175676
0.167442
0.159305
0.151121
0.142959
0.134787
0.12662
0.11845
0.110282
0.102112
0.0939436
0.085774
0.0776056
0.0694361
0.0612677
0.0530982
0.0449298
0.0367603
0.0285918
0.0204223
0.0122538
0.0040843
0.227389
0.215094
0.209005
0.199789
0.192147
0.183714
0.175676
0.167442
0.159305
0.151121
0.142959
0.134787
0.12662
0.11845
0.110282
0.102112
0.0939436
0.085774
0.0776056
0.0694361
0.0612677
0.0530982
0.0449298
0.0367603
0.0285918
0.0204223
0.0122538
0.0040843
0.227384
0.215094
0.209006
0.199789
0.192147
0.183714
0.175676
0.167442
0.159305
0.151121
0.142959
0.134787
0.12662
0.11845
0.110282
0.102112
0.0939436
0.085774
0.0776056
0.0694361
0.0612677
0.0530982
0.0449298
0.0367603
0.0285918
0.0204223
0.0122538
0.0040843
0.227383
0.215094
0.209006
0.199789
0.192147
0.183714
0.175676
0.167442
0.159305
0.151121
0.142959
0.134787
0.12662
0.11845
0.110282
0.102112
0.0939436
0.085774
0.0776056
0.0694361
0.0612677
0.0530982
0.0449298
0.0367603
0.0285918
0.0204223
0.0122538
0.0040843
0.227384
0.215094
0.209006
0.199789
0.192147
0.183714
0.175676
0.167442
0.159305
0.151121
0.142959
0.134787
0.12662
0.11845
0.110282
0.102112
0.0939436
0.085774
0.0776056
0.0694361
0.0612677
0.0530982
0.0449298
0.0367603
0.0285918
0.0204223
0.0122538
0.0040843
0.227389
0.215094
0.209005
0.199789
0.192147
0.183714
0.175676
0.167442
0.159305
0.151121
0.142959
0.134787
0.12662
0.11845
0.110282
0.102112
0.0939436
0.085774
0.0776056
0.0694361
0.0612677
0.0530982
0.0449298
0.0367603
0.0285918
0.0204223
0.0122538
0.0040843
0.227397
0.215094
0.209005
0.199789
0.192147
0.183714
0.175676
0.167442
0.159305
0.151121
0.142959
0.134787
0.12662
0.11845
0.110282
0.102112
0.0939436
0.085774
0.0776056
0.0694361
0.0612677
0.0530982
0.0449298
0.0367603
0.0285918
0.0204223
0.0122538
0.0040843
0.227398
0.215094
0.209005
0.199789
0.192147
0.183714
0.175676
0.167442
0.159305
0.151121
0.142959
0.134787
0.12662
0.11845
0.110282
0.102112
0.0939436
0.085774
0.0776056
0.0694361
0.0612677
0.0530982
0.0449298
0.0367603
0.0285918
0.0204223
0.0122538
0.0040843
0.22739
0.215094
0.209005
0.199789
0.192147
0.183714
0.175676
0.167442
0.159305
0.151121
0.142959
0.134787
0.12662
0.11845
0.110282
0.102112
0.0939436
0.085774
0.0776056
0.0694361
0.0612677
0.0530982
0.0449298
0.0367603
0.0285918
0.0204223
0.0122538
0.0040843
0.227386
0.215094
0.209006
0.199789
0.192147
0.183714
0.175676
0.167442
0.159305
0.151121
0.142959
0.134787
0.12662
0.11845
0.110282
0.102112
0.0939436
0.085774
0.0776056
0.0694361
0.0612677
0.0530982
0.0449298
0.0367603
0.0285918
0.0204223
0.0122538
0.0040843
0.227384
0.215094
0.209006
0.199789
0.192147
0.183714
0.175676
0.167442
0.159305
0.151121
0.142959
0.134787
0.12662
0.11845
0.110282
0.102112
0.0939436
0.085774
0.0776056
0.0694361
0.0612677
0.0530982
0.0449298
0.0367603
0.0285918
0.0204223
0.0122538
0.0040843
0.227386
0.215094
0.209006
0.199789
0.192147
0.183714
0.175676
0.167442
0.159305
0.151121
0.142959
0.134787
0.12662
0.11845
0.110282
0.102112
0.0939436
0.085774
0.0776056
0.0694361
0.0612677
0.0530982
0.0449298
0.0367603
0.0285918
0.0204223
0.0122538
0.0040843
0.22739
0.215094
0.209005
0.199789
0.192147
0.183714
0.175676
0.167442
0.159305
0.151121
0.142959
0.134787
0.12662
0.11845
0.110282
0.102112
0.0939436
0.085774
0.0776056
0.0694361
0.0612677
0.0530982
0.0449298
0.0367603
0.0285918
0.0204223
0.0122538
0.0040843
0.227398
0.215094
0.209005
0.199789
0.192147
0.183714
0.175676
0.167442
0.159305
0.151121
0.142959
0.134787
0.12662
0.11845
0.110282
0.102112
0.0939436
0.085774
0.0776056
0.0694361
0.0612677
0.0530982
0.0449298
0.0367603
0.0285918
0.0204223
0.0122538
0.0040843
0.227402
0.215095
0.209005
0.199789
0.192147
0.183714
0.175676
0.167442
0.159305
0.151121
0.142959
0.134787
0.12662
0.11845
0.110282
0.102112
0.0939436
0.085774
0.0776056
0.0694361
0.0612677
0.0530982
0.0449298
0.0367603
0.0285918
0.0204223
0.0122538
0.0040843
0.227395
0.215095
0.209005
0.199789
0.192147
0.183714
0.175676
0.167442
0.159305
0.151121
0.142959
0.134787
0.12662
0.11845
0.110282
0.102112
0.0939436
0.085774
0.0776056
0.0694361
0.0612677
0.0530982
0.0449298
0.0367603
0.0285918
0.0204223
0.0122538
0.0040843
0.22739
0.215094
0.209005
0.199789
0.192147
0.183714
0.175676
0.167442
0.159305
0.151121
0.142959
0.134787
0.12662
0.11845
0.110282
0.102112
0.0939436
0.085774
0.0776056
0.0694361
0.0612677
0.0530982
0.0449298
0.0367603
0.0285918
0.0204223
0.0122538
0.0040843
0.227389
0.215094
0.209005
0.199789
0.192147
0.183714
0.175676
0.167442
0.159305
0.151121
0.142959
0.134787
0.12662
0.11845
0.110282
0.102112
0.0939436
0.085774
0.0776056
0.0694361
0.0612677
0.0530982
0.0449298
0.0367603
0.0285918
0.0204223
0.0122538
0.0040843
0.22739
0.215094
0.209005
0.199789
0.192147
0.183714
0.175676
0.167442
0.159305
0.151121
0.142959
0.134787
0.12662
0.11845
0.110282
0.102112
0.0939436
0.085774
0.0776056
0.0694361
0.0612677
0.0530982
0.0449298
0.0367603
0.0285918
0.0204223
0.0122538
0.0040843
0.227395
0.215095
0.209005
0.199789
0.192147
0.183714
0.175676
0.167442
0.159305
0.151121
0.142959
0.134787
0.12662
0.11845
0.110282
0.102112
0.0939436
0.085774
0.0776056
0.0694361
0.0612677
0.0530982
0.0449298
0.0367603
0.0285918
0.0204223
0.0122538
0.0040843
0.227402
0.215095
0.209005
0.199789
0.192147
0.183714
0.175676
0.167442
0.159305
0.151121
0.142959
0.134787
0.12662
0.11845
0.110282
0.102112
0.0939436
0.085774
0.0776056
0.0694361
0.0612677
0.0530982
0.0449298
0.0367603
0.0285918
0.0204223
0.0122538
0.0040843
0.22741
0.215095
0.209005
0.199789
0.192147
0.183714
0.175676
0.167442
0.159305
0.151121
0.142959
0.134787
0.12662
0.11845
0.110282
0.102112
0.0939436
0.085774
0.0776056
0.0694361
0.0612677
0.0530982
0.0449298
0.0367603
0.0285918
0.0204223
0.0122538
0.0040843
0.227402
0.215095
0.209005
0.199789
0.192147
0.183714
0.175676
0.167442
0.159305
0.151121
0.142959
0.134787
0.12662
0.11845
0.110282
0.102112
0.0939436
0.085774
0.0776056
0.0694361
0.0612677
0.0530982
0.0449298
0.0367603
0.0285918
0.0204223
0.0122538
0.0040843
0.227398
0.215094
0.209005
0.199789
0.192147
0.183714
0.175676
0.167442
0.159305
0.151121
0.142959
0.134787
0.12662
0.11845
0.110282
0.102112
0.0939436
0.085774
0.0776056
0.0694361
0.0612677
0.0530982
0.0449298
0.0367603
0.0285918
0.0204223
0.0122538
0.0040843
0.227397
0.215094
0.209005
0.199789
0.192147
0.183714
0.175676
0.167442
0.159305
0.151121
0.142959
0.134787
0.12662
0.11845
0.110282
0.102112
0.0939436
0.085774
0.0776056
0.0694361
0.0612677
0.0530982
0.0449298
0.0367603
0.0285918
0.0204223
0.0122538
0.0040843
0.227398
0.215094
0.209005
0.199789
0.192147
0.183714
0.175676
0.167442
0.159305
0.151121
0.142959
0.134787
0.12662
0.11845
0.110282
0.102112
0.0939436
0.085774
0.0776056
0.0694361
0.0612677
0.0530982
0.0449298
0.0367603
0.0285918
0.0204223
0.0122538
0.0040843
0.227402
0.215095
0.209005
0.199789
0.192147
0.183714
0.175676
0.167442
0.159305
0.151121
0.142959
0.134787
0.12662
0.11845
0.110282
0.102112
0.0939436
0.085774
0.0776056
0.0694361
0.0612677
0.0530982
0.0449298
0.0367603
0.0285918
0.0204223
0.0122538
0.0040843
0.22741
0.215095
0.209005
0.199789
0.192147
0.183714
0.175676
0.167442
0.159305
0.151121
0.142959
0.134787
0.12662
0.11845
0.110282
0.102112
0.0939436
0.085774
0.0776056
0.0694361
0.0612677
0.0530982
0.0449298
0.0367603
0.0285918
0.0204223
0.0122538
0.0040843
)
;

boundaryField
{
    inlet
    {
        type            zeroGradient;
    }
    outlet
    {
        type            fixedValue;
        value           uniform 0;
    }
    Walls
    {
        type            zeroGradient;
    }
}


// ************************************************************************* //
