/*--------------------------------*- C++ -*----------------------------------*\
  =========                 |
  \\      /  F ield         | OpenFOAM: The Open Source CFD Toolbox
   \\    /   O peration     | Website:  https://openfoam.org
    \\  /    A nd           | Version:  13
     \\/     M anipulation  |
\*---------------------------------------------------------------------------*/
FoamFile
{
    format      ascii;
    class       surfaceScalarField;
    location    "33";
    object      phi;
}
// * * * * * * * * * * * * * * * * * * * * * * * * * * * * * * * * * * * * * //

dimensions      [0 3 -1 0 0 0 0];

internalField   nonuniform List<scalar> 
3675
(
9.62642e-14
1.2197e-13
1.21969e-13
8.05989e-14
7.83275e-15
7.8332e-15
8.84069e-14
-3.90482e-15
-3.90525e-15
8.4474e-14
1.96713e-15
1.96743e-15
8.64473e-14
-9.87692e-16
-9.87938e-16
8.5462e-14
4.93812e-16
4.94109e-16
8.59494e-14
-2.44836e-16
-2.45055e-16
8.5712e-14
1.20088e-16
1.20193e-16
8.5826e-14
-5.78076e-17
-5.77973e-17
8.57721e-14
2.76086e-17
2.7584e-17
8.57979e-14
-1.29917e-17
-1.29623e-17
8.57854e-14
6.43724e-18
6.41362e-18
8.57926e-14
-3.47791e-18
-3.46179e-18
8.57877e-14
2.38015e-18
2.35642e-18
8.57919e-14
-1.91344e-18
-1.88574e-18
8.57881e-14
1.77494e-18
1.76765e-18
8.5792e-14
-1.71897e-18
-1.69748e-18
8.57882e-14
1.68655e-18
1.67633e-18
8.57919e-14
-1.66821e-18
-1.64698e-18
8.57882e-14
1.64024e-18
1.62838e-18
8.57918e-14
-1.62388e-18
-1.6047e-18
8.57881e-14
1.64533e-18
1.57225e-18
8.57916e-14
-1.59377e-18
-1.52537e-18
8.57887e-14
1.29748e-18
1.28101e-18
8.57915e-14
-1.26688e-18
-1.26452e-18
8.57888e-14
1.17575e-18
1.16686e-18
8.57916e-14
-1.19985e-18
-1.20964e-18
1.15331e-18
1.14818e-18
1.74287e-13
1.02806e-13
1.85078e-13
1.61296e-13
7.9145e-15
1.29108e-14
1.67757e-13
-3.94145e-15
-6.42952e-15
1.64503e-13
1.98933e-15
3.23598e-15
1.66133e-13
-1.0017e-15
-1.62188e-15
1.65322e-13
5.02941e-16
8.08379e-16
1.65721e-13
-2.50873e-16
-3.98728e-16
1.65529e-13
1.2547e-16
1.93629e-16
1.6562e-13
-6.06866e-17
-9.22027e-17
1.65578e-13
2.96489e-17
4.34474e-17
1.65598e-13
-1.3319e-17
-2.05158e-17
1.65588e-13
6.73386e-18
1.04e-17
1.65595e-13
-2.97451e-18
-6.08635e-18
1.6559e-13
1.95924e-18
4.55248e-18
1.65594e-13
-1.13659e-18
-4.01111e-18
1.65591e-13
1.10757e-18
3.91351e-18
1.65595e-13
-8.83949e-19
-3.88704e-18
1.65591e-13
8.54175e-19
3.87497e-18
1.65595e-13
-8.49127e-19
-3.8323e-18
1.65591e-13
8.04921e-19
3.78075e-18
1.65594e-13
-8.5111e-19
-3.71075e-18
1.6559e-13
1.00852e-18
3.56857e-18
1.65594e-13
-1.12254e-18
-3.36854e-18
1.65591e-13
5.9728e-19
2.96624e-18
1.65594e-13
-7.92984e-19
-2.75199e-18
1.65591e-13
5.9202e-19
2.5818e-18
1.65594e-13
-7.01426e-19
-2.55917e-18
7.21918e-19
2.41914e-18
2.09723e-13
3.82142e-14
1.9507e-13
2.00255e-13
3.08657e-15
1.42986e-14
2.04968e-13
-1.53719e-15
-7.12257e-15
2.02598e-13
7.77822e-16
3.58555e-15
2.03781e-13
-3.9344e-16
-1.7977e-15
2.03196e-13
1.9831e-16
8.96686e-16
2.03481e-13
-9.97413e-17
-4.42235e-16
2.03346e-13
5.17212e-17
2.15024e-16
2.03409e-13
-2.52657e-17
-1.01905e-16
2.03381e-13
1.28825e-17
4.8055e-17
2.03395e-13
-5.35983e-18
-2.22783e-17
2.03388e-13
2.85343e-18
1.13783e-17
2.03393e-13
-8.54192e-19
-6.45582e-18
2.0339e-13
5.36463e-19
4.95423e-18
2.03394e-13
-3.65047e-21
-4.24322e-18
2.0339e-13
4.29686e-20
4.2562e-18
2.03394e-13
1.45148e-19
-4.15212e-18
2.0339e-13
-1.51041e-19
4.15298e-18
2.03394e-13
1.40024e-19
-4.09885e-18
2.0339e-13
-1.69677e-19
4.04037e-18
2.03394e-13
9.98916e-20
-3.95954e-18
2.0339e-13
2.16513e-19
3.73452e-18
2.03394e-13
-3.20975e-19
-3.63527e-18
2.0339e-13
-1.44077e-19
3.05861e-18
2.03393e-13
-7.46754e-22
-3.02789e-18
2.0339e-13
-1.20921e-19
2.7172e-18
2.03393e-13
7.08807e-20
-2.82339e-18
-3.84493e-20
2.68374e-18
2.20348e-13
-3.82166e-14
1.96285e-13
2.1194e-13
-3.08625e-15
1.4583e-14
2.1613e-13
1.53452e-15
-7.26706e-15
2.14025e-13
-7.73827e-16
3.66021e-15
2.15075e-13
3.88153e-16
-1.83649e-15
2.14557e-13
-1.94808e-16
9.17027e-16
2.14808e-13
9.63947e-17
-4.52637e-16
2.14691e-13
-4.56179e-17
2.20486e-16
2.14745e-13
2.15859e-17
-1.04326e-16
2.14721e-13
-9.7031e-18
4.91894e-17
2.14733e-13
4.85937e-18
-2.25573e-17
2.14728e-13
-2.11447e-18
1.14338e-17
2.14732e-13
1.40755e-18
-6.3141e-18
2.14728e-13
-8.59239e-19
4.8027e-18
2.14733e-13
8.18495e-19
-4.01003e-18
2.14729e-13
-7.78199e-19
4.09652e-18
2.14733e-13
8.03556e-19
-3.93691e-18
2.14729e-13
-7.87708e-19
3.94128e-18
2.14733e-13
7.48102e-19
-3.87491e-18
2.14729e-13
-7.70026e-19
3.82607e-18
2.14733e-13
7.11171e-19
-3.75554e-18
2.14729e-13
-3.42787e-19
3.55743e-18
2.14732e-13
3.71039e-19
-3.54117e-18
2.14729e-13
-5.52621e-19
2.8441e-18
2.14732e-13
6.52124e-19
-2.95848e-18
2.14729e-13
-6.09301e-19
2.59216e-18
2.14732e-13
7.39733e-19
-2.80958e-18
-7.06375e-19
2.68908e-18
2.09723e-13
-1.02808e-13
1.95069e-13
2.00255e-13
-7.914e-15
1.42985e-14
2.04968e-13
3.93884e-15
-7.12217e-15
2.02598e-13
-1.98624e-15
3.58537e-15
2.03781e-13
9.97588e-16
-1.79746e-15
2.03196e-13
-4.99695e-16
8.96268e-16
2.03481e-13
2.47875e-16
-4.41851e-16
2.03346e-13
-1.20679e-16
2.1473e-16
2.03409e-13
5.78961e-17
-1.01763e-16
2.03381e-13
-2.72767e-17
4.7892e-17
2.03395e-13
1.30182e-17
-2.22973e-17
2.03388e-13
-6.17759e-18
1.13583e-17
2.03393e-13
3.46297e-18
-6.52656e-18
2.0339e-13
-2.23717e-18
4.9992e-18
2.03394e-13
1.84687e-18
-4.33876e-18
2.0339e-13
-1.68866e-18
4.32466e-18
2.03394e-13
1.6562e-18
-4.24111e-18
2.0339e-13
-1.61509e-18
4.24097e-18
2.03394e-13
1.57074e-18
-4.18728e-18
2.0339e-13
-1.57098e-18
4.12711e-18
2.03394e-13
1.53016e-18
-4.05894e-18
2.0339e-13
-1.36209e-18
3.91181e-18
2.03394e-13
1.36123e-18
-3.76253e-18
2.0339e-13
-1.21268e-18
3.17185e-18
2.03393e-13
1.29013e-18
-3.06823e-18
2.0339e-13
-1.19829e-18
2.79484e-18
2.03393e-13
1.33657e-18
-2.87794e-18
-1.27222e-18
2.71801e-18
1.74287e-13
-1.2197e-13
1.85078e-13
1.61296e-13
-7.83213e-15
1.2911e-14
1.67757e-13
3.903e-15
-6.42991e-15
1.64503e-13
-1.96584e-15
3.23621e-15
1.66133e-13
9.85823e-16
-1.62211e-15
1.65322e-13
-4.91599e-16
8.08766e-16
1.65721e-13
2.4284e-16
-3.98973e-16
1.65529e-13
-1.17809e-16
1.93839e-16
1.6562e-13
5.65845e-17
-9.22282e-17
1.65578e-13
-2.66263e-17
4.34104e-17
1.65598e-13
1.28774e-17
-2.04253e-17
1.65588e-13
-6.13148e-18
1.03666e-17
1.65595e-13
3.68958e-18
-6.00458e-18
1.6559e-13
-2.48116e-18
4.5031e-18
1.65594e-13
2.2646e-18
-3.92278e-18
1.65591e-13
-1.97376e-18
3.86906e-18
1.65595e-13
2.04035e-18
-3.81993e-18
1.65591e-13
-1.99317e-18
3.81315e-18
1.65595e-13
1.96031e-18
-3.77376e-18
1.65591e-13
-1.95774e-18
3.71418e-18
1.65594e-13
1.90325e-18
-3.64748e-18
1.6559e-13
-2.02989e-18
3.40985e-18
1.65594e-13
1.88466e-18
-3.22575e-18
1.65591e-13
-1.56927e-18
2.90125e-18
1.65594e-13
1.4508e-18
-2.72933e-18
1.65591e-13
-1.44203e-18
2.53099e-18
1.65594e-13
1.46375e-18
-2.52713e-18
-1.37769e-18
2.44442e-18
9.62642e-14
1.21969e-13
8.05989e-14
7.83348e-15
8.84069e-14
-3.9059e-15
8.4474e-14
1.96755e-15
8.64473e-14
-9.882e-16
8.5462e-14
4.94828e-16
8.59494e-14
-2.45601e-16
8.5712e-14
1.20564e-16
8.5826e-14
-5.78778e-17
8.57721e-14
2.76117e-17
8.57979e-14
-1.29209e-17
8.57854e-14
6.46825e-18
8.57926e-14
-3.4165e-18
8.57877e-14
2.35072e-18
8.57919e-14
-1.802e-18
8.57881e-14
1.77818e-18
8.5792e-14
-1.66071e-18
8.57882e-14
1.6517e-18
8.57919e-14
-1.6195e-18
8.57882e-14
1.59602e-18
8.57918e-14
-1.57351e-18
8.57881e-14
1.38987e-18
8.57916e-14
-1.39283e-18
8.57887e-14
1.2286e-18
8.57915e-14
-1.27532e-18
8.57888e-14
1.12675e-18
8.57916e-14
-1.19378e-18
1.14527e-18
1.74287e-13
1.85077e-13
1.02807e-13
1.61296e-13
1.29103e-14
7.91543e-15
1.67757e-13
-6.42902e-15
-3.94239e-15
1.64503e-13
3.23607e-15
1.98953e-15
1.66133e-13
-1.62197e-15
-1.00184e-15
1.65322e-13
8.07917e-16
5.03708e-16
1.65721e-13
-3.98302e-16
-2.51521e-16
1.65529e-13
1.93695e-16
1.25487e-16
1.6562e-13
-9.23572e-17
-6.05402e-17
1.65578e-13
4.36024e-17
2.9465e-17
1.65598e-13
-2.05598e-17
-1.32504e-17
1.65588e-13
1.04079e-17
6.70241e-18
1.65595e-13
-6.05602e-18
-2.98388e-18
1.6559e-13
4.54942e-18
1.94206e-18
1.65594e-13
-4.01781e-18
-1.10573e-18
1.65591e-13
3.84534e-18
1.16169e-18
1.65595e-13
-3.847e-18
-9.03395e-19
1.65591e-13
3.81364e-18
8.97848e-19
1.65595e-13
-3.791e-18
-8.70229e-19
1.65591e-13
3.72417e-18
8.42263e-19
1.65594e-13
-3.67904e-18
-8.64562e-19
1.6559e-13
3.75935e-18
7.47408e-19
1.65594e-13
-3.53503e-18
-8.89383e-19
1.65591e-13
2.94933e-18
5.99124e-19
1.65594e-13
-2.70189e-18
-8.35392e-19
1.65591e-13
2.55928e-18
6.0634e-19
1.65594e-13
-2.51206e-18
-7.5178e-19
2.3968e-18
7.45005e-19
3.56919e-13
1.76717e-13
1.76716e-13
3.54414e-13
1.41646e-14
1.4166e-14
3.55634e-13
-7.04523e-15
-7.04657e-15
3.55009e-13
3.55397e-15
3.5537e-15
3.55328e-13
-1.78918e-15
-1.78878e-15
3.55164e-13
8.97935e-16
8.99012e-16
3.55249e-13
-4.4851e-16
-4.49468e-16
3.55206e-13
2.24792e-16
2.24356e-16
3.5523e-13
-1.09604e-16
-1.09077e-16
3.55218e-13
5.38084e-17
5.32536e-17
3.55225e-13
-2.46469e-17
-2.44861e-17
3.55224e-13
1.25795e-17
1.25217e-17
3.55224e-13
-5.68954e-18
-5.76078e-18
3.55225e-13
3.66289e-18
3.68789e-18
3.55225e-13
-2.16833e-18
-2.18923e-18
3.55227e-13
2.02526e-18
2.21085e-18
3.55225e-13
-1.64622e-18
-1.78911e-18
3.55227e-13
1.58763e-18
1.7683e-18
3.55225e-13
-1.58965e-18
-1.73593e-18
3.55227e-13
1.49892e-18
1.66592e-18
3.55225e-13
-1.60653e-18
-1.71875e-18
3.55226e-13
1.89972e-18
1.36172e-18
3.55225e-13
-1.96541e-18
-1.47439e-18
3.55226e-13
1.27251e-18
1.3457e-18
3.55225e-13
-1.33299e-18
-1.47421e-18
3.55226e-13
1.10692e-18
1.19654e-18
3.55225e-13
-1.10135e-18
-1.24168e-18
1.10754e-18
1.2089e-18
4.48667e-13
6.88584e-14
1.9446e-13
4.55274e-13
5.7136e-15
1.61468e-14
4.51965e-13
-2.83999e-15
-8.03184e-15
4.53628e-13
1.43475e-15
4.05089e-15
4.52792e-13
-7.24763e-16
-2.0397e-15
4.53212e-13
3.6462e-16
1.02594e-15
4.53003e-13
-1.83507e-16
-5.1297e-16
4.53108e-13
9.52456e-17
2.56271e-16
4.53059e-13
-4.71054e-17
-1.24175e-16
4.53084e-13
2.41411e-17
6.05714e-17
4.53074e-13
-1.04403e-17
-2.75618e-17
4.53081e-13
5.70254e-18
1.41232e-17
4.53078e-13
-1.91017e-18
-6.32818e-18
4.53081e-13
1.23479e-18
4.085e-18
4.5308e-13
-2.25637e-19
-2.28375e-18
4.53082e-13
2.38783e-19
2.43427e-18
4.5308e-13
8.228e-20
-1.8766e-18
4.53082e-13
-9.9404e-20
1.87239e-18
4.5308e-13
6.4493e-20
-1.81941e-18
4.53082e-13
-1.36956e-19
1.74741e-18
4.5308e-13
1.5255e-20
-1.80745e-18
4.53081e-13
5.26208e-19
1.31763e-18
4.5308e-13
-6.3333e-19
-1.55246e-18
4.53081e-13
-5.36304e-20
1.33477e-18
4.5308e-13
-2.7013e-20
-1.66393e-18
4.53081e-13
-1.28895e-19
1.24004e-18
4.5308e-13
1.88945e-19
-1.41212e-18
-1.36612e-19
1.38352e-18
4.77002e-13
-6.88624e-14
1.97202e-13
4.86433e-13
-5.71279e-15
1.65823e-14
4.81728e-13
2.83463e-15
-8.24939e-15
4.84098e-13
-1.4276e-15
4.16104e-15
4.82905e-13
7.15045e-16
-2.09553e-15
4.83505e-13
-3.57899e-16
1.05464e-15
4.83206e-13
1.76934e-16
-5.2741e-16
4.83357e-13
-8.36262e-17
2.63268e-16
4.83285e-13
3.99253e-17
-1.27424e-16
4.83321e-13
-1.80167e-17
6.1965e-17
4.83306e-13
9.3617e-18
-2.81779e-17
4.83315e-13
-4.06864e-18
1.43684e-17
4.83312e-13
2.90053e-18
-6.40891e-18
4.83315e-13
-1.74158e-18
4.11187e-18
4.83313e-13
1.79042e-18
-2.25706e-18
4.83316e-13
-1.55889e-18
2.45126e-18
4.83314e-13
1.6829e-18
-1.87181e-18
4.83316e-13
-1.64287e-18
1.86241e-18
4.83314e-13
1.582e-18
-1.80773e-18
4.83316e-13
-1.61677e-18
1.73116e-18
4.83314e-13
1.53007e-18
-1.79269e-18
4.83315e-13
-9.57889e-19
1.17418e-18
4.83314e-13
8.64202e-19
-1.45582e-18
4.83315e-13
-1.29877e-18
1.30053e-18
4.83314e-13
1.2597e-18
-1.70744e-18
4.83314e-13
-1.28773e-18
1.25584e-18
4.83313e-13
1.37429e-18
-1.48701e-18
-1.28642e-18
1.46205e-18
4.48667e-13
-1.76721e-13
1.9446e-13
4.55274e-13
-1.41635e-14
1.6147e-14
4.51965e-13
7.04021e-15
-8.03145e-15
4.53628e-13
-3.54837e-15
4.05e-15
4.52792e-13
1.78132e-15
-2.03843e-15
4.53212e-13
-8.91488e-16
1.02517e-15
4.53003e-13
4.42258e-16
-5.12123e-16
4.53108e-13
-2.15219e-16
2.54752e-16
4.53059e-13
1.03762e-16
-1.23281e-16
4.53084e-13
-4.89857e-17
5.96549e-17
4.53074e-13
2.37783e-17
-2.74089e-17
4.53081e-13
-1.11784e-17
1.39325e-17
4.53078e-13
6.4719e-18
-6.45221e-18
4.53081e-13
-4.03697e-18
4.1824e-18
4.5308e-13
3.45959e-18
-2.4914e-18
4.53082e-13
-3.01166e-18
2.63193e-18
4.5308e-13
3.02982e-18
-2.13564e-18
4.53082e-13
-2.94779e-18
2.11317e-18
4.5308e-13
2.86369e-18
-2.06976e-18
4.53082e-13
-2.8836e-18
1.98436e-18
4.5308e-13
2.79901e-18
-2.03438e-18
4.53081e-13
-2.5361e-18
1.34622e-18
4.5308e-13
2.42459e-18
-1.55459e-18
4.53081e-13
-2.31073e-18
1.53144e-18
4.5308e-13
2.29798e-18
-1.8342e-18
4.53081e-13
-2.2272e-18
1.43593e-18
4.5308e-13
2.35313e-18
-1.61575e-18
-2.20606e-18
1.59939e-18
3.56919e-13
-1.8508e-13
1.76717e-13
3.54414e-13
-1.29096e-14
1.41661e-14
3.55634e-13
6.42644e-15
-7.04582e-15
3.55009e-13
-3.23394e-15
3.55238e-15
3.55328e-13
1.61877e-15
-1.78692e-15
3.55164e-13
-8.04582e-16
8.97792e-16
3.55249e-13
3.95078e-16
-4.48063e-16
3.55206e-13
-1.89642e-16
2.22153e-16
3.5523e-13
8.99606e-17
-1.07693e-16
3.55218e-13
-4.17278e-17
5.18977e-17
3.55225e-13
2.0227e-17
-2.42013e-17
3.55224e-13
-9.76288e-18
1.22101e-17
3.55224e-13
6.37868e-18
-5.90181e-18
3.55225e-13
-4.70117e-18
3.81792e-18
3.55225e-13
4.61471e-18
-2.46619e-18
3.55227e-13
-4.19428e-18
2.47791e-18
3.55225e-13
4.40171e-18
-2.12559e-18
3.55227e-13
-4.346e-18
2.09376e-18
3.55225e-13
4.28749e-18
-2.0594e-18
3.55227e-13
-4.28021e-18
1.9847e-18
3.55225e-13
4.15132e-18
-2.00682e-18
3.55226e-13
-4.3483e-18
1.459e-18
3.55225e-13
4.0296e-18
-1.5474e-18
3.55226e-13
-3.36149e-18
1.58152e-18
3.55225e-13
3.08048e-18
-1.72332e-18
3.55226e-13
-3.02276e-18
1.45289e-18
3.55225e-13
3.03045e-18
-1.5392e-18
-2.78618e-18
1.52797e-18
1.74287e-13
1.02807e-13
1.61296e-13
7.91514e-15
1.67757e-13
-3.94151e-15
1.64503e-13
1.98827e-15
1.66133e-13
-1.00031e-15
1.65322e-13
5.02659e-16
1.65721e-13
-2.50528e-16
1.65529e-13
1.23891e-16
1.6562e-13
-5.96255e-17
1.65578e-13
2.86047e-17
1.65598e-13
-1.31486e-17
1.65588e-13
6.57046e-18
1.65595e-13
-3.15088e-18
1.6559e-13
2.05868e-18
1.65594e-13
-1.32241e-18
1.65591e-13
1.3936e-18
1.65595e-13
-1.18253e-18
1.65591e-13
1.17293e-18
1.65595e-13
-1.13957e-18
1.65591e-13
1.11171e-18
1.65594e-13
-1.10931e-18
1.6559e-13
7.91823e-19
1.65594e-13
-9.07407e-19
1.65591e-13
8.13664e-19
1.65594e-13
-1.02056e-18
1.65591e-13
8.1201e-19
1.65594e-13
-9.5643e-19
9.55853e-19
2.09723e-13
1.9507e-13
3.8215e-14
2.00255e-13
1.42985e-14
3.08736e-15
2.04968e-13
-7.12231e-15
-1.538e-15
2.02598e-13
3.58594e-15
7.77514e-16
2.03781e-13
-1.79801e-15
-3.93075e-16
2.03196e-13
8.96214e-16
1.99089e-16
2.03481e-13
-4.41749e-16
-1.00432e-16
2.03346e-13
2.1515e-16
5.13536e-17
2.03409e-13
-1.02083e-16
-2.49261e-17
2.03381e-13
4.82454e-17
1.24504e-17
2.03395e-13
-2.23217e-17
-5.26542e-18
2.03388e-13
1.13722e-17
2.802e-18
2.03393e-13
-6.41609e-18
-9.03916e-19
2.0339e-13
4.9353e-18
5.5745e-19
2.03394e-13
-4.23571e-18
-2.64099e-20
2.0339e-13
4.17211e-18
1.6287e-19
2.03394e-13
-4.09028e-18
4.1022e-20
2.0339e-13
4.07274e-18
-3.52196e-20
2.03394e-13
-4.03518e-18
3.56224e-20
2.0339e-13
3.96604e-18
-6.30165e-20
2.03394e-13
-3.91203e-18
1.74124e-20
2.0339e-13
4.00485e-18
-1.60532e-19
2.03394e-13
-3.87811e-18
1.8374e-20
2.0339e-13
3.02791e-18
-8.74958e-20
2.03393e-13
-2.96581e-18
-9.54606e-20
2.0339e-13
2.68199e-18
-5.07348e-20
2.03393e-13
-2.77011e-18
-2.73655e-20
2.65735e-18
3.71705e-20
4.48667e-13
1.94459e-13
6.88582e-14
4.55274e-13
1.61462e-14
5.71511e-15
4.51965e-13
-8.03092e-15
-2.8415e-15
4.53628e-13
4.05171e-15
1.43415e-15
4.52792e-13
-2.04038e-15
-7.24047e-16
4.53212e-13
1.02446e-15
3.66155e-16
4.53003e-13
-5.11568e-16
-1.84862e-16
4.53108e-13
2.56685e-16
9.45392e-17
4.53059e-13
-1.2474e-16
-4.64029e-17
4.53084e-13
6.1237e-17
2.32765e-17
4.53074e-13
-2.77312e-17
-1.02195e-17
4.53081e-13
1.4188e-17
5.58625e-18
4.53078e-13
-6.23775e-18
-2.00318e-18
4.53081e-13
4.06592e-18
1.26818e-18
4.5308e-13
-2.27516e-18
-2.69557e-19
4.53082e-13
2.21375e-18
4.84357e-19
4.5308e-13
-1.71692e-18
-1.24423e-19
4.53082e-13
1.66659e-18
1.37459e-19
4.5308e-13
-1.65591e-18
-1.4536e-19
4.53082e-13
1.55806e-18
8.16145e-20
4.5308e-13
-1.67446e-18
-1.57204e-19
4.53081e-13
2.01408e-18
-1.95723e-19
4.5308e-13
-2.18443e-18
3.15637e-20
4.53081e-13
1.24039e-18
7.20402e-20
4.5308e-13
-1.49777e-18
-2.15556e-19
4.53081e-13
1.13113e-18
1.3445e-20
4.5308e-13
-1.24049e-18
-1.07746e-20
1.28199e-18
1.46656e-20
5.74066e-13
7.75248e-14
7.75261e-14
5.93135e-13
6.6135e-15
6.61434e-15
5.83636e-13
-3.28747e-15
-3.28865e-15
5.88427e-13
1.66114e-15
1.65985e-15
5.86011e-13
-8.39578e-16
-8.3839e-16
5.8723e-13
4.22819e-16
4.24641e-16
5.86618e-13
-2.12774e-16
-2.14479e-16
5.86927e-13
1.10589e-16
1.09745e-16
5.86778e-13
-5.44854e-17
-5.36536e-17
5.86852e-13
2.78541e-17
2.6816e-17
5.86819e-13
-1.18758e-17
-1.16367e-17
5.86837e-13
6.4832e-18
6.36978e-18
5.8683e-13
-2.04688e-18
-2.17617e-18
5.86835e-13
1.33675e-18
1.38982e-18
5.86833e-13
-1.2074e-19
-1.78236e-19
5.86836e-13
1.90757e-19
5.0197e-19
5.86834e-13
2.11634e-19
-4.77852e-20
5.86836e-13
-2.3452e-19
6.63857e-20
5.86834e-13
1.88842e-19
-7.47002e-20
5.86836e-13
-2.83161e-19
-4.92869e-21
5.86834e-13
1.22978e-19
-8.74191e-20
5.86835e-13
4.90384e-19
-4.29778e-19
5.86834e-13
-6.64758e-19
1.74268e-19
5.86835e-13
-1.8801e-19
-3.62077e-20
5.86833e-13
-4.62229e-22
-2.39254e-19
5.86834e-13
-2.29422e-19
-5.25543e-20
5.86833e-13
2.35644e-19
-7.73154e-21
-1.45623e-19
2.48403e-20
6.13405e-13
-7.75304e-14
7.90511e-14
6.36397e-13
-6.61242e-15
6.82082e-15
6.24958e-13
3.28076e-15
-3.39139e-15
6.30729e-13
-1.65251e-15
1.71155e-15
6.27819e-13
8.27964e-16
-8.64322e-16
6.29287e-13
-4.14501e-16
4.37971e-16
6.2855e-13
2.0498e-16
-2.21016e-16
6.28923e-13
-9.68366e-17
1.12627e-16
6.28742e-13
4.61464e-17
-5.4909e-17
6.28832e-13
-2.0908e-17
2.7168e-17
6.28792e-13
1.07748e-17
-1.18646e-17
6.28813e-13
-4.66533e-18
6.44028e-18
6.28805e-13
3.3123e-18
-2.25208e-18
6.2881e-13
-1.97231e-18
1.44029e-18
6.28809e-13
2.02513e-18
-2.20551e-19
6.28811e-13
-1.77211e-18
5.87291e-19
6.2881e-13
1.90178e-18
-1.26461e-19
6.28812e-13
-1.86568e-18
1.43496e-19
6.2881e-13
1.77727e-18
-1.50643e-19
6.28811e-13
-1.84007e-18
6.55936e-20
6.2881e-13
1.71615e-18
-1.5769e-19
6.2881e-13
-1.07374e-18
-5.0094e-19
6.28809e-13
9.98485e-19
2.26955e-19
6.2881e-13
-1.4333e-18
1.10522e-20
6.28808e-13
1.44168e-18
-3.23264e-19
6.28809e-13
-1.45301e-18
9.9124e-21
6.28808e-13
1.5961e-18
-1.07178e-19
-1.4793e-18
1.30816e-19
5.74066e-13
-1.94464e-13
7.75266e-14
5.93135e-13
-1.6145e-14
6.61476e-15
5.83636e-13
8.02465e-15
-3.28812e-15
5.88427e-13
-4.04484e-15
1.65873e-15
5.86011e-13
2.03092e-15
-8.36715e-16
5.8723e-13
-1.01662e-15
4.23457e-16
5.86618e-13
5.04328e-16
-2.13146e-16
5.86927e-13
-2.45326e-16
1.07719e-16
5.86778e-13
1.18038e-16
-5.24635e-17
5.86852e-13
-5.57697e-17
2.55902e-17
5.86819e-13
2.69282e-17
-1.14307e-17
5.86837e-13
-1.26765e-17
6.1326e-18
5.8683e-13
7.2952e-18
-2.33728e-18
5.86835e-13
-4.58546e-18
1.53008e-18
5.86833e-13
3.90733e-18
-4.51495e-19
5.86836e-13
-3.43798e-18
7.71794e-19
5.86834e-13
3.43468e-18
-3.91851e-19
5.86836e-13
-3.35487e-18
3.91146e-19
5.86834e-13
3.23744e-18
-4.05838e-19
5.86836e-13
-3.27877e-18
3.11327e-19
5.86834e-13
3.14756e-18
-3.78036e-19
5.86835e-13
-2.87644e-18
-3.35548e-19
5.86834e-13
2.79934e-18
1.08906e-19
5.86835e-13
-2.55338e-18
2.0853e-19
5.86833e-13
2.6401e-18
-4.78419e-19
5.86834e-13
-2.51236e-18
2.04586e-19
5.86833e-13
2.71093e-18
-2.7718e-19
-2.5341e-18
3.09596e-19
4.48667e-13
-1.95072e-13
6.88582e-14
4.55274e-13
-1.42974e-14
5.71506e-15
4.51965e-13
7.11863e-15
-2.84053e-15
4.53628e-13
-3.58284e-15
1.43256e-15
4.52792e-13
1.79365e-15
-7.21829e-16
4.53212e-13
-8.91739e-16
3.64637e-16
4.53003e-13
4.37698e-16
-1.83126e-16
4.53108e-13
-2.09883e-16
9.19563e-17
4.53059e-13
9.91582e-17
-4.47995e-17
4.53084e-13
-4.5921e-17
2.16782e-17
4.53074e-13
2.20435e-17
-9.88612e-18
4.53081e-13
-1.06617e-17
5.21502e-18
4.53078e-13
6.91723e-18
-2.1636e-18
4.53081e-13
-5.16287e-18
1.40695e-18
4.5308e-13
5.03628e-18
-5.82941e-19
4.53082e-13
-4.6702e-18
7.89312e-19
4.5308e-13
4.86715e-18
-5.1614e-19
4.53082e-13
-4.81414e-18
5.0945e-19
4.5308e-13
4.73763e-18
-5.20895e-19
4.53082e-13
-4.73325e-18
4.44786e-19
4.5308e-13
4.56543e-18
-4.91866e-19
4.53081e-13
-4.69053e-18
-9.90931e-20
4.5308e-13
4.41176e-18
-3.71431e-20
4.53081e-13
-3.62728e-18
3.47702e-19
4.5308e-13
3.45232e-18
-5.03238e-19
4.53081e-13
-3.32081e-18
3.14858e-19
4.5308e-13
3.41206e-18
-3.52497e-19
-3.15648e-18
3.7806e-19
2.09723e-13
3.82153e-14
2.00255e-13
3.08691e-15
2.04968e-13
-1.53684e-15
2.02598e-13
7.76062e-16
2.03781e-13
-3.91212e-16
2.03196e-13
1.97624e-16
2.03481e-13
-9.89612e-17
2.03346e-13
4.9351e-17
2.03409e-13
-2.37683e-17
2.03381e-13
1.13426e-17
2.03395e-13
-5.08402e-18
2.03388e-13
2.58849e-18
2.03393e-13
-1.07853e-18
2.0339e-13
6.99561e-19
2.03394e-13
-2.97495e-19
2.0339e-13
4.24551e-19
2.03394e-13
-2.80049e-19
2.0339e-13
2.78652e-19
2.03394e-13
-2.74898e-19
2.0339e-13
2.46061e-19
2.03394e-13
-2.76207e-19
2.0339e-13
-3.89373e-21
2.03394e-13
-9.87549e-20
2.0339e-13
1.68028e-19
2.03393e-13
-3.09215e-19
2.0339e-13
1.85983e-19
2.03393e-13
-2.8346e-19
2.99007e-19
2.20348e-13
1.96285e-13
-3.82163e-14
2.1194e-13
1.45829e-14
-3.08569e-15
2.1613e-13
-7.26681e-15
1.53391e-15
2.14025e-13
3.66055e-15
-7.74352e-16
2.15075e-13
-1.83677e-15
3.88707e-16
2.14557e-13
9.16611e-16
-1.94107e-16
2.14808e-13
-4.52225e-16
9.57551e-17
2.14691e-13
2.20643e-16
-4.6082e-17
2.14745e-13
-1.04525e-16
2.19262e-17
2.14721e-13
4.93965e-17
-1.01678e-17
2.14733e-13
-2.26129e-17
4.94856e-18
2.14728e-13
1.14464e-17
-2.16177e-18
2.14732e-13
-6.27992e-18
1.35074e-18
2.14728e-13
4.79193e-18
-8.23665e-19
2.14733e-13
-4.00235e-18
7.75231e-19
2.14729e-13
4.01795e-18
-6.50134e-19
2.14733e-13
-3.87713e-18
6.77529e-19
2.14729e-13
3.8642e-18
-6.59689e-19
2.14733e-13
-3.81397e-18
6.22347e-19
2.14729e-13
3.75385e-18
-6.50693e-19
2.14733e-13
-3.71388e-18
6.15813e-19
2.14729e-13
3.77978e-18
-7.20622e-19
2.14732e-13
-3.73972e-18
7.11005e-19
2.14729e-13
2.81858e-18
-4.86042e-19
2.14732e-13
-2.89932e-18
5.51062e-19
2.14729e-13
2.55599e-18
-5.27284e-19
2.14732e-13
-2.7546e-18
6.41493e-19
2.65536e-18
-6.25295e-19
4.77002e-13
1.97201e-13
-6.88608e-14
4.86433e-13
1.65822e-14
-5.71239e-15
4.81728e-13
-8.24871e-15
2.83397e-15
4.84098e-13
4.16219e-15
-1.42858e-15
4.82905e-13
-2.09643e-15
7.15976e-16
4.83505e-13
1.05306e-15
-3.56626e-16
4.83206e-13
-5.25896e-16
1.75759e-16
4.83357e-13
2.63751e-16
-8.43486e-17
4.83285e-13
-1.2805e-16
4.0511e-17
4.83321e-13
6.27132e-17
-1.88513e-17
4.83306e-13
-2.83642e-17
9.53821e-18
4.83315e-13
1.44455e-17
-4.19162e-18
4.83312e-13
-6.31203e-18
2.81324e-18
4.83315e-13
4.08553e-18
-1.70227e-18
4.83313e-13
-2.23914e-18
1.72599e-18
4.83316e-13
2.21259e-18
-1.34904e-18
4.83314e-13
-1.69644e-18
1.48616e-18
4.83316e-13
1.63584e-18
-1.4377e-18
4.83314e-13
-1.62817e-18
1.38401e-18
4.83316e-13
1.52256e-18
-1.42683e-18
4.83314e-13
-1.65303e-18
1.35877e-18
4.83315e-13
1.93261e-18
-1.57534e-18
4.83314e-13
-2.14367e-18
1.4397e-18
4.83315e-13
1.20187e-18
-1.16176e-18
4.83314e-13
-1.52468e-18
1.09671e-18
4.83314e-13
1.13367e-18
-1.14095e-18
4.83313e-13
-1.29786e-18
1.19285e-18
1.3529e-18
-1.1565e-18
6.13405e-13
7.90508e-14
-7.75302e-14
6.36397e-13
6.81977e-15
-6.61129e-15
6.24958e-13
-3.38999e-15
3.27959e-15
6.30729e-13
1.71282e-15
-1.65365e-15
6.27819e-13
-8.65513e-16
8.29184e-16
6.29287e-13
4.35962e-16
-4.13064e-16
6.2855e-13
-2.19163e-16
2.03676e-16
6.28923e-13
1.13505e-16
-9.78662e-17
6.28742e-13
-5.57957e-17
4.69746e-17
6.28832e-13
2.82766e-17
-2.1974e-17
6.28792e-13
-1.21266e-17
1.10003e-17
6.28813e-13
6.56723e-18
-4.79468e-18
6.28805e-13
-2.11869e-18
3.17669e-18
6.2881e-13
1.38325e-18
-1.89895e-18
6.28809e-13
-1.60899e-19
1.92555e-18
6.28811e-13
2.58127e-19
-1.46853e-18
6.2881e-13
1.43069e-19
1.6224e-18
6.28812e-13
-1.71457e-19
-1.56449e-18
6.2881e-13
1.22839e-19
1.49697e-18
6.28811e-13
-2.25137e-19
-1.55887e-18
6.2881e-13
6.21312e-20
1.48419e-18
6.2881e-13
4.62122e-19
-1.84078e-18
6.28809e-13
-6.47207e-19
1.70032e-18
6.2881e-13
-1.45377e-19
-1.26143e-18
6.28808e-13
-7.04176e-20
1.20669e-18
6.28809e-13
-1.74201e-19
-1.26265e-18
6.28808e-13
1.53328e-19
1.35416e-18
-5.00961e-20
-1.30068e-18
6.56411e-13
-7.90554e-14
-7.90552e-14
6.83692e-13
-6.81922e-15
-6.817e-15
6.70134e-13
3.38401e-15
3.38197e-15
6.76976e-13
-1.70516e-15
-1.70583e-15
6.73524e-13
8.55039e-16
8.55968e-16
6.75267e-13
-4.28356e-16
-4.26611e-16
6.74392e-13
2.12219e-16
2.10721e-16
6.74834e-13
-1.00851e-16
-1.01839e-16
6.74619e-13
4.8098e-17
4.89842e-17
6.74726e-13
-2.21067e-17
-2.32058e-17
6.74678e-13
1.11757e-17
1.14449e-17
6.74703e-13
-4.88001e-18
-5.03111e-18
6.74694e-13
3.31265e-18
3.19349e-18
6.747e-13
-1.93473e-18
-1.87689e-18
6.74698e-13
1.92858e-18
1.85449e-18
6.74701e-13
-1.67781e-18
-1.37237e-18
6.74699e-13
1.76881e-18
1.50436e-18
6.74701e-13
-1.74971e-18
-1.45189e-18
6.747e-13
1.64075e-18
1.37456e-18
6.74701e-13
-1.72624e-18
-1.45015e-18
6.74699e-13
1.58947e-18
1.37353e-18
6.74699e-13
-1.02219e-18
-1.85353e-18
6.74699e-13
9.73741e-19
1.72501e-18
6.74699e-13
-1.31798e-18
-1.16978e-18
6.74697e-13
1.37336e-18
1.13242e-18
6.74698e-13
-1.36316e-18
-1.18745e-18
6.74697e-13
1.53102e-18
1.28166e-18
-1.40022e-18
-1.21095e-18
6.13405e-13
-1.97205e-13
-7.75298e-14
6.36397e-13
-1.65812e-14
-6.61082e-15
6.24958e-13
8.24296e-15
3.27984e-15
6.30729e-13
-4.15599e-15
-1.65448e-15
6.27819e-13
2.08772e-15
8.30534e-16
6.29287e-13
-1.04579e-15
-4.13996e-16
6.2855e-13
5.19265e-16
2.04822e-16
6.28923e-13
-2.53107e-16
-9.95709e-17
6.28742e-13
1.2173e-16
4.80198e-17
6.28832e-13
-5.76975e-17
-2.30699e-17
6.28792e-13
2.75992e-17
1.12338e-17
6.28813e-13
-1.29582e-17
-5.04001e-18
6.28805e-13
7.29409e-18
3.07147e-18
6.2881e-13
-4.52286e-18
-1.80208e-18
6.28809e-13
3.7618e-18
1.7206e-18
6.28811e-13
-3.30809e-18
-1.25501e-18
6.2881e-13
3.25536e-18
1.35349e-18
6.28812e-13
-3.17969e-18
-1.31131e-18
6.2881e-13
3.05419e-18
1.23519e-18
6.28811e-13
-3.10754e-18
-1.31155e-18
6.2881e-13
2.9997e-18
1.24475e-18
6.2881e-13
-2.75146e-18
-1.77998e-18
6.28809e-13
2.72716e-18
1.6567e-18
6.2881e-13
-2.40817e-18
-1.06551e-18
6.28808e-13
2.55659e-18
1.01239e-18
6.28809e-13
-2.40171e-18
-1.06247e-18
6.28808e-13
2.67531e-18
1.12541e-18
-2.49323e-18
-1.05111e-18
4.77002e-13
-1.96287e-13
-6.88605e-14
4.86433e-13
-1.45821e-14
-5.71298e-15
4.81728e-13
7.26373e-15
2.83588e-15
4.84098e-13
-3.65798e-15
-1.431e-15
4.82905e-13
1.83294e-15
7.19335e-16
4.83505e-13
-9.12742e-16
-3.59461e-16
4.83206e-13
4.48767e-16
1.78993e-16
4.83357e-13
-2.15814e-16
-8.81728e-17
4.83285e-13
1.0183e-16
4.2862e-17
4.83321e-13
-4.72754e-17
-2.12137e-17
4.83306e-13
2.23114e-17
1.00674e-17
4.83315e-13
-1.06855e-17
-4.73873e-18
4.83312e-13
6.71304e-18
2.57898e-18
4.83315e-13
-4.94284e-18
-1.49978e-18
4.83313e-13
4.72551e-18
1.27561e-18
4.83316e-13
-4.41059e-18
-8.82284e-19
4.83314e-13
4.54308e-18
9.21966e-19
4.83316e-13
-4.48717e-18
-8.85662e-19
4.83314e-13
4.41234e-18
8.3575e-19
4.83316e-13
-4.41279e-18
-8.89682e-19
4.83314e-13
4.2987e-18
8.1999e-19
4.83315e-13
-4.38918e-18
-1.27144e-18
4.83314e-13
4.19871e-18
1.20065e-18
4.83315e-13
-3.36913e-18
-7.02879e-19
4.83314e-13
3.28809e-18
6.75378e-19
4.83314e-13
-3.12075e-18
-7.0629e-19
4.83313e-13
3.34037e-18
6.8608e-19
-3.09621e-18
-6.36934e-19
2.20348e-13
-3.82161e-14
2.1194e-13
-3.08636e-15
2.1613e-13
1.5354e-15
2.14025e-13
-7.75992e-16
2.15075e-13
3.90713e-16
2.14557e-13
-1.95883e-16
2.14808e-13
9.75466e-17
2.14691e-13
-4.81224e-17
2.14745e-13
2.3068e-17
2.14721e-13
-1.12724e-17
2.14733e-13
5.1007e-18
2.14728e-13
-2.31196e-18
2.14732e-13
1.16389e-18
2.14728e-13
-6.33176e-19
2.14733e-13
4.79548e-19
2.14729e-13
-3.57081e-19
2.14733e-13
3.28259e-19
2.14729e-13
-3.15222e-19
2.14733e-13
2.86351e-19
2.14729e-13
-3.18012e-19
2.14733e-13
3.18215e-19
2.14729e-13
-4.81696e-19
2.14732e-13
5.09243e-19
2.14729e-13
-2.37963e-19
2.14732e-13
3.03335e-19
2.14729e-13
-2.79538e-19
2.14732e-13
3.85648e-19
-3.58951e-19
2.09723e-13
1.9507e-13
-1.02808e-13
2.00255e-13
1.42984e-14
-7.91399e-15
2.04968e-13
-7.12201e-15
3.93878e-15
2.02598e-13
3.58562e-15
-1.98672e-15
2.03781e-13
-1.79768e-15
9.98051e-16
2.03196e-13
8.95942e-16
-4.99448e-16
2.03481e-13
-4.41534e-16
2.47627e-16
2.03346e-13
2.14859e-16
-1.21024e-16
2.03409e-13
-1.0196e-16
5.81033e-17
2.03381e-13
4.80876e-17
-2.75664e-17
2.03395e-13
-2.23568e-17
1.30631e-17
2.03388e-13
1.13848e-17
-6.20429e-18
2.03393e-13
-6.4915e-18
3.41777e-18
2.0339e-13
4.98974e-18
-2.20105e-18
2.03394e-13
-4.32511e-18
1.7983e-18
2.0339e-13
4.25082e-18
-1.60502e-18
2.03394e-13
-4.19056e-18
1.56543e-18
2.0339e-13
4.17302e-18
-1.53303e-18
2.03394e-13
-4.13521e-18
1.48014e-18
2.0339e-13
4.06364e-18
-1.49344e-18
2.03394e-13
-4.00156e-18
1.44559e-18
2.0339e-13
4.05574e-18
-1.51646e-18
2.03394e-13
-3.90019e-18
1.50496e-18
2.0339e-13
3.12308e-18
-1.14314e-18
2.03393e-13
-3.01778e-18
1.23038e-18
2.0339e-13
2.75823e-18
-1.13736e-18
2.03393e-13
-2.81845e-18
1.27503e-18
2.69217e-18
-1.21914e-18
4.48667e-13
1.9446e-13
-1.76719e-13
4.55274e-13
1.6146e-14
-1.41638e-14
4.51965e-13
-8.03012e-15
7.04024e-15
4.53628e-13
4.05072e-15
-3.54904e-15
4.52792e-13
-2.03908e-15
1.78188e-15
4.53212e-13
1.02346e-15
-8.90915e-16
4.53003e-13
-5.10548e-16
4.41714e-16
4.53108e-13
2.55227e-16
-2.15589e-16
4.53059e-13
-1.23903e-16
1.04013e-16
4.53084e-13
6.04038e-17
-4.94121e-17
4.53074e-13
-2.76114e-17
2.38525e-17
4.53081e-13
1.40237e-17
-1.12517e-17
4.53078e-13
-6.37406e-18
6.43622e-18
4.53081e-13
4.17276e-18
-4.03163e-18
4.5308e-13
-2.49315e-18
3.43458e-18
4.53082e-13
2.40899e-18
-2.92619e-18
4.5308e-13
-1.97208e-18
2.94155e-18
4.53082e-13
1.90697e-18
-2.85852e-18
4.5308e-13
-1.90243e-18
2.77741e-18
4.53082e-13
1.79679e-18
-2.80101e-18
4.5308e-13
-1.90656e-18
2.73353e-18
4.53081e-13
2.14273e-18
-2.86232e-18
4.5308e-13
-2.27665e-18
2.72735e-18
4.53081e-13
1.44732e-18
-2.25728e-18
4.5308e-13
-1.66151e-18
2.22188e-18
4.53081e-13
1.32337e-18
-2.15269e-18
4.5308e-13
-1.43771e-18
2.26478e-18
1.479e-18
-2.15479e-18
5.74066e-13
7.75262e-14
-1.94464e-13
5.93135e-13
6.61282e-15
-1.61439e-14
5.83636e-13
-3.2861e-15
8.02377e-15
5.88427e-13
1.6595e-15
-4.04525e-15
5.86011e-13
-8.37622e-16
2.03148e-15
5.8723e-13
4.2139e-16
-1.0159e-15
5.86618e-13
-2.11329e-16
5.03707e-16
5.86927e-13
1.08592e-16
-2.45899e-16
5.86778e-13
-5.33439e-17
1.18494e-16
5.86852e-13
2.6702e-17
-5.63315e-17
5.86819e-13
-1.1718e-17
2.70514e-17
5.86837e-13
6.29187e-18
-1.27472e-17
5.8683e-13
-2.23306e-18
7.22056e-18
5.86835e-13
1.50002e-18
-4.54025e-18
5.86833e-13
-4.15374e-19
3.84571e-18
5.86836e-13
4.74181e-19
-3.27282e-18
5.86834e-13
-1.46965e-19
3.28231e-18
5.86836e-13
1.0894e-19
-3.18843e-18
5.86834e-13
-1.5793e-19
3.08499e-18
5.86836e-13
5.27115e-20
-3.12233e-18
5.86834e-13
-1.80686e-19
3.02167e-18
5.86835e-13
6.34538e-19
-3.24772e-18
5.86834e-13
-7.69931e-19
3.13706e-18
5.86835e-13
7.48458e-20
-2.46283e-18
5.86833e-13
-2.435e-19
2.51129e-18
5.86834e-13
3.66797e-20
-2.41187e-18
5.86833e-13
-2.82067e-20
2.58081e-18
1.24014e-19
-2.4363e-18
6.13405e-13
-7.75289e-14
-1.97206e-13
6.36397e-13
-6.61306e-15
-1.65791e-14
6.24958e-13
3.28193e-15
8.24133e-15
6.30729e-13
-1.65398e-15
-4.15608e-15
6.27819e-13
8.29762e-16
2.08817e-15
6.29287e-13
-4.15741e-16
-1.04488e-15
6.2855e-13
2.06293e-16
5.18553e-16
6.28923e-13
-9.868e-17
-2.53809e-16
6.28742e-13
4.71875e-17
1.22301e-16
6.28832e-13
-2.20307e-17
-5.83833e-17
6.28792e-13
1.09605e-17
2.77712e-17
6.28813e-13
-4.87748e-18
-1.30652e-17
6.28805e-13
3.16478e-18
7.22205e-18
6.2881e-13
-1.83578e-18
-4.47887e-18
6.28809e-13
1.77038e-18
3.69807e-18
6.28811e-13
-1.52433e-18
-3.12457e-18
6.2881e-13
1.58378e-18
3.08699e-18
6.28812e-13
-1.57255e-18
-2.99457e-18
6.2881e-13
1.46728e-18
2.88593e-18
6.28811e-13
-1.5524e-18
-2.93399e-18
6.2881e-13
1.43032e-18
2.86382e-18
6.2881e-13
-9.52211e-19
-3.17654e-18
6.28809e-13
9.07758e-19
3.10685e-18
6.2881e-13
-1.18978e-18
-2.31927e-18
6.28808e-13
1.22836e-18
2.40837e-18
6.28809e-13
-1.21777e-18
-2.29446e-18
6.28808e-13
1.35553e-18
2.52197e-18
-1.22702e-18
-2.36819e-18
5.74066e-13
-1.94462e-13
-1.94462e-13
5.93135e-13
-1.61458e-14
-1.61443e-14
5.83636e-13
8.02646e-15
8.02526e-15
5.88427e-13
-4.04681e-15
-4.04716e-15
5.86011e-13
2.03348e-15
2.03405e-15
5.8723e-13
-1.01897e-15
-1.01812e-15
5.86618e-13
5.06865e-16
5.06166e-16
5.86927e-13
-2.48083e-16
-2.48739e-16
5.86778e-13
1.19643e-16
1.20182e-16
5.86852e-13
-5.73577e-17
-5.80116e-17
5.86819e-13
2.72226e-17
2.73817e-17
5.86837e-13
-1.2972e-17
-1.30668e-17
5.8683e-13
7.08652e-18
7.01134e-18
5.86835e-13
-4.38238e-18
-4.33955e-18
5.86833e-13
3.54642e-18
3.48407e-18
5.86836e-13
-3.06466e-18
-2.88437e-18
5.86834e-13
2.99524e-18
2.83026e-18
5.86836e-13
-2.91504e-18
-2.73632e-18
5.86834e-13
2.81125e-18
2.64595e-18
5.86836e-13
-2.85147e-18
-2.68439e-18
5.86834e-13
2.74659e-18
2.60547e-18
5.86835e-13
-2.54367e-18
-2.97429e-18
5.86834e-13
2.51433e-18
2.90572e-18
5.86835e-13
-2.21878e-18
-2.11774e-18
5.86833e-13
2.30941e-18
2.16871e-18
5.86834e-13
-2.18749e-18
-2.07951e-18
5.86833e-13
2.35549e-18
2.20837e-18
-2.17022e-18
-2.05412e-18
4.48667e-13
-1.95072e-13
-1.76719e-13
4.55274e-13
-1.42973e-14
-1.4164e-14
4.51965e-13
7.1182e-15
7.04112e-15
4.53628e-13
-3.58235e-15
-3.55033e-15
4.52792e-13
1.79318e-15
1.78358e-15
4.53212e-13
-8.91354e-16
-8.92245e-16
4.53003e-13
4.37475e-16
4.43201e-16
4.53108e-13
-2.09609e-16
-2.17498e-16
4.53059e-13
9.91968e-17
1.05214e-16
4.53084e-13
-4.58281e-17
-5.05778e-17
4.53074e-13
2.21611e-17
2.40782e-17
4.53081e-13
-1.07653e-17
-1.14647e-17
4.53078e-13
7.02926e-18
6.28203e-18
4.53081e-13
-5.28594e-18
-3.90266e-18
4.5308e-13
5.17784e-18
3.19165e-18
4.53082e-13
-4.77584e-18
-2.64791e-18
4.5308e-13
5.00716e-18
2.62278e-18
4.53082e-13
-4.94271e-18
-2.53612e-18
4.5308e-13
4.87469e-18
2.46718e-18
4.53082e-13
-4.85413e-18
-2.49146e-18
4.5308e-13
4.66642e-18
2.44303e-18
4.53081e-13
-4.79942e-18
-2.76423e-18
4.5308e-13
4.48117e-18
2.66369e-18
4.53081e-13
-3.73544e-18
-2.00553e-18
4.5308e-13
3.5137e-18
1.98186e-18
4.53081e-13
-3.41688e-18
-1.90901e-18
4.5308e-13
3.44323e-18
1.99995e-18
-3.16926e-18
-1.87967e-18
2.09723e-13
-1.02808e-13
2.00255e-13
-7.91437e-15
2.04968e-13
3.93927e-15
2.02598e-13
-1.98729e-15
2.03781e-13
9.98798e-16
2.03196e-13
-5.00044e-16
2.03481e-13
2.48352e-16
2.03346e-13
-1.21819e-16
2.03409e-13
5.8653e-17
2.03381e-13
-2.80823e-17
2.03395e-13
1.32147e-17
2.03388e-13
-6.32929e-18
2.03393e-13
3.39104e-18
2.0339e-13
-2.16011e-18
2.03394e-13
1.72495e-18
2.0339e-13
-1.51099e-18
2.03394e-13
1.46648e-18
2.0339e-13
-1.43025e-18
2.03394e-13
1.38111e-18
2.0339e-13
-1.39367e-18
2.03394e-13
1.33957e-18
2.0339e-13
-1.45344e-18
2.03394e-13
1.44327e-18
2.0339e-13
-1.06524e-18
2.03393e-13
1.14501e-18
2.0339e-13
-1.07145e-18
2.03393e-13
1.16551e-18
-1.09431e-18
1.74287e-13
1.85078e-13
-1.2197e-13
1.61296e-13
1.29106e-14
-7.83251e-15
1.67757e-13
-6.42951e-15
3.90338e-15
1.64503e-13
3.23629e-15
-1.96599e-15
1.66133e-13
-1.62222e-15
9.85954e-16
1.65322e-13
8.08365e-16
-4.91895e-16
1.65721e-13
-3.98613e-16
2.43089e-16
1.65529e-13
1.93937e-16
-1.17864e-16
1.6562e-13
-9.24019e-17
5.65843e-17
1.65578e-13
4.35846e-17
-2.66048e-17
1.65598e-13
-2.04902e-17
1.28686e-17
1.65588e-13
1.03996e-17
-6.12719e-18
1.65595e-13
-5.99582e-18
3.6861e-18
1.6559e-13
4.51575e-18
-2.47656e-18
1.65594e-13
-3.93773e-18
2.25287e-18
1.65591e-13
3.82244e-18
-1.97733e-18
1.65595e-13
-3.79239e-18
2.03652e-18
1.65591e-13
3.76775e-18
-1.99347e-18
1.65595e-13
-3.74465e-18
1.95666e-18
1.65591e-13
3.67364e-18
-1.95716e-18
1.65594e-13
-3.63402e-18
1.8968e-18
1.6559e-13
3.63102e-18
-1.96488e-18
1.65594e-13
-3.43022e-18
1.83129e-18
1.65591e-13
2.89793e-18
-1.56031e-18
1.65594e-13
-2.69044e-18
1.45574e-18
1.65591e-13
2.5112e-18
-1.43926e-18
1.65594e-13
-2.48683e-18
1.46892e-18
2.4174e-18
-1.3808e-18
3.56919e-13
1.76719e-13
-1.85079e-13
3.54414e-13
1.41642e-14
-1.29098e-14
3.55634e-13
-7.04415e-15
6.42659e-15
3.55009e-13
3.55262e-15
-3.23384e-15
3.55328e-13
-1.78741e-15
1.61866e-15
3.55164e-13
8.96535e-16
-8.0467e-16
3.55249e-13
-4.46994e-16
3.95167e-16
3.55206e-13
2.22764e-16
-1.89551e-16
3.5523e-13
-1.08324e-16
8.98773e-17
3.55218e-13
5.26142e-17
-4.16471e-17
3.55225e-13
-2.44126e-17
2.02099e-17
3.55224e-13
1.23216e-17
-9.76378e-18
3.55224e-13
-5.83782e-18
6.39712e-18
3.55225e-13
3.77974e-18
-4.69727e-18
3.55225e-13
-2.42068e-18
4.60833e-18
3.55227e-13
2.28098e-18
-4.22876e-18
3.55225e-13
-1.96198e-18
4.42927e-18
3.55227e-13
1.89974e-18
-4.37408e-18
3.55225e-13
-1.89139e-18
4.31499e-18
3.55227e-13
1.80533e-18
-4.30556e-18
3.55225e-13
-1.87729e-18
4.17768e-18
3.55226e-13
2.01223e-18
-4.23483e-18
3.55225e-13
-2.04987e-18
3.92491e-18
3.55226e-13
1.49875e-18
-3.38065e-18
3.55225e-13
-1.56949e-18
3.10235e-18
3.55226e-13
1.34843e-18
-3.03821e-18
3.55225e-13
-1.37937e-18
3.04969e-18
1.3958e-18
-2.8047e-18
4.48667e-13
6.88595e-14
-1.95071e-13
4.55274e-13
5.7131e-15
-1.42972e-14
4.51965e-13
-2.83866e-15
7.11848e-15
4.53628e-13
1.43292e-15
-3.58274e-15
4.52792e-13
-7.22404e-16
1.79358e-15
4.53212e-13
3.63033e-16
-8.91689e-16
4.53003e-13
-1.81754e-16
4.3766e-16
4.53108e-13
9.26247e-17
-2.09883e-16
4.53059e-13
-4.55077e-17
9.91506e-17
4.53084e-13
2.25357e-17
-4.59275e-17
4.53074e-13
-1.01316e-17
2.20347e-17
4.53081e-13
5.34952e-18
-1.06572e-17
4.53078e-13
-2.08937e-18
6.90634e-18
4.53081e-13
1.38535e-18
-5.16979e-18
4.5308e-13
-5.53267e-19
5.04137e-18
4.53082e-13
5.59938e-19
-4.66031e-18
4.5308e-13
-3.28914e-19
4.85816e-18
4.53082e-13
2.92368e-19
-4.8091e-18
4.5308e-13
-3.29526e-19
4.72975e-18
4.53082e-13
2.46085e-19
-4.72826e-18
4.5308e-13
-3.3356e-19
4.55013e-18
4.53081e-13
6.44544e-19
-4.72471e-18
4.5308e-13
-7.1986e-19
4.44681e-18
4.53081e-13
2.37813e-19
-3.61156e-18
4.5308e-13
-3.26524e-19
3.44863e-18
4.53081e-13
1.88341e-19
-3.31321e-18
4.5308e-13
-1.61872e-19
3.40701e-18
2.27513e-19
-3.153e-18
4.77002e-13
-6.88611e-14
-1.96286e-13
4.86433e-13
-5.71371e-15
-1.45816e-14
4.81728e-13
2.83674e-15
7.26329e-15
4.84098e-13
-1.43023e-15
-3.65794e-15
4.82905e-13
7.1853e-16
1.83294e-15
4.83505e-13
-3.60612e-16
-9.12444e-16
4.83206e-13
1.80007e-16
4.48506e-16
4.83357e-13
-8.74949e-17
-2.15862e-16
4.83285e-13
4.22531e-17
1.01899e-16
4.83321e-13
-2.04272e-17
-4.73606e-17
4.83306e-13
9.86826e-18
2.23338e-17
4.83315e-13
-4.60842e-18
-1.06933e-17
4.83312e-13
2.64671e-18
6.7108e-18
4.83315e-13
-1.50573e-18
-4.95328e-18
4.83313e-13
1.3027e-18
4.74472e-18
4.83316e-13
-1.07142e-18
-4.39033e-18
4.83314e-13
1.08789e-18
4.53055e-18
4.83316e-13
-1.06865e-18
-4.46952e-18
4.83314e-13
1.00189e-18
4.40047e-18
4.83316e-13
-1.05705e-18
-4.39815e-18
4.83314e-13
9.58451e-19
4.30288e-18
4.83315e-13
-6.18145e-19
-4.52937e-18
4.83314e-13
5.95332e-19
4.31716e-18
4.83315e-13
-8.06886e-19
-3.38282e-18
4.83314e-13
8.27616e-19
3.26614e-18
4.83314e-13
-8.28942e-19
-3.11483e-18
4.83313e-13
8.57238e-19
3.32535e-18
-7.57454e-19
-3.07998e-18
4.48667e-13
-1.7672e-13
-1.95072e-13
4.55274e-13
-1.4164e-14
-1.42967e-14
4.51965e-13
7.04138e-15
7.11762e-15
4.53628e-13
-3.54979e-15
-3.5823e-15
4.52792e-13
1.78311e-15
1.79322e-15
4.53212e-13
-8.92947e-16
-8.90969e-16
4.53003e-13
4.43829e-16
4.3716e-16
4.53108e-13
-2.17157e-16
-2.09727e-16
4.53059e-13
1.04904e-16
9.93209e-17
4.53084e-13
-5.01323e-17
-4.59897e-17
4.53074e-13
2.39656e-17
2.22052e-17
4.53081e-13
-1.13762e-17
-1.07902e-17
4.53078e-13
6.30782e-18
7.01457e-18
4.53081e-13
-3.88856e-18
-5.27488e-18
4.5308e-13
3.19168e-18
5.1677e-18
4.53082e-13
-2.73576e-18
-4.73114e-18
4.5308e-13
2.69883e-18
4.97103e-18
4.53082e-13
-2.61988e-18
-4.90114e-18
4.5308e-13
2.54259e-18
4.83794e-18
4.53082e-13
-2.56713e-18
-4.81526e-18
4.5308e-13
2.50698e-18
4.63505e-18
4.53081e-13
-2.37333e-18
-4.92242e-18
4.5308e-13
2.30174e-18
4.58586e-18
4.53081e-13
-2.0558e-18
-3.71684e-18
4.5308e-13
2.05763e-18
3.47809e-18
4.53081e-13
-1.97346e-18
-3.39557e-18
4.5308e-13
2.09437e-18
3.40686e-18
-1.93716e-18
-3.1392e-18
3.56919e-13
-1.85079e-13
-1.85079e-13
3.54414e-13
-1.29097e-14
-1.29096e-14
3.55634e-13
6.42689e-15
6.42675e-15
3.55009e-13
-3.23411e-15
-3.23425e-15
3.55328e-13
1.61899e-15
1.61914e-15
3.55164e-13
-8.05074e-16
-8.04873e-16
3.55249e-13
3.95472e-16
3.953e-16
3.55206e-13
-1.90011e-16
-1.90136e-16
3.5523e-13
9.01538e-17
9.02622e-17
3.55218e-13
-4.17617e-17
-4.19066e-17
3.55225e-13
2.01683e-17
2.02055e-17
3.55224e-13
-9.77243e-18
-9.79901e-18
3.55224e-13
6.30851e-18
6.29465e-18
3.55225e-13
-4.66196e-18
-4.64936e-18
3.55225e-13
4.51222e-18
4.49324e-18
3.55227e-13
-4.15783e-18
-4.12218e-18
3.55225e-13
4.33096e-18
4.29824e-18
3.55227e-13
-4.27485e-18
-4.23933e-18
3.55225e-13
4.22849e-18
4.19504e-18
3.55227e-13
-4.20501e-18
-4.1715e-18
3.55225e-13
4.1021e-18
4.06947e-18
3.55226e-13
-4.18431e-18
-4.25849e-18
3.55225e-13
3.89365e-18
3.96213e-18
3.55226e-13
-3.30395e-18
-3.27741e-18
3.55225e-13
3.04369e-18
3.01696e-18
3.55226e-13
-2.95128e-18
-2.92793e-18
3.55225e-13
2.97833e-18
2.94528e-18
-2.76891e-18
-2.74678e-18
1.74287e-13
-1.2197e-13
1.61296e-13
-7.83285e-15
1.67757e-13
3.90419e-15
1.64503e-13
-1.96661e-15
1.66133e-13
9.86765e-16
1.65322e-13
-4.92758e-16
1.65721e-13
2.43797e-16
1.65529e-13
-1.18775e-16
1.6562e-13
5.70376e-17
1.65578e-13
-2.69771e-17
1.65598e-13
1.28896e-17
1.65588e-13
-6.23264e-18
1.65595e-13
3.58857e-18
1.6559e-13
-2.43194e-18
1.65594e-13
2.10597e-18
1.65591e-13
-1.89551e-18
1.65595e-13
1.90214e-18
1.65591e-13
-1.86643e-18
1.65595e-13
1.83349e-18
1.65591e-13
-1.82621e-18
1.65594e-13
1.78105e-18
1.6559e-13
-1.84374e-18
1.65594e-13
1.75555e-18
1.65591e-13
-1.44015e-18
1.65594e-13
1.38984e-18
1.65591e-13
-1.32977e-18
1.65594e-13
1.37109e-18
-1.28988e-18
9.62642e-14
1.21969e-13
8.05989e-14
7.83296e-15
8.84069e-14
-3.90537e-15
8.4474e-14
1.96748e-15
8.64473e-14
-9.88164e-16
8.5462e-14
4.94368e-16
8.59494e-14
-2.45204e-16
8.5712e-14
1.20595e-16
8.5826e-14
-5.79548e-17
8.57721e-14
2.77321e-17
8.57979e-14
-1.29529e-17
8.57854e-14
6.48644e-18
8.57926e-14
-3.40941e-18
8.57877e-14
2.35097e-18
8.57919e-14
-1.8075e-18
8.57881e-14
1.74809e-18
8.5792e-14
-1.64086e-18
8.57882e-14
1.6255e-18
8.57919e-14
-1.59933e-18
8.57882e-14
1.57263e-18
8.57918e-14
-1.56074e-18
8.57881e-14
1.53539e-18
8.57916e-14
-1.51971e-18
8.57887e-14
1.22379e-18
8.57915e-14
-1.24959e-18
8.57888e-14
1.11321e-18
8.57916e-14
-1.16678e-18
1.12572e-18
1.74287e-13
1.02806e-13
1.61296e-13
7.91429e-15
1.67757e-13
-3.94068e-15
1.64503e-13
1.9884e-15
1.66133e-13
-1.00051e-15
1.65322e-13
5.0196e-16
1.65721e-13
-2.49911e-16
1.65529e-13
1.2411e-16
1.6562e-13
-5.98668e-17
1.65578e-13
2.89111e-17
1.65598e-13
-1.32223e-17
1.65588e-13
6.60278e-18
1.65595e-13
-3.11413e-18
1.6559e-13
2.05748e-18
1.65594e-13
-1.32634e-18
1.65591e-13
1.30115e-18
1.65595e-13
-1.10979e-18
1.65591e-13
1.09119e-18
1.65595e-13
-1.06647e-18
1.65591e-13
1.03749e-18
1.65594e-13
-1.04908e-18
1.6559e-13
1.12874e-18
1.65594e-13
-1.21029e-18
1.65591e-13
7.74247e-19
1.65594e-13
-9.50993e-19
1.65591e-13
7.65535e-19
1.65594e-13
-8.86907e-19
9.00578e-19
2.09723e-13
3.82154e-14
2.00255e-13
3.08621e-15
2.04968e-13
-1.53612e-15
2.02598e-13
7.76374e-16
2.03781e-13
-3.91575e-16
2.03196e-13
1.96923e-16
2.03481e-13
-9.83422e-17
2.03346e-13
4.96701e-17
2.03409e-13
-2.40829e-17
2.03381e-13
1.1728e-17
2.03395e-13
-5.18417e-18
2.03388e-13
2.63975e-18
2.03393e-13
-1.04267e-18
2.0339e-13
6.85638e-19
2.03394e-13
-2.85088e-19
2.0339e-13
3.2119e-19
2.03394e-13
-1.94819e-19
2.0339e-13
1.80018e-19
2.03394e-13
-1.88544e-19
2.0339e-13
1.56052e-19
2.03394e-13
-2.12395e-19
2.0339e-13
3.39027e-19
2.03394e-13
-4.04044e-19
2.0339e-13
1.29491e-19
2.03393e-13
-2.26396e-19
2.0339e-13
1.31769e-19
2.03393e-13
-1.9979e-19
2.34147e-19
2.20348e-13
-3.82155e-14
2.1194e-13
-3.08661e-15
2.1613e-13
1.5357e-15
2.14025e-13
-7.75595e-16
2.15075e-13
3.90295e-16
2.14557e-13
-1.9629e-16
2.14808e-13
9.79038e-17
2.14691e-13
-4.77921e-17
2.14745e-13
2.27867e-17
2.14721e-13
-1.09272e-17
2.14733e-13
5.01453e-18
2.14728e-13
-2.26017e-18
2.14732e-13
1.20305e-18
2.14728e-13
-6.61069e-19
2.14733e-13
5.18681e-19
2.14729e-13
-4.50416e-19
2.14733e-13
4.12598e-19
2.14729e-13
-4.07525e-19
2.14733e-13
3.7212e-19
2.14729e-13
-4.04252e-19
2.14733e-13
3.96692e-19
2.14729e-13
-2.65695e-19
2.14732e-13
3.09677e-19
2.14729e-13
-2.98704e-19
2.14732e-13
3.72708e-19
2.14729e-13
-3.36303e-19
2.14732e-13
4.64385e-19
-4.14436e-19
2.09723e-13
-1.02807e-13
2.00255e-13
-7.91399e-15
2.04968e-13
3.939e-15
2.02598e-13
-1.98684e-15
2.03781e-13
9.98404e-16
2.03196e-13
-5.00067e-16
2.03481e-13
2.48394e-16
2.03346e-13
-1.21595e-16
2.03409e-13
5.84889e-17
2.03381e-13
-2.78898e-17
2.03395e-13
1.3171e-17
2.03388e-13
-6.30081e-18
2.03393e-13
3.41666e-18
2.0339e-13
-2.17773e-18
2.03394e-13
1.75551e-18
2.0339e-13
-1.56173e-18
2.03394e-13
1.51705e-18
2.0339e-13
-1.4833e-18
2.03394e-13
1.43243e-18
2.0339e-13
-1.44325e-18
2.03394e-13
1.38882e-18
2.0339e-13
-1.35798e-18
2.03394e-13
1.34605e-18
2.0339e-13
-1.1091e-18
2.03393e-13
1.18047e-18
2.0339e-13
-1.10859e-18
2.03393e-13
1.20987e-18
-1.12113e-18
1.74287e-13
-1.2197e-13
1.61296e-13
-7.83238e-15
1.67757e-13
3.90379e-15
1.64503e-13
-1.9663e-15
1.66133e-13
9.86516e-16
1.65322e-13
-4.92579e-16
1.65721e-13
2.43668e-16
1.65529e-13
-1.18675e-16
1.6562e-13
5.69817e-17
1.65578e-13
-2.69294e-17
1.65598e-13
1.28831e-17
1.65588e-13
-6.23076e-18
1.65595e-13
3.60036e-18
1.6559e-13
-2.43701e-18
1.65594e-13
2.11762e-18
1.65591e-13
-1.91067e-18
1.65595e-13
1.92006e-18
1.65591e-13
-1.88404e-18
1.65595e-13
1.85144e-18
1.65591e-13
-1.84235e-18
1.65594e-13
1.79773e-18
1.6559e-13
-1.82254e-18
1.65594e-13
1.72687e-18
1.65591e-13
-1.45752e-18
1.65594e-13
1.39862e-18
1.65591e-13
-1.34361e-18
1.65594e-13
1.38243e-18
-1.2946e-18
9.62642e-14
8.05989e-14
8.84069e-14
8.4474e-14
8.64473e-14
8.5462e-14
8.59494e-14
8.5712e-14
8.5826e-14
8.57721e-14
8.57979e-14
8.57854e-14
8.57926e-14
8.57877e-14
8.57919e-14
8.57881e-14
8.5792e-14
8.57882e-14
8.57919e-14
8.57882e-14
8.57918e-14
8.57881e-14
8.57916e-14
8.57887e-14
8.57915e-14
8.57888e-14
8.57916e-14
)
;

boundaryField
{
    inlet
    {
        type            calculated;
        value           nonuniform List<scalar> 
49
(
-3.40204e-13
-3.40204e-13
-3.40204e-13
-3.40204e-13
-3.40204e-13
-3.40204e-13
-3.40204e-13
-3.40204e-13
-3.40204e-13
-3.40204e-13
-3.40204e-13
-3.40204e-13
-3.40204e-13
-3.40204e-13
-3.40204e-13
-3.40204e-13
-3.40204e-13
-3.40204e-13
-3.40204e-13
-3.40204e-13
-3.40204e-13
-3.40204e-13
-3.40204e-13
-3.40204e-13
-3.40204e-13
-3.40204e-13
-3.40204e-13
-3.40204e-13
-3.40204e-13
-3.40204e-13
-3.40204e-13
-3.40204e-13
-3.40204e-13
-3.40204e-13
-3.40204e-13
-3.40204e-13
-3.40204e-13
-3.40204e-13
-3.40204e-13
-3.40204e-13
-3.40204e-13
-3.40204e-13
-3.40204e-13
-3.40204e-13
-3.40204e-13
-3.40204e-13
-3.40204e-13
-3.40204e-13
-3.40204e-13
)
;
    }
    outlet
    {
        type            calculated;
        value           nonuniform List<scalar> 
49
(
8.5789e-14
1.65591e-13
2.03391e-13
2.1473e-13
2.03391e-13
1.65591e-13
8.5789e-14
1.65591e-13
3.55226e-13
4.53081e-13
4.83315e-13
4.53081e-13
3.55226e-13
1.65591e-13
2.03391e-13
4.53081e-13
5.86834e-13
6.2881e-13
5.86834e-13
4.53081e-13
2.03391e-13
2.1473e-13
4.83315e-13
6.2881e-13
6.74699e-13
6.2881e-13
4.83315e-13
2.1473e-13
2.03391e-13
4.53081e-13
5.86834e-13
6.2881e-13
5.86834e-13
4.53081e-13
2.03391e-13
1.65591e-13
3.55226e-13
4.53081e-13
4.83315e-13
4.53081e-13
3.55226e-13
1.65591e-13
8.5789e-14
1.65591e-13
2.03391e-13
2.1473e-13
2.03391e-13
1.65591e-13
8.5789e-14
)
;
    }
    Walls
    {
        type            calculated;
        value           uniform 0;
    }
}


// ************************************************************************* //
