/*--------------------------------*- C++ -*----------------------------------*\
  =========                 |
  \\      /  F ield         | OpenFOAM: The Open Source CFD Toolbox
   \\    /   O peration     | Website:  https://openfoam.org
    \\  /    A nd           | Version:  13
     \\/     M anipulation  |
\*---------------------------------------------------------------------------*/
FoamFile
{
    format      ascii;
    class       volVectorField;
    location    "33";
    object      U;
}
// * * * * * * * * * * * * * * * * * * * * * * * * * * * * * * * * * * * * * //

dimensions      [0 1 -1 0 0 0 0];

internalField   nonuniform List<vector> 
1372
(
(0.000317124 6.99385e-06 6.99384e-06)
(0.000473201 5.59191e-07 5.59209e-07)
(0.000393873 -2.80165e-07 -2.80182e-07)
(0.000433719 1.4095e-07 1.40968e-07)
(0.00041364 -7.07897e-08 -7.08056e-08)
(0.00042375 3.54259e-08 3.54372e-08)
(0.00041867 -1.76111e-08 -1.76184e-08)
(0.000421208 8.67479e-09 8.68293e-09)
(0.000419957 -4.20714e-09 -4.20847e-09)
(0.000420563 2.0233e-09 2.02421e-09)
(0.000420278 -9.61451e-10 -9.60069e-10)
(0.000420409 4.79754e-10 4.78472e-10)
(0.000420354 -2.54272e-10 -2.52811e-10)
(0.000420376 1.67467e-10 1.65912e-10)
(0.000420369 -1.2888e-10 -1.27193e-10)
(0.000420371 1.18529e-10 1.17193e-10)
(0.000420371 -1.12981e-10 -1.11063e-10)
(0.000420371 1.10817e-10 1.09406e-10)
(0.000420371 -1.09974e-10 -1.08072e-10)
(0.000420372 1.07474e-10 1.06021e-10)
(0.00042037 -1.07089e-10 -1.05469e-10)
(0.000420372 1.02777e-10 1.00588e-10)
(0.000420369 -9.76225e-11 -9.53477e-11)
(0.000420373 8.87035e-11 8.74743e-11)
(0.00042037 -8.18633e-11 -8.10686e-11)
(0.000420373 7.76707e-11 7.67946e-11)
(0.000420371 -7.47688e-11 -7.47385e-11)
(0.000420373 7.28845e-11 7.21188e-11)
(0.000611493 1.23254e-05 1.06242e-05)
(0.000912983 8.44705e-07 9.96695e-07)
(0.000760309 -4.20205e-07 -4.98236e-07)
(0.000837135 2.11882e-07 2.50106e-07)
(0.000798426 -1.06482e-07 -1.25115e-07)
(0.000817909 5.33055e-08 6.22003e-08)
(0.000808131 -2.64731e-08 -3.07124e-08)
(0.000813008 1.30734e-08 1.49725e-08)
(0.00081061 -6.29602e-09 -7.26045e-09)
(0.000811769 3.0323e-09 3.48377e-09)
(0.000811226 -1.39949e-09 -1.73233e-09)
(0.000811475 7.01939e-10 9.18565e-10)
(0.00081137 -3.54125e-10 -5.59159e-10)
(0.000811413 2.43178e-10 4.08854e-10)
(0.000811399 -1.79347e-10 -3.64451e-10)
(0.000811404 1.69823e-10 3.42481e-10)
(0.000811404 -1.57313e-10 -3.46789e-10)
(0.000811404 1.53902e-10 3.44498e-10)
(0.000811404 -1.52625e-10 -3.45895e-10)
(0.000811405 1.48661e-10 3.36588e-10)
(0.000811402 -1.49421e-10 -3.35092e-10)
(0.000811405 1.56537e-10 3.04906e-10)
(0.000811399 -1.57911e-10 -2.64672e-10)
(0.000811408 1.15078e-10 2.8761e-10)
(0.000811401 -1.21202e-10 -2.20116e-10)
(0.000811406 1.0582e-10 2.22172e-10)
(0.000811402 -1.11984e-10 -1.79902e-10)
(0.000811405 1.09107e-10 1.66117e-10)
(0.000750664 7.83267e-06 1.03577e-05)
(0.00112116 6.06611e-07 1.08818e-06)
(0.000933893 -3.01946e-07 -5.44214e-07)
(0.0010282 1.52547e-07 2.73283e-07)
(0.000980688 -7.69296e-08 -1.36726e-07)
(0.0010046 3.86849e-08 6.79943e-08)
(0.000992608 -1.93392e-08 -3.35625e-08)
(0.00099858 9.76379e-09 1.63695e-08)
(0.000995652 -4.72508e-09 -7.91268e-09)
(0.000997063 2.33292e-09 3.80308e-09)
(0.000996405 -1.01842e-09 -1.86726e-09)
(0.000996706 5.18742e-10 9.94145e-10)
(0.000996581 -2.04205e-10 -5.94074e-10)
(0.000996631 1.3249e-10 4.42219e-10)
(0.000996615 -5.78812e-11 -3.85926e-10)
(0.000996621 5.9682e-11 3.65991e-10)
(0.000996622 -3.6435e-11 -3.65799e-10)
(0.000996621 3.45963e-11 3.65196e-10)
(0.000996621 -3.43966e-11 -3.65537e-10)
(0.000996623 3.09038e-11 3.56345e-10)
(0.000996619 -3.66459e-11 -3.52344e-10)
(0.000996623 6.2638e-11 3.22773e-10)
(0.000996614 -7.71896e-11 -2.86131e-10)
(0.000996626 1.90849e-11 2.9478e-10)
(0.000996616 -4.31974e-11 -2.37421e-10)
(0.000996623 2.34978e-11 2.28856e-10)
(0.000996618 -3.63117e-11 -1.92041e-10)
(0.000996622 4.0244e-11 1.85714e-10)
(0.000792373 -1.36029e-10 1.01204e-05)
(0.0011836 7.92803e-12 1.09723e-06)
(0.000985968 -1.26793e-10 -5.48977e-07)
(0.00108552 2.04684e-10 2.75835e-07)
(0.00103536 -2.71645e-10 -1.38078e-07)
(0.0010606 1.72656e-10 6.87161e-08)
(0.00104795 -1.66234e-10 -3.39237e-08)
(0.00105425 3.13797e-10 1.65552e-08)
(0.00105116 -1.9045e-10 -7.98129e-09)
(0.00105265 1.64573e-10 3.83043e-09)
(0.00105195 -2.68858e-11 -1.86168e-09)
(0.00105227 3.80168e-11 9.82808e-10)
(0.00105214 2.7713e-11 -5.79057e-10)
(0.00105219 -1.62422e-11 4.30936e-10)
(0.00105218 4.07236e-11 -3.70962e-10)
(0.00105218 -3.77894e-11 3.5308e-10)
(0.00105218 4.84002e-11 -3.49104e-10)
(0.00105218 -4.79465e-11 3.49638e-10)
(0.00105218 4.53311e-11 -3.48349e-10)
(0.00105218 -4.79602e-11 3.40633e-10)
(0.00105218 4.10001e-11 -3.36345e-10)
(0.00105218 -2.33394e-12 3.19527e-10)
(0.00105217 -5.7938e-13 -2.87682e-10)
(0.00105219 -3.45948e-11 2.77356e-10)
(0.00105218 3.37263e-11 -2.31755e-10)
(0.00105218 -3.69363e-11 2.18153e-10)
(0.00105218 4.1587e-11 -1.91699e-10)
(0.00105218 -3.87935e-11 1.89451e-10)
(0.000750664 -7.83286e-06 1.03575e-05)
(0.00112116 -6.06569e-07 1.08813e-06)
(0.000933893 3.01671e-07 -5.44187e-07)
(0.0010282 -1.52177e-07 2.73286e-07)
(0.000980688 7.64412e-08 -1.36727e-07)
(0.0010046 -3.83348e-08 6.79935e-08)
(0.000992608 1.90126e-08 -3.35458e-08)
(0.00099858 -9.20092e-09 1.63602e-08)
(0.000995652 4.39263e-09 -7.89588e-09)
(0.000997063 -2.04741e-09 3.78372e-09)
(0.000996405 9.79214e-10 -1.85744e-09)
(0.000996706 -4.53998e-10 9.81309e-10)
(0.000996581 2.59712e-10 -5.90481e-10)
(0.000996631 -1.64717e-10 4.42049e-10)
(0.000996615 1.37786e-10 -3.88937e-10)
(0.000996621 -1.29217e-10 3.62676e-10)
(0.000996622 1.26955e-10 -3.61707e-10)
(0.000996621 -1.23979e-10 3.62087e-10)
(0.000996621 1.19208e-10 -3.61149e-10)
(0.000996623 -1.20562e-10 3.52865e-10)
(0.000996619 1.15173e-10 -3.51229e-10)
(0.000996623 -8.78843e-11 3.42739e-10)
(0.000996614 9.23025e-11 -3.0299e-10)
(0.000996626 -8.84456e-11 2.95862e-10)
(0.000996616 1.03159e-10 -2.35712e-10)
(0.000996623 -9.35374e-11 2.28907e-10)
(0.000996618 1.1122e-10 -1.96431e-10)
(0.000996622 -1.06979e-10 1.86915e-10)
(0.000611492 -1.23255e-05 1.0624e-05)
(0.000912983 -8.44637e-07 9.96666e-07)
(0.000760309 4.19969e-07 -4.98272e-07)
(0.000837135 -2.11666e-07 2.50147e-07)
(0.000798426 1.06185e-07 -1.25151e-07)
(0.000817909 -5.30209e-08 6.22616e-08)
(0.000808131 2.6213e-08 -3.07329e-08)
(0.000813008 -1.27203e-08 1.49926e-08)
(0.00081061 6.09688e-09 -7.24104e-09)
(0.000811769 -2.86659e-09 3.46484e-09)
(0.000811226 1.37939e-09 -1.7033e-09)
(0.000811475 -6.57607e-10 8.94374e-10)
(0.00081137 3.89148e-10 -5.37037e-10)
(0.000811413 -2.61944e-10 3.96982e-10)
(0.000811399 2.33535e-10 -3.49077e-10)
(0.000811404 -2.07578e-10 3.24779e-10)
(0.000811404 2.1132e-10 -3.24374e-10)
(0.000811404 -2.06524e-10 3.23895e-10)
(0.000811404 2.02514e-10 -3.23535e-10)
(0.000811405 -2.02203e-10 3.15684e-10)
(0.000811402 1.97146e-10 -3.1509e-10)
(0.000811405 -2.00199e-10 2.98054e-10)
(0.000811399 1.89851e-10 -2.62511e-10)
(0.000811408 -1.60001e-10 2.67258e-10)
(0.000811401 1.54303e-10 -2.11975e-10)
(0.000811406 -1.49563e-10 2.07886e-10)
(0.000811402 1.5679e-10 -1.78102e-10)
(0.000811405 -1.46854e-10 1.67738e-10)
(0.000317124 -6.99388e-06 6.99391e-06)
(0.000473201 -5.59153e-07 5.59223e-07)
(0.000393873 2.80067e-07 -2.80219e-07)
(0.000433719 -1.40891e-07 1.40975e-07)
(0.00041364 7.06996e-08 -7.08194e-08)
(0.00042375 -3.53097e-08 3.54802e-08)
(0.00041867 1.75045e-08 -1.76486e-08)
(0.000421208 -8.56084e-09 8.69834e-09)
(0.000419957 4.14546e-09 -4.20735e-09)
(0.000420563 -1.97389e-09 2.02104e-09)
(0.000420278 9.53883e-10 -9.55492e-10)
(0.000420409 -4.61782e-10 4.78413e-10)
(0.000420354 2.62904e-10 -2.49503e-10)
(0.000420376 -1.70915e-10 1.65114e-10)
(0.000420369 1.45355e-10 -1.22801e-10)
(0.000420371 -1.25981e-10 1.17143e-10)
(0.000420371 1.26725e-10 -1.08407e-10)
(0.000420371 -1.23785e-10 1.0757e-10)
(0.000420371 1.22182e-10 -1.0575e-10)
(0.000420372 -1.21084e-10 1.03836e-10)
(0.00042037 1.18955e-10 -1.03118e-10)
(0.000420372 -1.23678e-10 9.16005e-11)
(0.000420369 1.1339e-10 -8.9421e-11)
(0.000420373 -1.00655e-10 8.38258e-11)
(0.00042037 8.95301e-11 -8.18505e-11)
(0.000420373 -8.96154e-11 7.45314e-11)
(0.000420371 8.71934e-11 -7.50079e-11)
(0.000420373 -8.41093e-11 7.25493e-11)
(0.000611493 1.06241e-05 1.23254e-05)
(0.000912983 9.96621e-07 8.44807e-07)
(0.000760309 -4.98159e-07 -4.20303e-07)
(0.000837135 2.5004e-07 2.11933e-07)
(0.000798426 -1.25055e-07 -1.06523e-07)
(0.000817909 6.21418e-08 5.33732e-08)
(0.000808131 -3.06693e-08 -2.65256e-08)
(0.000813008 1.49425e-08 1.30883e-08)
(0.00081061 -7.2515e-09 -6.29128e-09)
(0.000811769 3.48045e-09 3.02411e-09)
(0.000811226 -1.73531e-09 -1.39379e-09)
(0.000811475 9.22405e-10 6.98052e-10)
(0.00081137 -5.64209e-10 -3.52128e-10)
(0.000811413 4.14812e-10 2.3944e-10)
(0.000811399 -3.71482e-10 -1.74381e-10)
(0.000811404 3.47492e-10 1.70378e-10)
(0.000811404 -3.53615e-10 -1.54919e-10)
(0.000811404 3.50288e-10 1.5351e-10)
(0.000811404 -3.52802e-10 -1.50297e-10)
(0.000811405 3.42474e-10 1.47892e-10)
(0.000811402 -3.41361e-10 -1.47082e-10)
(0.000811405 3.15309e-10 1.39541e-10)
(0.000811399 -2.73998e-10 -1.4282e-10)
(0.000811408 2.92753e-10 1.12533e-10)
(0.000811401 -2.2292e-10 -1.22111e-10)
(0.000811406 2.25409e-10 1.04802e-10)
(0.000811402 -1.80581e-10 -1.14462e-10)
(0.000811405 1.68497e-10 1.0937e-10)
(0.00131065 2.04264e-05 2.04265e-05)
(0.00195788 1.50568e-06 1.50577e-06)
(0.00163113 -7.48913e-07 -7.48994e-07)
(0.00179573 3.77853e-07 3.77824e-07)
(0.0017128 -1.9009e-07 -1.90055e-07)
(0.00175453 9.52722e-08 9.53401e-08)
(0.0017336 -4.73424e-08 -4.74058e-08)
(0.00174403 2.34071e-08 2.33785e-08)
(0.00173891 -1.12294e-08 -1.11928e-08)
(0.00174139 5.38936e-09 5.35398e-09)
(0.00174022 -2.43441e-09 -2.42465e-09)
(0.00174076 1.20023e-09 1.19811e-09)
(0.00174053 -5.75464e-10 -5.82009e-10)
(0.00174063 3.93138e-10 3.95535e-10)
(0.00174059 -2.72753e-10 -2.74417e-10)
(0.00174061 2.63477e-10 2.77878e-10)
(0.00174061 -2.33866e-10 -2.44368e-10)
(0.00174061 2.29758e-10 2.4349e-10)
(0.00174061 -2.24595e-10 -2.35384e-10)
(0.00174061 2.2075e-10 2.33527e-10)
(0.0017406 -2.21154e-10 -2.29921e-10)
(0.00174061 2.57043e-10 2.21876e-10)
(0.0017406 -2.71396e-10 -2.39647e-10)
(0.00174061 1.60705e-10 1.66499e-10)
(0.0017406 -1.96402e-10 -2.06876e-10)
(0.00174061 1.63014e-10 1.69196e-10)
(0.0017406 -1.94376e-10 -2.0418e-10)
(0.00174061 1.96331e-10 2.02723e-10)
(0.0016709 1.38062e-05 2.23255e-05)
(0.00249686 1.10644e-06 1.71611e-06)
(0.00208054 -5.49794e-07 -8.53528e-07)
(0.00229036 2.77507e-07 4.30484e-07)
(0.00218466 -1.39849e-07 -2.16549e-07)
(0.00223782 7.02356e-08 1.08656e-07)
(0.00221118 -3.5128e-08 -5.40082e-08)
(0.00222444 1.77495e-08 2.66456e-08)
(0.00221794 -8.65994e-09 -1.27188e-08)
(0.00222108 4.29348e-09 6.08157e-09)
(0.00221961 -1.92284e-09 -2.73689e-09)
(0.00222029 9.96912e-10 1.36738e-09)
(0.00222 -4.15009e-10 -6.58116e-10)
(0.00222012 2.70422e-10 4.5774e-10)
(0.00222008 -1.34644e-10 -3.14516e-10)
(0.0022201 1.30205e-10 3.31658e-10)
(0.0022201 -9.16663e-11 -2.89027e-10)
(0.0022201 8.78773e-11 2.89083e-10)
(0.0022201 -8.89272e-11 -2.79725e-10)
(0.0022201 8.07651e-11 2.76421e-10)
(0.00222009 -9.18009e-11 -2.73315e-10)
(0.0022201 1.38392e-10 2.49201e-10)
(0.00222008 -1.51156e-10 -2.74552e-10)
(0.00222011 6.63853e-11 1.94941e-10)
(0.00222008 -8.26608e-11 -2.46248e-10)
(0.0022201 5.75416e-11 1.9764e-10)
(0.00222009 -6.03534e-11 -2.40751e-10)
(0.0022201 6.46898e-11 2.32053e-10)
(0.00178212 -2.52098e-10 2.26185e-05)
(0.00266335 2.78804e-11 1.7632e-06)
(0.00221939 -2.67266e-10 -8.77047e-07)
(0.00244317 3.80064e-10 4.42401e-07)
(0.00233044 -5.1235e-10 -2.22608e-07)
(0.00238714 3.42353e-10 1.11766e-07)
(0.00235874 -3.32268e-10 -5.5581e-08)
(0.00237287 6.06829e-10 2.74333e-08)
(0.00236595 -3.73552e-10 -1.3086e-08)
(0.00236928 3.18708e-10 6.25037e-09)
(0.00236773 -5.41094e-11 -2.80685e-09)
(0.00236844 8.12683e-11 1.39908e-09)
(0.00236815 5.36853e-11 -6.65499e-10)
(0.00236827 -2.86947e-11 4.57911e-10)
(0.00236823 8.23907e-11 -3.07519e-10)
(0.00236824 -7.18916e-11 3.32219e-10)
(0.00236825 9.46367e-11 -2.86287e-10)
(0.00236824 -9.35662e-11 2.857e-10)
(0.00236824 8.86389e-11 -2.76064e-10)
(0.00236825 -9.4131e-11 2.72344e-10)
(0.00236824 8.25169e-11 -2.70353e-10)
(0.00236825 -2.05298e-11 2.28118e-10)
(0.00236823 1.12553e-11 -2.59377e-10)
(0.00236825 -7.13897e-11 1.90555e-10)
(0.00236823 6.60217e-11 -2.4952e-10)
(0.00236825 -7.46633e-11 1.98155e-10)
(0.00236823 8.17861e-11 -2.46089e-10)
(0.00236824 -7.4872e-11 2.35413e-10)
(0.0016709 -1.38067e-05 2.23256e-05)
(0.00249686 -1.10635e-06 1.71611e-06)
(0.00208053 5.49267e-07 -8.53482e-07)
(0.00229036 -2.76849e-07 4.30412e-07)
(0.00218466 1.38941e-07 -2.16461e-07)
(0.00223782 -6.95607e-08 1.0859e-07)
(0.00221118 3.44723e-08 -5.39516e-08)
(0.00222444 -1.66551e-08 2.65536e-08)
(0.00221794 7.9886e-09 -1.26721e-08)
(0.00222108 -3.72898e-09 6.03444e-09)
(0.00221961 1.82299e-09 -2.73573e-09)
(0.00222029 -8.4151e-10 1.36369e-09)
(0.00222 5.06899e-10 -6.70257e-10)
(0.00222012 -3.16688e-10 4.62973e-10)
(0.00222008 2.82033e-10 -3.2645e-10)
(0.0022201 -2.49713e-10 3.4726e-10)
(0.0022201 2.54235e-10 -3.09417e-10)
(0.0022201 -2.48255e-10 3.07869e-10)
(0.0022201 2.39779e-10 -2.996e-10)
(0.0022201 -2.42986e-10 2.94932e-10)
(0.00222009 2.32919e-10 -2.9003e-10)
(0.0022201 -1.91245e-10 2.38865e-10)
(0.00222008 1.84973e-10 -2.62264e-10)
(0.00222011 -1.89382e-10 2.09944e-10)
(0.00222008 1.95988e-10 -2.58585e-10)
(0.0022201 -1.88135e-10 2.12318e-10)
(0.00222009 2.05547e-10 -2.51544e-10)
(0.0022201 -1.95052e-10 2.44752e-10)
(0.00131065 -2.04268e-05 2.04265e-05)
(0.00195788 -1.5056e-06 1.50576e-06)
(0.00163113 7.4851e-07 -7.48927e-07)
(0.00179573 -3.77431e-07 3.77718e-07)
(0.0017128 1.89516e-07 -1.89939e-07)
(0.00175453 -9.47639e-08 9.52643e-08)
(0.0017336 4.68665e-08 -4.73448e-08)
(0.00174403 -2.27231e-08 2.32693e-08)
(0.00173891 1.08287e-08 -1.11393e-08)
(0.00174139 -5.06519e-09 5.29583e-09)
(0.00174022 2.39324e-09 -2.42673e-09)
(0.00174076 -1.11521e-09 1.19885e-09)
(0.00174053 6.46107e-10 -6.0088e-10)
(0.00174063 -4.27577e-10 4.06259e-10)
(0.0017406 3.77053e-10 -2.92633e-10)
(0.00174061 -3.44751e-10 3.02279e-10)
(0.00174061 3.47803e-10 -2.73934e-10)
(0.00174061 -3.40125e-10 2.71617e-10)
(0.00174061 3.29943e-10 -2.64903e-10)
(0.00174061 -3.33487e-10 2.61015e-10)
(0.0017406 3.199e-10 -2.5583e-10)
(0.00174061 -3.18702e-10 2.13645e-10)
(0.0017406 3.18325e-10 -2.27409e-10)
(0.00174061 -2.47818e-10 1.90748e-10)
(0.0017406 2.72531e-10 -2.24203e-10)
(0.00174061 -2.53797e-10 1.90359e-10)
(0.0017406 2.86588e-10 -2.18656e-10)
(0.00174061 -2.67632e-10 2.19168e-10)
(0.000611492 -1.0624e-05 1.23254e-05)
(0.000912983 -9.96528e-07 8.44792e-07)
(0.000760309 4.97982e-07 -4.20291e-07)
(0.000837135 -2.49966e-07 2.11879e-07)
(0.000798426 1.24907e-07 -1.06469e-07)
(0.000817909 -6.19367e-08 5.33691e-08)
(0.000808131 3.04564e-08 -2.65154e-08)
(0.000813008 -1.47255e-08 1.30429e-08)
(0.00081061 7.11487e-09 -6.25765e-09)
(0.000811769 -3.37144e-09 2.98947e-09)
(0.000811226 1.69879e-09 -1.38706e-09)
(0.000811475 -8.64708e-10 6.95428e-10)
(0.00081137 5.64365e-10 -3.56194e-10)
(0.000811413 -4.11587e-10 2.43359e-10)
(0.000811399 3.94582e-10 -1.77947e-10)
(0.000811404 -3.45715e-10 1.80195e-10)
(0.000811404 3.62449e-10 -1.63928e-10)
(0.000811404 -3.58441e-10 1.63066e-10)
(0.000811404 3.58165e-10 -1.59428e-10)
(0.000811405 -3.52077e-10 1.56717e-10)
(0.000811402 3.48662e-10 -1.54955e-10)
(0.000811405 -3.60428e-10 1.29133e-10)
(0.000811399 3.10528e-10 -1.34127e-10)
(0.000811408 -3.01093e-10 1.18162e-10)
(0.000811401 2.29669e-10 -1.30169e-10)
(0.000811406 -2.38018e-10 1.10896e-10)
(0.000811402 2.03401e-10 -1.21776e-10)
(0.000811405 -1.90334e-10 1.17997e-10)
(0.000750664 1.03574e-05 7.83284e-06)
(0.00112116 1.08817e-06 6.06671e-07)
(0.000933893 -5.44182e-07 -3.02015e-07)
(0.0010282 2.7324e-07 1.52526e-07)
(0.000980688 -1.36674e-07 -7.69092e-08)
(0.0010046 6.79374e-08 3.87616e-08)
(0.000992608 -3.35182e-08 -1.94085e-08)
(0.00099858 1.63323e-08 9.7461e-09)
(0.000995652 -7.89972e-09 -4.70071e-09)
(0.000997063 3.7982e-09 2.30175e-09)
(0.000996405 -1.8701e-09 -1.01107e-09)
(0.000996706 9.97743e-10 5.15214e-10)
(0.000996581 -6.00753e-10 -2.08017e-10)
(0.000996631 4.48134e-10 1.33004e-10)
(0.000996615 -3.92665e-10 -5.77608e-11)
(0.000996621 3.73281e-10 6.91437e-11)
(0.000996622 -3.73886e-10 -4.31262e-11)
(0.000996621 3.72546e-10 4.32864e-11)
(0.000996621 -3.73673e-10 -4.12105e-11)
(0.000996623 3.63909e-10 3.87846e-11)
(0.000996619 -3.59665e-10 -4.20233e-11)
(0.000996623 3.40413e-10 2.9835e-11)
(0.000996614 -3.03691e-10 -4.76543e-11)
(0.000996626 2.99722e-10 2.2682e-11)
(0.000996616 -2.41598e-10 -5.04612e-11)
(0.000996623 2.3192e-10 2.81426e-11)
(0.000996618 -1.93037e-10 -4.40359e-11)
(0.000996622 1.90002e-10 4.49693e-11)
(0.0016709 2.23256e-05 1.38062e-05)
(0.00249686 1.71606e-06 1.10657e-06)
(0.00208054 -8.53461e-07 -5.49933e-07)
(0.00229036 4.30547e-07 2.77455e-07)
(0.00218466 -2.16603e-07 -1.39792e-07)
(0.00223782 1.0856e-07 7.03845e-08)
(0.00221118 -5.39141e-08 -3.52623e-08)
(0.00222444 2.66773e-08 1.7698e-08)
(0.00221794 -1.27593e-08 -8.6001e-09)
(0.00222108 6.12495e-09 4.222e-09)
(0.00221961 -2.74734e-09 -1.90398e-09)
(0.00222029 1.36969e-09 9.88089e-10)
(0.00222 -6.49709e-10 -4.22895e-10)
(0.00222012 4.55697e-10 2.72048e-10)
(0.00222008 -3.13901e-10 -1.3588e-10)
(0.0022201 3.13986e-10 1.51515e-10)
(0.0022201 -2.76694e-10 -1.08062e-10)
(0.0022201 2.73009e-10 1.08188e-10)
(0.0022201 -2.67073e-10 -1.0564e-10)
(0.0022201 2.61427e-10 9.94339e-11)
(0.00222009 -2.62994e-10 -1.04368e-10)
(0.0022201 2.93113e-10 6.96068e-11)
(0.00222008 -3.13312e-10 -8.87399e-11)
(0.00222011 1.8817e-10 7.46654e-11)
(0.00222008 -2.33579e-10 -9.92338e-11)
(0.0022201 1.90268e-10 6.85751e-11)
(0.00222009 -2.2903e-10 -7.73639e-11)
(0.0022201 2.24747e-10 7.67865e-11)
(0.00216323 1.54938e-05 1.54941e-05)
(0.00323355 1.28114e-06 1.28116e-06)
(0.00269483 -6.3668e-07 -6.3676e-07)
(0.00296642 3.21476e-07 3.21342e-07)
(0.00282961 -1.62117e-07 -1.62011e-07)
(0.00289841 8.15055e-08 8.16864e-08)
(0.00286396 -4.07694e-08 -4.09447e-08)
(0.00288109 2.06288e-08 2.05707e-08)
(0.00287272 -1.00238e-08 -9.95575e-09)
(0.00287674 4.96567e-09 4.87951e-09)
(0.00287488 -2.18606e-09 -2.16713e-09)
(0.00287573 1.1298e-09 1.12195e-09)
(0.00287537 -4.45338e-10 -4.57468e-10)
(0.00287552 2.90623e-10 2.93212e-10)
(0.00287547 -1.23088e-10 -1.24671e-10)
(0.00287549 1.2872e-10 1.56438e-10)
(0.00287549 -7.67948e-11 -9.78809e-11)
(0.00287549 7.35371e-11 9.93066e-11)
(0.00287549 -7.34498e-11 -9.49158e-11)
(0.0028755 6.47157e-11 8.84443e-11)
(0.00287548 -7.69498e-11 -9.44289e-11)
(0.0028755 1.313e-10 4.22338e-11)
(0.00287547 -1.58583e-10 -7.78447e-11)
(0.00287551 4.30443e-11 5.57855e-11)
(0.00287547 -8.67381e-11 -1.07675e-10)
(0.0028755 4.56387e-11 6.02482e-11)
(0.00287547 -6.43482e-11 -8.55851e-11)
(0.00287549 7.64555e-11 8.94347e-11)
(0.00231763 -3.29376e-10 1.58042e-05)
(0.00346471 3.23944e-11 1.32224e-06)
(0.00288763 -3.22501e-10 -6.5727e-07)
(0.00317859 4.51387e-10 3.31736e-07)
(0.00303202 -6.06643e-10 -1.67283e-07)
(0.00310572 4.15549e-10 8.44015e-08)
(0.00306883 -3.88566e-10 -4.23064e-08)
(0.00308715 7.15591e-10 2.12217e-08)
(0.00307821 -4.34566e-10 -1.02542e-08)
(0.00308251 3.61511e-10 5.00165e-09)
(0.00308051 -5.72792e-11 -2.22075e-09)
(0.00308142 9.17827e-11 1.14123e-09)
(0.00308105 6.60048e-11 -4.63107e-10)
(0.0030812 -3.45676e-11 2.93988e-10)
(0.00308115 9.81602e-11 -1.20436e-10)
(0.00308117 -8.41905e-11 1.57587e-10)
(0.00308118 1.10774e-10 -9.70471e-11)
(0.00308117 -1.10633e-10 9.82272e-11)
(0.00308117 1.0328e-10 -9.34174e-11)
(0.00308118 -1.11822e-10 8.66515e-11)
(0.00308116 9.50931e-11 -9.12377e-11)
(0.00308118 -2.49547e-11 2.61748e-11)
(0.00308115 1.44686e-11 -6.7099e-11)
(0.00308119 -8.21008e-11 5.0096e-11)
(0.00308115 7.66419e-11 -1.12514e-10)
(0.00308118 -8.69504e-11 6.12846e-11)
(0.00308115 9.52542e-11 -9.35074e-11)
(0.00308117 -8.539e-11 9.97381e-11)
(0.00216323 -1.54944e-05 1.54942e-05)
(0.00323355 -1.28102e-06 1.28118e-06)
(0.00269483 6.36007e-07 -6.3671e-07)
(0.00296642 -3.20663e-07 3.21241e-07)
(0.00282961 1.61019e-07 -1.61863e-07)
(0.00289841 -8.0668e-08 8.15902e-08)
(0.00286396 3.99952e-08 -4.08367e-08)
(0.00288109 -1.93264e-08 2.03941e-08)
(0.00287272 9.24699e-09 -9.85039e-09)
(0.00287674 -4.3244e-09 4.77132e-09)
(0.00287488 2.09136e-09 -2.14732e-09)
(0.00287573 -9.61629e-10 1.09781e-09)
(0.00287537 5.68789e-10 -4.71566e-10)
(0.00287552 -3.52941e-10 3.03469e-10)
(0.00287548 3.08157e-10 -1.4836e-10)
(0.00287549 -2.77102e-10 1.79126e-10)
(0.00287549 2.78149e-10 -1.27611e-10)
(0.00287549 -2.72783e-10 1.26744e-10)
(0.00287549 2.60211e-10 -1.23895e-10)
(0.0028755 -2.66728e-10 1.15596e-10)
(0.00287548 2.51105e-10 -1.22334e-10)
(0.0028755 -2.06359e-10 4.77138e-11)
(0.00287547 2.07794e-10 -7.96677e-11)
(0.00287551 -1.97478e-10 8.04442e-11)
(0.00287547 2.21749e-10 -1.2661e-10)
(0.0028755 -2.0587e-10 8.27525e-11)
(0.00287547 2.3577e-10 -1.09657e-10)
(0.00287549 -2.25711e-10 1.14319e-10)
(0.0016709 -2.2326e-05 1.38062e-05)
(0.00249686 -1.71595e-06 1.10659e-06)
(0.00208053 8.52937e-07 -5.49856e-07)
(0.00229036 -4.3002e-07 2.77311e-07)
(0.00218466 2.15889e-07 -1.39585e-07)
(0.00223782 -1.0792e-07 7.02428e-08)
(0.00221118 5.33415e-08 -3.51003e-08)
(0.00222444 -2.5834e-08 1.74486e-08)
(0.00221794 1.22835e-08 -8.4464e-09)
(0.00222108 -5.74025e-09 4.06945e-09)
(0.00221961 2.70796e-09 -1.87314e-09)
(0.00222029 -1.26892e-09 9.53689e-10)
(0.00222 7.41914e-10 -4.38681e-10)
(0.00222012 -5.03845e-10 2.85146e-10)
(0.00222008 4.50169e-10 -1.65496e-10)
(0.0022201 -4.12645e-10 1.80826e-10)
(0.0022201 4.16464e-10 -1.45851e-10)
(0.0022201 -4.09007e-10 1.44009e-10)
(0.0022201 3.96419e-10 -1.41696e-10)
(0.0022201 -4.00813e-10 1.34265e-10)
(0.00222009 3.84913e-10 -1.3585e-10)
(0.0022201 -3.91479e-10 7.39202e-11)
(0.00222008 3.88478e-10 -9.04924e-11)
(0.00222011 -2.98951e-10 1.00674e-10)
(0.00222008 3.22165e-10 -1.26906e-10)
(0.0022201 -3.02144e-10 9.76406e-11)
(0.00222009 3.39445e-10 -1.10001e-10)
(0.0022201 -3.10487e-10 1.12308e-10)
(0.000750663 -1.03573e-05 7.83281e-06)
(0.00112116 -1.08805e-06 6.06637e-07)
(0.000933893 5.43955e-07 -3.01913e-07)
(0.0010282 -2.73128e-07 1.52387e-07)
(0.000980688 1.36483e-07 -7.67338e-08)
(0.0010046 -6.76796e-08 3.86316e-08)
(0.000992608 3.32627e-08 -1.92826e-08)
(0.00099858 -1.60697e-08 9.55945e-09)
(0.000995652 7.74353e-09 -4.59411e-09)
(0.000997063 -3.67245e-09 2.20048e-09)
(0.000996405 1.83636e-09 -9.97188e-10)
(0.000996706 -9.38607e-10 4.97714e-10)
(0.000996581 6.06959e-10 -2.26323e-10)
(0.000996631 -4.42741e-10 1.45922e-10)
(0.000996615 4.18834e-10 -8.28038e-11)
(0.000996621 -3.76051e-10 9.49316e-11)
(0.000996622 3.91468e-10 -7.46375e-11)
(0.000996621 -3.87369e-10 7.40248e-11)
(0.000996621 3.86605e-10 -7.16934e-11)
(0.000996623 -3.79904e-10 6.90129e-11)
(0.000996619 3.7301e-10 -7.053e-11)
(0.000996623 -3.69258e-10 3.79936e-11)
(0.000996614 3.2232e-10 -5.22346e-11)
(0.000996626 -3.1492e-10 4.78598e-11)
(0.000996616 2.52299e-10 -7.09296e-11)
(0.000996623 -2.51557e-10 5.13842e-11)
(0.000996618 2.19929e-10 -6.78042e-11)
(0.000996622 -2.15177e-10 6.93138e-11)
(0.000792373 1.01202e-05 -9.02871e-11)
(0.0011836 1.09727e-06 7.53899e-11)
(0.000985968 -5.48981e-07 -1.99267e-10)
(0.00108552 2.75802e-07 1.5557e-10)
(0.00103536 -1.38031e-07 -2.19445e-10)
(0.0010606 6.86662e-08 2.51766e-10)
(0.00104795 -3.38864e-08 -2.38265e-10)
(0.00105425 1.65179e-08 2.68834e-10)
(0.00105116 -7.9687e-09 -1.54408e-10)
(0.00105265 3.8282e-09 1.16878e-10)
(0.00105195 -1.86566e-09 -1.7415e-11)
(0.00105227 9.89014e-10 3.32144e-11)
(0.00105214 -5.86271e-10 2.19797e-11)
(0.00105219 4.36753e-10 -1.32097e-11)
(0.00105218 -3.76372e-10 3.73806e-11)
(0.00105218 3.61563e-10 -2.45195e-11)
(0.00105218 -3.58134e-10 3.59706e-11)
(0.00105218 3.57977e-10 -3.48797e-11)
(0.00105218 -3.57363e-10 3.29171e-11)
(0.00105218 3.49167e-10 -3.58459e-11)
(0.00105218 -3.4336e-10 3.16812e-11)
(0.00105218 3.29356e-10 -4.47143e-11)
(0.00105217 -2.99461e-10 3.74073e-11)
(0.00105219 2.80847e-10 -2.83287e-11)
(0.00105218 -2.37244e-10 2.3151e-11)
(0.00105218 2.20637e-10 -2.88501e-11)
(0.00105218 -1.91821e-10 3.12755e-11)
(0.00105218 1.9425e-10 -3.03892e-11)
(0.00178212 2.26184e-05 -1.65465e-10)
(0.00266335 1.76315e-06 1.3055e-10)
(0.00221939 -8.76975e-07 -3.85206e-10)
(0.00244317 4.42474e-07 2.86634e-10)
(0.00233044 -2.22671e-07 -4.17476e-10)
(0.00238714 1.11664e-07 4.95428e-10)
(0.00235874 -5.54803e-08 -4.72343e-10)
(0.00237287 2.74706e-08 5.27603e-10)
(0.00236595 -1.31313e-08 -3.04638e-10)
(0.00236928 6.29823e-09 2.27431e-10)
(0.00236773 -2.81856e-09 -3.42388e-11)
(0.00236844 1.40197e-09 7.02239e-11)
(0.00236815 -6.57189e-10 4.26124e-11)
(0.00236827 4.57107e-10 -2.35224e-11)
(0.00236823 -3.08216e-10 7.56776e-11)
(0.00236824 3.13543e-10 -4.59151e-11)
(0.00236825 -2.72864e-10 7.1336e-11)
(0.00236824 2.68475e-10 -6.8496e-11)
(0.00236824 -2.62419e-10 6.5142e-11)
(0.00236825 2.56267e-10 -7.0819e-11)
(0.00236824 -2.60409e-10 6.26871e-11)
(0.00236825 2.82357e-10 -9.27906e-11)
(0.00236823 -3.06891e-10 7.74361e-11)
(0.00236825 1.84878e-10 -5.64252e-11)
(0.00236823 -2.354e-10 4.6153e-11)
(0.00236825 1.90396e-10 -5.85291e-11)
(0.00236823 -2.33934e-10 6.11444e-11)
(0.00236824 2.26842e-10 -5.93273e-11)
(0.00231763 1.5804e-05 -2.23411e-10)
(0.00346471 1.32226e-06 1.2357e-10)
(0.00288763 -6.57215e-07 -4.39559e-10)
(0.00317859 3.31902e-07 3.00952e-10)
(0.00303202 -1.67411e-07 -4.6194e-10)
(0.00310572 8.42122e-08 5.89951e-10)
(0.00306883 -4.21209e-08 -5.53453e-10)
(0.00308715 2.1287e-08 6.09717e-10)
(0.00307821 -1.03283e-08 -3.44474e-10)
(0.00308251 5.09566e-09 2.47999e-10)
(0.00308051 -2.24141e-09 -3.37416e-11)
(0.00308142 1.15014e-09 8.0669e-11)
(0.00308105 -4.50509e-10 5.04796e-11)
(0.0030812 2.90994e-10 -2.5512e-11)
(0.00308115 -1.18438e-10 8.79325e-11)
(0.00308117 1.28251e-10 -4.95802e-11)
(0.00308118 -7.4647e-11 7.99614e-11)
(0.00308117 7.06211e-11 -7.63822e-11)
(0.00308117 -7.0648e-11 7.21781e-11)
(0.00308118 6.12515e-11 -7.97965e-11)
(0.00308116 -7.38159e-11 7.0738e-11)
(0.00308118 1.21771e-10 -1.1465e-10)
(0.00308115 -1.53497e-10 9.51743e-11)
(0.00308119 3.77676e-11 -6.49212e-11)
(0.00308115 -9.001e-11 4.98066e-11)
(0.00308118 4.55659e-11 -6.67063e-11)
(0.00308115 -7.0692e-11 6.91843e-11)
(0.00308117 8.60567e-11 -6.61082e-11)
(0.00248641 -2.52261e-10 -2.18468e-10)
(0.00371742 1.63813e-11 2.01672e-10)
(0.0030984 -3.01172e-10 -4.93343e-10)
(0.00341053 4.12416e-10 3.01197e-10)
(0.0032533 -5.55289e-10 -4.34965e-10)
(0.00333235 3.87636e-10 5.92725e-10)
(0.00329279 -3.50623e-10 -5.36029e-10)
(0.00331244 6.62036e-10 5.58031e-10)
(0.00330286 -4.0225e-10 -3.0693e-10)
(0.00330745 3.21334e-10 2.02629e-10)
(0.00330533 -4.77084e-11 -2.10146e-11)
(0.0033063 8.31932e-11 7.06514e-11)
(0.0033059 6.30883e-11 4.74927e-11)
(0.00330606 -3.09769e-11 -2.2047e-11)
(0.00330601 9.14157e-11 8.19669e-11)
(0.00330603 -7.65479e-11 -4.00561e-11)
(0.00330603 1.00911e-10 6.97854e-11)
(0.00330603 -1.02194e-10 -6.70761e-11)
(0.00330603 9.30506e-11 6.16551e-11)
(0.00330604 -1.03398e-10 -7.06761e-11)
(0.00330602 8.44903e-11 5.88828e-11)
(0.00330604 -2.48485e-11 -1.18077e-10)
(0.003306 1.54098e-11 9.86805e-11)
(0.00330605 -7.30496e-11 -5.53122e-11)
(0.003306 7.05796e-11 4.24423e-11)
(0.00330603 -8.00384e-11 -5.98483e-11)
(0.00330601 8.74366e-11 5.97326e-11)
(0.00330602 -7.6452e-11 -5.57866e-11)
(0.00231763 -1.58044e-05 -1.52117e-10)
(0.00346471 -1.3222e-06 2.34294e-10)
(0.00288763 6.56627e-07 -4.27635e-10)
(0.00317859 -3.31193e-07 2.08542e-10)
(0.00303202 1.66428e-07 -3.02021e-10)
(0.00310572 -8.34596e-08 4.69447e-10)
(0.00306883 4.14349e-08 -4.15148e-10)
(0.00308715 -2.009e-08 3.99495e-10)
(0.00307821 9.60654e-09 -2.25057e-10)
(0.00308251 -4.51981e-09 1.22834e-10)
(0.00308051 2.15234e-09 -1.52995e-11)
(0.00308142 -9.85666e-10 6.03419e-11)
(0.00308105 5.62774e-10 3.20309e-11)
(0.0030812 -3.41549e-10 -8.21971e-12)
(0.00308115 2.87586e-10 5.77904e-11)
(0.00308117 -2.57876e-10 -1.91095e-11)
(0.00308118 2.52857e-10 4.13116e-11)
(0.00308117 -2.48845e-10 -3.99567e-11)
(0.00308117 2.34651e-10 3.48873e-11)
(0.00308118 -2.43397e-10 -4.43535e-11)
(0.00308116 2.2907e-10 3.91989e-11)
(0.00308118 -1.92112e-10 -1.03939e-10)
(0.00308115 1.99822e-10 8.72258e-11)
(0.00308119 -1.76212e-10 -3.89517e-11)
(0.00308115 2.09366e-10 2.31515e-11)
(0.00308118 -1.897e-10 -3.8788e-11)
(0.00308115 2.28958e-10 4.12841e-11)
(0.00308117 -2.19181e-10 -3.59217e-11)
(0.00178212 -2.26188e-05 -9.75493e-11)
(0.00266335 -1.76306e-06 1.25394e-10)
(0.00221939 8.76499e-07 -2.49685e-10)
(0.00244317 -4.42003e-07 8.40876e-11)
(0.00233044 2.22014e-07 -1.25572e-10)
(0.00238714 -1.11073e-07 2.64094e-10)
(0.00235874 5.49583e-08 -2.10016e-10)
(0.00237287 -2.66744e-08 1.88064e-10)
(0.00236595 1.26804e-08 -9.74855e-11)
(0.00236928 -5.94096e-09 2.04275e-11)
(0.00236773 2.77833e-09 9.85256e-12)
(0.00236844 -1.2973e-09 2.3735e-11)
(0.00236815 7.41374e-10 1.97555e-11)
(0.00236827 -4.97e-10 -3.05667e-12)
(0.00236823 4.35277e-10 3.27214e-11)
(0.00236824 -3.99469e-10 -2.86785e-12)
(0.00236825 3.98019e-10 1.79935e-11)
(0.00236824 -3.90699e-10 -1.71773e-11)
(0.00236824 3.77317e-10 1.31061e-11)
(0.00236825 -3.82604e-10 -2.0397e-11)
(0.00236824 3.70282e-10 1.28077e-11)
(0.00236825 -3.74546e-10 -6.65795e-11)
(0.00236823 3.76449e-10 5.66336e-11)
(0.00236825 -2.8585e-10 -1.46738e-11)
(0.00236823 3.13472e-10 8.08418e-12)
(0.00236825 -2.9267e-10 -1.89698e-11)
(0.00236823 3.37132e-10 1.614e-11)
(0.00236824 -3.05034e-10 -1.18046e-11)
(0.000792373 -1.01203e-05 -9.11689e-12)
(0.0011836 -1.09718e-06 3.31361e-11)
(0.000985967 5.48783e-07 -6.86273e-11)
(0.00108552 -2.75705e-07 -2.66662e-12)
(0.00103536 1.37857e-07 -1.67079e-11)
(0.0010606 -6.84345e-08 7.90441e-11)
(0.00104795 3.36624e-08 -6.42511e-11)
(0.00105425 -1.62784e-08 5.34963e-11)
(0.00105116 7.831e-09 -3.30015e-11)
(0.00105265 -3.7175e-09 4.43409e-14)
(0.00105195 1.83786e-09 -3.51003e-13)
(0.00105227 -9.3618e-10 1.48566e-11)
(0.00105214 5.94961e-10 2.19067e-12)
(0.00105219 -4.32122e-10 5.61501e-12)
(0.00105218 4.03142e-10 6.15617e-12)
(0.00105218 -3.65521e-10 5.65973e-12)
(0.00105218 3.78482e-10 -5.67572e-13)
(0.00105218 -3.73674e-10 9.30807e-13)
(0.00105218 3.73787e-10 -2.36578e-12)
(0.00105218 -3.66684e-10 -9.10384e-13)
(0.00105218 3.61454e-10 -4.00179e-13)
(0.00105218 -3.53341e-10 -2.14352e-11)
(0.00105217 3.12669e-10 1.83742e-11)
(0.00105219 -3.00782e-10 -1.09002e-12)
(0.00105218 2.46497e-10 -1.74919e-12)
(0.00105218 -2.40683e-10 -2.70884e-12)
(0.00105218 2.16567e-10 4.00256e-12)
(0.00105218 -2.17146e-10 -2.17793e-12)
(0.000750664 1.03572e-05 -7.83291e-06)
(0.00112116 1.08816e-06 -6.06513e-07)
(0.000933893 -5.44178e-07 3.01618e-07)
(0.0010282 2.73239e-07 -1.52217e-07)
(0.000980688 -1.36673e-07 7.64873e-08)
(0.0010046 6.7937e-08 -3.82824e-08)
(0.000992608 -3.35063e-08 1.89658e-08)
(0.00099858 1.63249e-08 -9.24397e-09)
(0.000995652 -7.88687e-09 4.42169e-09)
(0.000997063 3.78618e-09 -2.08728e-09)
(0.000996405 -1.86381e-09 9.86696e-10)
(0.000996706 9.91131e-10 -4.58063e-10)
(0.000996581 -5.98016e-10 2.54614e-10)
(0.000996631 4.45394e-10 -1.61051e-10)
(0.000996615 -3.9116e-10 1.33073e-10)
(0.000996621 3.71219e-10 -1.18119e-10)
(0.000996622 -3.71488e-10 1.15432e-10)
(0.000996621 3.70391e-10 -1.12991e-10)
(0.000996621 -3.70695e-10 1.07743e-10)
(0.000996623 3.61316e-10 -1.10254e-10)
(0.000996619 -3.57259e-10 1.05709e-10)
(0.000996623 3.36951e-10 -1.15738e-10)
(0.000996614 -3.00555e-10 1.17425e-10)
(0.000996626 2.98129e-10 -8.14829e-11)
(0.000996616 -2.41414e-10 9.46583e-11)
(0.000996623 2.31528e-10 -8.60586e-11)
(0.000996618 -1.95224e-10 1.02813e-10)
(0.000996622 1.91418e-10 -9.95802e-11)
(0.0016709 2.23257e-05 -1.38065e-05)
(0.00249686 1.71604e-06 -1.10633e-06)
(0.00208053 -8.53399e-07 5.49232e-07)
(0.00229036 4.30475e-07 -2.76938e-07)
(0.00218466 -2.16518e-07 1.39028e-07)
(0.00223782 1.08493e-07 -6.94799e-08)
(0.00221118 -5.38565e-08 3.43973e-08)
(0.00222444 2.65918e-08 -1.67229e-08)
(0.00221794 -1.27164e-08 8.03761e-09)
(0.00222108 6.08065e-09 -3.79786e-09)
(0.00221961 -2.74672e-09 1.83678e-09)
(0.00222029 1.36546e-09 -8.51445e-10)
(0.00222 -6.61806e-10 4.99314e-10)
(0.00222012 4.64789e-10 -3.12144e-10)
(0.00222008 -3.29682e-10 2.74607e-10)
(0.0022201 3.28658e-10 -2.3251e-10)
(0.0022201 -2.95422e-10 2.36921e-10)
(0.0022201 2.9128e-10 -2.3068e-10)
(0.0022201 -2.85567e-10 2.22451e-10)
(0.0022201 2.79554e-10 -2.26578e-10)
(0.00222009 -2.79375e-10 2.18136e-10)
(0.0022201 3.04132e-10 -2.37613e-10)
(0.00222008 -3.20792e-10 2.28449e-10)
(0.00222011 2.03482e-10 -1.77514e-10)
(0.00222008 -2.44813e-10 1.82396e-10)
(0.0022201 2.04013e-10 -1.75425e-10)
(0.00222009 -2.40004e-10 1.90697e-10)
(0.0022201 2.3589e-10 -1.84311e-10)
(0.00216323 1.5494e-05 -1.54946e-05)
(0.00323355 1.28109e-06 -1.28083e-06)
(0.00269483 -6.36584e-07 6.35852e-07)
(0.00296642 3.21356e-07 -3.20714e-07)
(0.00282961 -1.61964e-07 1.61099e-07)
(0.00289841 8.1395e-08 -8.05566e-08)
(0.00286396 -4.06536e-08 3.99018e-08)
(0.00288109 2.04604e-08 -1.94175e-08)
(0.00287272 -9.92468e-09 9.31847e-09)
(0.00287674 4.86547e-09 -4.41241e-09)
(0.00287488 -2.16979e-09 2.11128e-09)
(0.00287573 1.10852e-09 -9.72599e-10)
(0.00287537 -4.61158e-10 5.57688e-10)
(0.00287552 3.02863e-10 -3.45272e-10)
(0.00287548 -1.48812e-10 2.9792e-10)
(0.00287549 1.51904e-10 -2.51543e-10)
(0.00287549 -1.06692e-10 2.53929e-10)
(0.00287549 1.01644e-10 -2.47044e-10)
(0.00287549 -1.02759e-10 2.35956e-10)
(0.0028755 9.28003e-11 -2.4256e-10)
(0.00287548 -1.06351e-10 2.30946e-10)
(0.0028755 1.47013e-10 -2.62805e-10)
(0.00287547 -1.69474e-10 2.59156e-10)
(0.00287551 6.97602e-11 -1.83018e-10)
(0.00287547 -1.0525e-10 2.0194e-10)
(0.0028755 6.81303e-11 -1.9011e-10)
(0.00287547 -8.80177e-11 2.15713e-10)
(0.00287549 9.95831e-11 -2.09617e-10)
(0.00231763 -1.05175e-10 -1.58046e-05)
(0.00346471 -2.65318e-11 -1.32188e-06)
(0.00288763 -1.74429e-10 6.56373e-07)
(0.00317859 2.62863e-10 -3.31193e-07)
(0.00303202 -3.83399e-10 1.66482e-07)
(0.00310572 2.51467e-10 -8.33185e-08)
(0.00306883 -2.28351e-10 4.13253e-08)
(0.00308715 4.92898e-10 -2.01849e-08)
(0.00307821 -3.16333e-10 9.68779e-09)
(0.00308251 2.37552e-10 -4.61632e-09)
(0.00308051 -4.56953e-11 2.17822e-09)
(0.00308142 7.74525e-11 -1.0008e-09)
(0.00308105 4.19768e-11 5.53409e-10)
(0.0030812 -1.22621e-11 -3.34587e-10)
(0.00308115 6.23015e-11 2.78345e-10)
(0.00308117 -4.93176e-11 -2.3186e-10)
(0.00308118 6.65077e-11 2.29291e-10)
(0.00308117 -6.89771e-11 -2.22707e-10)
(0.00308117 6.03676e-11 2.10908e-10)
(0.00308118 -7.11384e-11 -2.18943e-10)
(0.00308116 5.85348e-11 2.09851e-10)
(0.00308118 -8.59068e-12 -2.5177e-10)
(0.00308115 2.488e-12 2.53003e-10)
(0.00308119 -5.07972e-11 -1.63762e-10)
(0.00308115 4.76683e-11 1.88529e-10)
(0.00308118 -5.52499e-11 -1.74927e-10)
(0.00308115 6.65167e-11 2.07357e-10)
(0.00308117 -5.56649e-11 -2.01077e-10)
(0.00216323 -1.54942e-05 -1.54944e-05)
(0.00323355 -1.28109e-06 -1.28084e-06)
(0.00269483 6.36164e-07 6.35956e-07)
(0.00296642 -3.20847e-07 -3.20869e-07)
(0.00282961 1.6125e-07 1.61313e-07)
(0.00289841 -8.08582e-08 -8.07285e-08)
(0.00286397 4.01974e-08 4.00939e-08)
(0.00288109 -1.95675e-08 -1.96567e-08)
(0.00287272 9.38476e-09 9.4611e-09)
(0.00287674 -4.46444e-09 -4.55574e-09)
(0.00287488 2.11603e-09 2.13966e-09)
(0.00287573 -9.86483e-10 -9.99978e-10)
(0.00287537 5.50672e-10 5.40456e-10)
(0.00287552 -3.34834e-10 -3.27246e-10)
(0.00287548 2.76814e-10 2.66684e-10)
(0.00287549 -2.44537e-10 -2.18764e-10)
(0.00287549 2.3858e-10 2.15202e-10)
(0.00287549 -2.34339e-10 -2.08789e-10)
(0.00287549 2.21755e-10 1.98178e-10)
(0.0028755 -2.29268e-10 -2.05317e-10)
(0.00287548 2.16627e-10 1.96156e-10)
(0.0028755 -1.84159e-10 -2.39877e-10)
(0.00287547 1.88641e-10 2.38999e-10)
(0.00287551 -1.69593e-10 -1.55065e-10)
(0.00287547 1.92747e-10 1.72894e-10)
(0.0028755 -1.77426e-10 -1.62485e-10)
(0.00287547 2.05465e-10 1.84622e-10)
(0.00287549 -1.92981e-10 -1.76107e-10)
(0.0016709 -2.23259e-05 -1.38064e-05)
(0.00249686 -1.71599e-06 -1.10636e-06)
(0.00208053 8.53032e-07 5.49371e-07)
(0.00229036 -4.30124e-07 -2.77129e-07)
(0.00218466 2.1601e-07 1.3929e-07)
(0.00223782 -1.08029e-07 -6.96961e-08)
(0.00221118 5.34533e-08 3.46416e-08)
(0.00222444 -2.59545e-08 -1.70198e-08)
(0.00221794 1.23523e-08 8.21963e-09)
(0.00222108 -5.80246e-09 -3.97885e-09)
(0.00221961 2.71342e-09 1.8739e-09)
(0.00222029 -1.27319e-09 -8.88409e-10)
(0.00222 7.26994e-10 4.77815e-10)
(0.00222012 -4.883e-10 -2.91985e-10)
(0.00222008 4.27815e-10 2.3613e-10)
(0.0022201 -3.8982e-10 -1.92379e-10)
(0.0022201 3.89649e-10 1.89638e-10)
(0.0022201 -3.82386e-10 -1.83607e-10)
(0.0022201 3.70258e-10 1.76444e-10)
(0.0022201 -3.74503e-10 -1.80937e-10)
(0.00222009 3.61436e-10 1.74343e-10)
(0.0022201 -3.6775e-10 -2.10565e-10)
(0.00222008 3.66593e-10 2.06683e-10)
(0.00222011 -2.80086e-10 -1.40293e-10)
(0.00222008 3.02804e-10 1.47144e-10)
(0.0022201 -2.83988e-10 -1.39547e-10)
(0.00222009 3.22093e-10 1.50323e-10)
(0.0022201 -2.9338e-10 -1.43327e-10)
(0.000750663 -1.03575e-05 -7.83296e-06)
(0.00112116 -1.08806e-06 -6.06562e-07)
(0.000933893 5.43917e-07 3.0172e-07)
(0.0010282 -2.73066e-07 -1.52332e-07)
(0.000980688 1.36434e-07 7.66323e-08)
(0.0010046 -6.76492e-08 -3.841e-08)
(0.000992608 3.32574e-08 1.91009e-08)
(0.00099858 -1.60525e-08 -9.3936e-09)
(0.000995652 7.75693e-09 4.51002e-09)
(0.000997063 -3.67899e-09 -2.17181e-09)
(0.000996405 1.85932e-09 1.00188e-09)
(0.000996706 -9.63132e-10 -4.71261e-10)
(0.000996581 6.25493e-10 2.42957e-10)
(0.000996631 -4.6391e-10 -1.47553e-10)
(0.000996615 4.40518e-10 1.12721e-10)
(0.000996621 -3.94858e-10 -9.70276e-11)
(0.000996622 4.15555e-10 9.11028e-11)
(0.000996621 -4.09311e-10 -8.8616e-11)
(0.000996621 4.10601e-10 8.4134e-11)
(0.000996623 -4.01598e-10 -8.66866e-11)
(0.000996619 3.90848e-10 8.43001e-11)
(0.000996623 -3.86971e-10 -9.73658e-11)
(0.000996614 3.37212e-10 1.00963e-10)
(0.000996626 -3.30576e-10 -6.45679e-11)
(0.000996616 2.64047e-10 7.64292e-11)
(0.000996623 -2.64847e-10 -6.94306e-11)
(0.000996618 2.23336e-10 8.3625e-11)
(0.000996622 -2.18059e-10 -7.88088e-11)
(0.000611492 1.0624e-05 -1.23255e-05)
(0.000912983 9.96634e-07 -8.4468e-07)
(0.000760309 -4.98221e-07 4.2001e-07)
(0.000837135 2.50091e-07 -2.11709e-07)
(0.000798426 -1.25098e-07 1.06224e-07)
(0.000817909 6.21968e-08 -5.30409e-08)
(0.000808131 -3.06867e-08 2.62273e-08)
(0.000813008 1.49657e-08 -1.27435e-08)
(0.00081061 -7.23557e-09 6.10767e-09)
(0.000811769 3.4697e-09 -2.87863e-09)
(0.000811226 -1.7095e-09 1.38061e-09)
(0.000811475 9.03175e-10 -6.58306e-10)
(0.00081137 -5.43727e-10 3.8614e-10)
(0.000811413 4.00091e-10 -2.58774e-10)
(0.000811399 -3.5181e-10 2.28947e-10)
(0.000811404 3.31567e-10 -2.03425e-10)
(0.000811404 -3.32449e-10 2.06138e-10)
(0.000811404 3.30412e-10 -2.02044e-10)
(0.000811404 -3.31405e-10 1.97299e-10)
(0.000811405 3.2235e-10 -1.97853e-10)
(0.000811402 -3.21526e-10 1.91721e-10)
(0.000811405 2.98577e-10 -1.9867e-10)
(0.000811399 -2.64435e-10 1.89321e-10)
(0.000811408 2.71351e-10 -1.5502e-10)
(0.000811401 -2.16037e-10 1.51746e-10)
(0.000811406 2.10485e-10 -1.46118e-10)
(0.000811402 -1.77137e-10 1.54141e-10)
(0.000811405 1.70532e-10 -1.44509e-10)
(0.00131065 2.04266e-05 -2.04267e-05)
(0.00195788 1.50566e-06 -1.50558e-06)
(0.00163113 -7.48844e-07 7.48482e-07)
(0.00179573 3.77767e-07 -3.77444e-07)
(0.0017128 -1.89995e-07 1.89523e-07)
(0.00175453 9.51991e-08 -9.4722e-08)
(0.0017336 -4.7281e-08 4.68263e-08)
(0.00174403 2.33152e-08 -2.27297e-08)
(0.00173891 -1.11833e-08 1.08302e-08)
(0.00174139 5.33966e-09 -5.07622e-09)
(0.00174022 -2.43782e-09 2.39286e-09)
(0.00174076 1.20143e-09 -1.11546e-09)
(0.00174053 -5.93846e-10 6.44769e-10)
(0.00174063 4.06339e-10 -4.29735e-10)
(0.0017406 -2.93118e-10 3.79513e-10)
(0.00174061 2.86033e-10 -3.41954e-10)
(0.00174061 -2.60319e-10 3.44611e-10)
(0.00174061 2.56167e-10 -3.37766e-10)
(0.00174061 -2.5119e-10 3.27128e-10)
(0.00174061 2.46661e-10 -3.31242e-10)
(0.0017406 -2.46117e-10 3.18913e-10)
(0.00174061 2.66126e-10 -3.39785e-10)
(0.0017406 -2.74812e-10 3.36048e-10)
(0.00174061 1.85046e-10 -2.47848e-10)
(0.0017406 -2.11824e-10 2.69356e-10)
(0.00174061 1.82554e-10 -2.51556e-10)
(0.0017406 -2.08767e-10 2.84797e-10)
(0.00174061 2.09638e-10 -2.65744e-10)
(0.0016709 1.38064e-05 -2.23259e-05)
(0.00249686 1.1064e-06 -1.71587e-06)
(0.00208053 -5.49669e-07 8.52876e-07)
(0.00229036 2.77341e-07 -4.3003e-07)
(0.00218466 -1.39633e-07 2.15907e-07)
(0.00223782 7.00786e-08 -1.07874e-07)
(0.00221118 -3.49586e-08 5.32988e-08)
(0.00222444 1.75061e-08 -2.58566e-08)
(0.00221794 -8.51121e-09 1.2299e-08)
(0.00222108 4.14867e-09 -5.76297e-09)
(0.00221961 -1.89606e-09 2.71035e-09)
(0.00222029 9.66351e-10 -1.26983e-09)
(0.00222 -4.32467e-10 7.36578e-10)
(0.00222012 2.84654e-10 -4.99432e-10)
(0.00222008 -1.64978e-10 4.45142e-10)
(0.0022201 1.601e-10 -4.03614e-10)
(0.0022201 -1.29657e-10 4.07723e-10)
(0.0022201 1.24639e-10 -4.00074e-10)
(0.0022201 -1.25138e-10 3.87692e-10)
(0.0022201 1.16606e-10 -3.92121e-10)
(0.00222009 -1.23045e-10 3.7697e-10)
(0.0022201 1.48812e-10 -4.02583e-10)
(0.00222008 -1.58496e-10 3.97569e-10)
(0.00222011 9.25921e-11 -2.92933e-10)
(0.00222008 -1.10591e-10 3.15394e-10)
(0.0022201 8.67319e-11 -2.96834e-10)
(0.00222009 -9.25289e-11 3.3371e-10)
(0.0022201 9.8629e-11 -3.05608e-10)
(0.00178212 -5.05174e-11 -2.26188e-05)
(0.00266335 -3.4519e-11 -1.76295e-06)
(0.00221939 -9.2186e-11 8.76412e-07)
(0.00244317 1.43767e-10 -4.42011e-07)
(0.00233044 -2.00131e-10 2.22036e-07)
(0.00238714 1.14868e-10 -1.11012e-07)
(0.00235874 -8.01791e-11 5.4906e-08)
(0.00237287 2.6206e-10 -2.6706e-08)
(0.00236595 -1.68022e-10 1.27051e-08)
(0.00236928 1.08029e-10 -5.97405e-09)
(0.00236773 -1.29232e-11 2.78428e-09)
(0.00236844 3.63546e-11 -1.30082e-09)
(0.00236815 2.8395e-11 7.35961e-10)
(0.00236827 -5.69653e-12 -4.91181e-10)
(0.00236823 3.65269e-11 4.28577e-10)
(0.00236824 -2.65521e-11 -3.88707e-10)
(0.00236825 3.81803e-11 3.87909e-10)
(0.00236824 -3.96792e-11 -3.79551e-10)
(0.00236824 3.34548e-11 3.67077e-10)
(0.00236825 -4.1088e-11 -3.71902e-10)
(0.00236824 2.96744e-11 3.61791e-10)
(0.00236825 7.24835e-12 -3.89158e-10)
(0.00236823 -1.06877e-11 3.88665e-10)
(0.00236825 -2.65916e-11 -2.79876e-10)
(0.00236823 2.65879e-11 3.05048e-10)
(0.00236825 -3.27096e-11 -2.8651e-10)
(0.00236823 3.56054e-11 3.29356e-10)
(0.00236824 -2.67327e-11 -2.98506e-10)
(0.0016709 -1.38065e-05 -2.23257e-05)
(0.00249686 -1.10642e-06 -1.7159e-06)
(0.00208053 5.4944e-07 8.52952e-07)
(0.00229036 -2.77065e-07 -4.30137e-07)
(0.00218466 1.39219e-07 2.16036e-07)
(0.00223782 -6.97814e-08 -1.07968e-07)
(0.00221118 3.47151e-08 5.34022e-08)
(0.00222444 -1.69581e-08 -2.5988e-08)
(0.00221794 8.16678e-09 1.23805e-08)
(0.00222108 -3.91215e-09 -5.83953e-09)
(0.00221961 1.85648e-09 2.72204e-09)
(0.00222029 -8.7668e-10 -1.27887e-09)
(0.00222 4.83306e-10 7.22705e-10)
(0.00222012 -2.94268e-10 -4.83991e-10)
(0.00222008 2.40732e-10 4.22326e-10)
(0.0022201 -2.08095e-10 -3.79694e-10)
(0.0022201 2.0398e-10 3.80313e-10)
(0.0022201 -1.99386e-10 -3.7211e-10)
(0.0022201 1.90885e-10 3.60778e-10)
(0.0022201 -1.95521e-10 -3.64778e-10)
(0.00222009 1.86463e-10 3.53176e-10)
(0.0022201 -1.63907e-10 -3.86385e-10)
(0.00222008 1.63554e-10 3.83143e-10)
(0.00222011 -1.49337e-10 -2.73998e-10)
(0.00222008 1.59928e-10 2.94865e-10)
(0.0022201 -1.49854e-10 -2.77906e-10)
(0.00222009 1.6473e-10 3.13763e-10)
(0.0022201 -1.53787e-10 -2.86702e-10)
(0.00131065 -2.04266e-05 -2.04267e-05)
(0.00195788 -1.50564e-06 -1.50561e-06)
(0.00163113 7.48621e-07 7.48584e-07)
(0.00179573 -3.77559e-07 -3.77572e-07)
(0.0017128 1.89655e-07 1.89667e-07)
(0.00175453 -9.48888e-08 -9.48327e-08)
(0.0017336 4.69768e-08 4.69299e-08)
(0.00174403 -2.28537e-08 -2.28677e-08)
(0.00173891 1.08938e-08 1.09095e-08)
(0.00174139 -5.1176e-09 -5.1437e-09)
(0.00174022 2.38835e-09 2.39576e-09)
(0.00174076 -1.1095e-09 -1.11622e-09)
(0.00174053 6.27837e-10 6.2726e-10)
(0.00174063 -4.10007e-10 -4.11148e-10)
(0.0017406 3.53968e-10 3.54094e-10)
(0.00174061 -3.20089e-10 -3.15953e-10)
(0.00174061 3.16752e-10 3.13447e-10)
(0.00174061 -3.09998e-10 -3.06276e-10)
(0.00174061 3.00725e-10 2.97402e-10)
(0.00174061 -3.04045e-10 -3.00684e-10)
(0.0017406 3.0063e-10 2.97113e-10)
(0.00174061 -3.0575e-10 -3.26618e-10)
(0.0017406 3.04676e-10 3.23994e-10)
(0.00174061 -2.3461e-10 -2.31599e-10)
(0.0017406 2.49592e-10 2.45954e-10)
(0.00174061 -2.34296e-10 -2.30991e-10)
(0.0017406 2.71966e-10 2.6635e-10)
(0.00174061 -2.49626e-10 -2.4651e-10)
(0.000611492 -1.06242e-05 -1.23255e-05)
(0.000912983 -9.96543e-07 -8.44739e-07)
(0.000760309 4.97973e-07 4.20091e-07)
(0.000837135 -2.49908e-07 -2.11777e-07)
(0.000798426 1.24858e-07 1.06307e-07)
(0.000817909 -6.19214e-08 -5.31166e-08)
(0.000808131 3.04557e-08 2.62996e-08)
(0.000813008 -1.47099e-08 -1.28293e-08)
(0.00081061 7.12041e-09 6.15896e-09)
(0.000811769 -3.37381e-09 -2.92266e-09)
(0.000811226 1.71133e-09 1.38966e-09)
(0.000811475 -8.85985e-10 -6.71101e-10)
(0.00081137 5.73501e-10 3.80099e-10)
(0.000811413 -4.24395e-10 -2.55568e-10)
(0.000811399 4.01725e-10 2.18371e-10)
(0.000811404 -3.59948e-10 -1.95397e-10)
(0.000811404 3.78914e-10 1.95246e-10)
(0.000811404 -3.73193e-10 -1.91256e-10)
(0.000811404 3.74392e-10 1.87e-10)
(0.000811405 -3.66389e-10 -1.8691e-10)
(0.000811402 3.55784e-10 1.80904e-10)
(0.000811405 -3.5329e-10 -1.90386e-10)
(0.000811399 3.08262e-10 1.83496e-10)
(0.000811408 -3.01875e-10 -1.45081e-10)
(0.000811401 2.41677e-10 1.44805e-10)
(0.000811406 -2.42793e-10 -1.3758e-10)
(0.000811402 2.02839e-10 1.43693e-10)
(0.000811405 -1.96194e-10 -1.34287e-10)
(0.000317124 6.99384e-06 -6.99395e-06)
(0.000473201 5.59199e-07 -5.59177e-07)
(0.000393873 -2.80191e-07 2.80094e-07)
(0.000433719 1.40969e-07 -1.40901e-07)
(0.00041364 -7.08135e-08 7.07099e-08)
(0.00042375 3.5452e-08 -3.53319e-08)
(0.00041867 -1.76246e-08 1.75234e-08)
(0.000421208 8.69704e-09 -8.5656e-09)
(0.000419957 -4.20973e-09 4.14651e-09)
(0.000420563 2.02687e-09 -1.97282e-09)
(0.000420278 -9.57187e-10 9.53534e-10)
(0.000420409 4.79839e-10 -4.61623e-10)
(0.000420354 -2.49636e-10 2.62545e-10)
(0.000420376 1.64953e-10 -1.70384e-10)
(0.000420369 -1.22838e-10 1.44268e-10)
(0.000420371 1.16273e-10 -1.26067e-10)
(0.000420371 -1.08029e-10 1.26395e-10)
(0.000420371 1.06812e-10 -1.23579e-10)
(0.000420371 -1.05331e-10 1.21826e-10)
(0.000420372 1.03197e-10 -1.20835e-10)
(0.00042037 -1.02924e-10 1.18411e-10)
(0.000420372 9.72246e-11 -1.18735e-10)
(0.000420369 -9.4299e-11 1.09446e-10)
(0.000420373 8.37957e-11 -9.99483e-11)
(0.00042037 -8.09557e-11 8.9828e-11)
(0.000420373 7.40413e-11 -8.94275e-11)
(0.000420371 -7.37138e-11 8.74588e-11)
(0.000420373 7.19029e-11 -8.42219e-11)
(0.000611492 1.23254e-05 -1.06241e-05)
(0.000912983 8.44706e-07 -9.96612e-07)
(0.000760309 -4.20206e-07 4.98073e-07)
(0.000837135 2.11865e-07 -2.49993e-07)
(0.000798426 -1.06462e-07 1.24936e-07)
(0.000817909 5.33001e-08 -6.20086e-08)
(0.000808131 -2.6457e-08 3.05221e-08)
(0.000813008 1.30487e-08 -1.47403e-08)
(0.00081061 -6.27053e-09 7.12248e-09)
(0.000811769 3.00905e-09 -3.37241e-09)
(0.000811226 -1.39254e-09 1.70128e-09)
(0.000811475 6.98634e-10 -8.68192e-10)
(0.00081137 -3.55141e-10 5.64743e-10)
(0.000811413 2.44676e-10 -4.07102e-10)
(0.000811399 -1.79975e-10 3.87203e-10)
(0.000811404 1.75468e-10 -3.47444e-10)
(0.000811404 -1.60911e-10 3.62963e-10)
(0.000811404 1.5926e-10 -3.58215e-10)
(0.000811404 -1.56403e-10 3.58287e-10)
(0.000811405 1.53406e-10 -3.5179e-10)
(0.000811402 -1.527e-10 3.47206e-10)
(0.000811405 1.54781e-10 -3.32825e-10)
(0.000811399 -1.57026e-10 2.88695e-10)
(0.000811408 1.1705e-10 -2.9811e-10)
(0.000811401 -1.26312e-10 2.31809e-10)
(0.000811406 1.08687e-10 -2.37497e-10)
(0.000811402 -1.17393e-10 2.02842e-10)
(0.000811405 1.14795e-10 -1.91313e-10)
(0.000750663 7.83274e-06 -1.03575e-05)
(0.00112116 6.06581e-07 -1.08809e-06)
(0.000933893 -3.0185e-07 5.44017e-07)
(0.0010282 1.52426e-07 -2.73148e-07)
(0.000980688 -7.67727e-08 1.36512e-07)
(0.0010046 3.85625e-08 -6.77533e-08)
(0.000992608 -1.92185e-08 3.33308e-08)
(0.00099858 9.58843e-09 -1.60911e-08)
(0.000995652 -4.62264e-09 7.75636e-09)
(0.000997063 2.23605e-09 -3.67622e-09)
(0.000996405 -1.00507e-09 1.83945e-09)
(0.000996706 5.00921e-10 -9.4099e-10)
(0.000996581 -2.21813e-10 6.0649e-10)
(0.000996631 1.45338e-10 -4.44124e-10)
(0.000996615 -8.2764e-11 4.18079e-10)
(0.000996621 8.42124e-11 -3.76118e-10)
(0.000996622 -6.59207e-11 3.91e-10)
(0.000996621 6.42033e-11 -3.86805e-10)
(0.000996621 -6.29478e-11 3.86074e-10)
(0.000996623 6.00857e-11 -3.79618e-10)
(0.000996619 -6.39161e-11 3.714e-10)
(0.000996623 7.63419e-11 -3.66955e-10)
(0.000996614 -8.66025e-11 3.24028e-10)
(0.000996626 4.36394e-11 -3.12501e-10)
(0.000996616 -6.26493e-11 2.53382e-10)
(0.000996623 4.58178e-11 -2.50751e-10)
(0.000996618 -5.99207e-11 2.19146e-10)
(0.000996622 6.32252e-11 -2.14772e-10)
(0.000792373 9.68508e-12 -1.01205e-05)
(0.0011836 -2.38222e-11 -1.09718e-06)
(0.000985967 -8.72555e-12 5.48809e-07)
(0.00108552 3.19136e-11 -2.75723e-07)
(0.00103536 -5.6532e-11 1.37888e-07)
(0.0010606 1.91076e-11 -6.84912e-08)
(0.00104795 -1.208e-11 3.37143e-08)
(0.00105425 8.81223e-11 -1.63034e-08)
(0.00105116 -6.49841e-11 7.84742e-09)
(0.00105265 3.88489e-11 -3.72398e-09)
(0.00105195 -1.05875e-11 1.84163e-09)
(0.00105227 2.04685e-11 -9.37389e-10)
(0.00105214 5.93713e-12 5.94518e-10)
(0.00105219 3.24776e-12 -4.35456e-10)
(0.00105218 8.91881e-12 4.05674e-10)
(0.00105218 -4.71273e-12 -3.64371e-10)
(0.00105218 8.3251e-12 3.7712e-10)
(0.00105218 -9.14132e-12 -3.7235e-10)
(0.00105218 6.66922e-12 3.72547e-10)
(0.00105218 -1.02227e-11 -3.65813e-10)
(0.00105218 6.9663e-12 3.61015e-10)
(0.00105218 7.46497e-12 -3.64351e-10)
(0.00105217 -7.42148e-12 3.24871e-10)
(0.00105219 -6.00296e-12 -3.00744e-10)
(0.00105218 6.38689e-12 2.4591e-10)
(0.00105218 -8.38932e-12 -2.40095e-10)
(0.00105218 1.25704e-11 2.15785e-10)
(0.00105218 -8.67317e-12 -2.15511e-10)
(0.000750663 -7.83281e-06 -1.03578e-05)
(0.00112116 -6.06588e-07 -1.08808e-06)
(0.000933893 3.01747e-07 5.43954e-07)
(0.0010282 -1.52308e-07 -2.73103e-07)
(0.000980688 7.66028e-08 1.36476e-07)
(0.0010046 -3.84381e-08 -6.76961e-08)
(0.000992608 1.91232e-08 3.32967e-08)
(0.00099858 -9.36615e-09 -1.60789e-08)
(0.000995652 4.48667e-09 7.77295e-09)
(0.000997063 -2.14363e-09 -3.68734e-09)
(0.000996405 9.94031e-10 1.86158e-09)
(0.000996706 -4.66066e-10 -9.62879e-10)
(0.000996581 2.45641e-10 6.22589e-10)
(0.000996631 -1.49854e-10 -4.63535e-10)
(0.000996615 1.16393e-10 4.39158e-10)
(0.000996621 -1.04055e-10 -3.90834e-10)
(0.000996622 9.76202e-11 4.11242e-10)
(0.000996621 -9.56877e-11 -4.0507e-10)
(0.000996621 9.0795e-11 4.06242e-10)
(0.000996623 -9.3314e-11 -3.97633e-10)
(0.000996619 9.07924e-11 3.86714e-10)
(0.000996623 -8.31874e-11 -3.93525e-10)
(0.000996614 8.74909e-11 3.44733e-10)
(0.000996626 -6.97949e-11 -3.2727e-10)
(0.000996616 8.15513e-11 2.61846e-10)
(0.000996623 -7.39446e-11 -2.62727e-10)
(0.000996618 9.00843e-11 2.21469e-10)
(0.000996622 -8.3276e-11 -2.15771e-10)
(0.000611492 -1.23255e-05 -1.06243e-05)
(0.000912983 -8.44654e-07 -9.96631e-07)
(0.000760309 4.20018e-07 4.9806e-07)
(0.000837135 -2.11711e-07 -2.4998e-07)
(0.000798426 1.06254e-07 1.2492e-07)
(0.000817909 -5.30881e-08 -6.19748e-08)
(0.000808131 2.62808e-08 3.04946e-08)
(0.000813008 -1.28062e-08 -1.47374e-08)
(0.00081061 6.146e-09 7.13371e-09)
(0.000811769 -2.91042e-09 -3.38144e-09)
(0.000811226 1.38839e-09 1.71076e-09)
(0.000811475 -6.70971e-10 -8.83756e-10)
(0.00081137 3.83569e-10 5.6873e-10)
(0.000811413 -2.58331e-10 -4.20189e-10)
(0.000811399 2.22519e-10 3.96156e-10)
(0.000811404 -2.00074e-10 -3.54552e-10)
(0.000811404 2.00472e-10 3.72639e-10)
(0.000811404 -1.96505e-10 -3.67002e-10)
(0.000811404 1.92295e-10 3.68003e-10)
(0.000811405 -1.91896e-10 -3.6039e-10)
(0.000811402 1.85866e-10 3.49897e-10)
(0.000811405 -1.87494e-10 -3.50717e-10)
(0.000811399 1.79391e-10 3.07432e-10)
(0.000811408 -1.49803e-10 -2.96546e-10)
(0.000811401 1.47713e-10 2.38672e-10)
(0.000811406 -1.41166e-10 -2.39281e-10)
(0.000811402 1.46703e-10 2.0076e-10)
(0.000811405 -1.36084e-10 -1.94218e-10)
(0.000317124 -6.99388e-06 -6.99386e-06)
(0.000473201 -5.59165e-07 -5.5919e-07)
(0.000393873 2.80098e-07 2.8012e-07)
(0.000433719 -1.40902e-07 -1.40914e-07)
(0.00041364 7.07206e-08 7.07297e-08)
(0.00042375 -3.5346e-08 -3.53568e-08)
(0.00041867 1.75346e-08 1.75428e-08)
(0.000421208 -8.59119e-09 -8.59356e-09)
(0.000419957 4.15897e-09 4.1598e-09)
(0.000420563 -1.98436e-09 -1.98457e-09)
(0.000420278 9.54532e-10 9.54335e-10)
(0.000420409 -4.67278e-10 -4.67186e-10)
(0.000420354 2.60319e-10 2.60128e-10)
(0.000420376 -1.70684e-10 -1.71082e-10)
(0.000420369 1.40494e-10 1.40663e-10)
(0.000420371 -1.2532e-10 -1.25423e-10)
(0.000420371 1.23827e-10 1.23783e-10)
(0.000420371 -1.21285e-10 -1.21317e-10)
(0.000420371 1.19666e-10 1.19646e-10)
(0.000420372 -1.18288e-10 -1.18374e-10)
(0.00042037 1.15863e-10 1.15834e-10)
(0.000420372 -1.15355e-10 -1.16363e-10)
(0.000420369 1.07734e-10 1.0921e-10)
(0.000420373 -9.64271e-11 -9.61804e-11)
(0.00042037 8.91533e-11 8.93495e-11)
(0.000420373 -8.64604e-11 -8.62806e-11)
(0.000420371 8.46646e-11 8.46553e-11)
(0.000420373 -8.14224e-11 -8.16572e-11)
)
;

boundaryField
{
    inlet
    {
        type            fixedValue;
        value           uniform (0.001667 0 0);
    }
    outlet
    {
        type            zeroGradient;
    }
    Walls
    {
        type            noSlip;
    }
}


// ************************************************************************* //
