/*--------------------------------*- C++ -*----------------------------------*\
  =========                 |
  \\      /  F ield         | OpenFOAM: The Open Source CFD Toolbox
   \\    /   O peration     | Website:  https://openfoam.org
    \\  /    A nd           | Version:  13
     \\/     M anipulation  |
\*---------------------------------------------------------------------------*/
FoamFile
{
    format      ascii;
    class       volScalarField;
    location    "32";
    object      p;
}
// * * * * * * * * * * * * * * * * * * * * * * * * * * * * * * * * * * * * * //

dimensions      [0 2 -2 0 0 0 0];

internalField   nonuniform List<scalar> 
1372
(
8.78138
8.28145
8.05052
7.70366
7.40106
7.08168
6.76857
6.45318
6.13859
5.82371
5.50895
5.19413
4.87936
4.56454
4.24977
3.93494
3.62018
3.30535
2.99058
2.67575
2.36099
2.04616
1.7314
1.41657
1.1018
0.786982
0.472208
0.157389
8.7811
8.28144
8.05053
7.70366
7.40106
7.08168
6.76857
6.45318
6.13859
5.82371
5.50895
5.19413
4.87936
4.56454
4.24977
3.93494
3.62018
3.30535
2.99058
2.67575
2.36099
2.04616
1.7314
1.41657
1.1018
0.786982
0.472208
0.157389
8.78093
8.28143
8.05054
7.70366
7.40106
7.08168
6.76857
6.45318
6.13859
5.82371
5.50895
5.19413
4.87936
4.56454
4.24977
3.93494
3.62018
3.30535
2.99058
2.67575
2.36099
2.04616
1.7314
1.41657
1.1018
0.786982
0.472208
0.157389
8.78088
8.28142
8.05054
7.70366
7.40107
7.08168
6.76857
6.45318
6.13859
5.82371
5.50895
5.19413
4.87936
4.56454
4.24977
3.93494
3.62018
3.30535
2.99058
2.67575
2.36099
2.04616
1.7314
1.41657
1.1018
0.786982
0.472208
0.157389
8.78093
8.28143
8.05054
7.70366
7.40106
7.08168
6.76857
6.45318
6.13859
5.82371
5.50895
5.19413
4.87936
4.56454
4.24977
3.93494
3.62018
3.30535
2.99058
2.67575
2.36099
2.04616
1.7314
1.41657
1.1018
0.786982
0.472208
0.157389
8.7811
8.28144
8.05053
7.70366
7.40106
7.08168
6.76857
6.45318
6.13859
5.82371
5.50895
5.19413
4.87936
4.56454
4.24977
3.93494
3.62018
3.30535
2.99058
2.67575
2.36099
2.04616
1.7314
1.41657
1.1018
0.786982
0.472208
0.157389
8.78138
8.28145
8.05052
7.70366
7.40106
7.08168
6.76857
6.45318
6.13859
5.82371
5.50895
5.19413
4.87936
4.56454
4.24977
3.93494
3.62018
3.30535
2.99058
2.67575
2.36099
2.04616
1.7314
1.41657
1.1018
0.786982
0.472208
0.157389
8.7811
8.28144
8.05053
7.70366
7.40106
7.08168
6.76857
6.45318
6.13859
5.82371
5.50895
5.19413
4.87936
4.56454
4.24977
3.93494
3.62018
3.30535
2.99058
2.67575
2.36099
2.04616
1.7314
1.41657
1.1018
0.786982
0.472208
0.157389
8.78081
8.28143
8.05053
7.70366
7.40106
7.08168
6.76857
6.45318
6.13859
5.82371
5.50895
5.19413
4.87936
4.56454
4.24977
3.93494
3.62018
3.30535
2.99058
2.67575
2.36099
2.04616
1.7314
1.41657
1.1018
0.786982
0.472208
0.157389
8.78063
8.28143
8.05054
7.70366
7.40106
7.08168
6.76857
6.45318
6.13859
5.82371
5.50895
5.19413
4.87936
4.56454
4.24977
3.93494
3.62018
3.30535
2.99058
2.67575
2.36099
2.04616
1.7314
1.41657
1.1018
0.786982
0.472208
0.157389
8.78058
8.28143
8.05054
7.70366
7.40107
7.08168
6.76857
6.45318
6.13859
5.82371
5.50895
5.19413
4.87936
4.56454
4.24977
3.93494
3.62018
3.30535
2.99058
2.67575
2.36099
2.04616
1.7314
1.41657
1.1018
0.786982
0.472208
0.157389
8.78063
8.28143
8.05054
7.70366
7.40106
7.08168
6.76857
6.45318
6.13859
5.82371
5.50895
5.19413
4.87936
4.56454
4.24977
3.93494
3.62018
3.30535
2.99058
2.67575
2.36099
2.04616
1.7314
1.41657
1.1018
0.786982
0.472208
0.157389
8.78081
8.28143
8.05053
7.70366
7.40106
7.08168
6.76857
6.45318
6.13859
5.82371
5.50895
5.19413
4.87936
4.56454
4.24977
3.93494
3.62018
3.30535
2.99058
2.67575
2.36099
2.04616
1.7314
1.41657
1.1018
0.786982
0.472208
0.157389
8.7811
8.28144
8.05053
7.70366
7.40106
7.08168
6.76857
6.45318
6.13859
5.82371
5.50895
5.19413
4.87936
4.56454
4.24977
3.93494
3.62018
3.30535
2.99058
2.67575
2.36099
2.04616
1.7314
1.41657
1.1018
0.786982
0.472208
0.157389
8.78093
8.28143
8.05054
7.70366
7.40106
7.08168
6.76857
6.45318
6.13859
5.82371
5.50895
5.19413
4.87936
4.56454
4.24977
3.93494
3.62018
3.30535
2.99058
2.67575
2.36099
2.04616
1.7314
1.41657
1.1018
0.786982
0.472208
0.157389
8.78063
8.28143
8.05054
7.70366
7.40106
7.08168
6.76857
6.45318
6.13859
5.82371
5.50895
5.19413
4.87936
4.56454
4.24977
3.93494
3.62018
3.30535
2.99058
2.67575
2.36099
2.04616
1.7314
1.41657
1.1018
0.786982
0.472208
0.157389
8.78044
8.28143
8.05054
7.70366
7.40107
7.08168
6.76857
6.45318
6.13859
5.82371
5.50895
5.19413
4.87936
4.56454
4.24977
3.93494
3.62018
3.30535
2.99058
2.67575
2.36099
2.04616
1.7314
1.41657
1.1018
0.786982
0.472208
0.157389
8.78039
8.28143
8.05054
7.70366
7.40107
7.08168
6.76857
6.45318
6.13859
5.82371
5.50895
5.19413
4.87936
4.56454
4.24977
3.93494
3.62018
3.30535
2.99058
2.67575
2.36099
2.04616
1.7314
1.41657
1.1018
0.786982
0.472208
0.157389
8.78044
8.28143
8.05054
7.70366
7.40107
7.08168
6.76857
6.45318
6.13859
5.82371
5.50895
5.19413
4.87936
4.56454
4.24977
3.93494
3.62018
3.30535
2.99058
2.67575
2.36099
2.04616
1.7314
1.41657
1.1018
0.786982
0.472208
0.157389
8.78063
8.28143
8.05054
7.70366
7.40106
7.08168
6.76857
6.45318
6.13859
5.82371
5.50895
5.19413
4.87936
4.56454
4.24977
3.93494
3.62018
3.30535
2.99058
2.67575
2.36099
2.04616
1.7314
1.41657
1.1018
0.786982
0.472208
0.157389
8.78093
8.28143
8.05054
7.70366
7.40106
7.08168
6.76857
6.45318
6.13859
5.82371
5.50895
5.19413
4.87936
4.56454
4.24977
3.93494
3.62018
3.30535
2.99058
2.67575
2.36099
2.04616
1.7314
1.41657
1.1018
0.786982
0.472208
0.157389
8.78088
8.28142
8.05054
7.70366
7.40107
7.08168
6.76857
6.45318
6.13859
5.82371
5.50895
5.19413
4.87936
4.56454
4.24977
3.93494
3.62018
3.30535
2.99058
2.67575
2.36099
2.04616
1.7314
1.41657
1.1018
0.786982
0.472208
0.157389
8.78058
8.28143
8.05054
7.70366
7.40107
7.08168
6.76857
6.45318
6.13859
5.82371
5.50895
5.19413
4.87936
4.56454
4.24977
3.93494
3.62018
3.30535
2.99058
2.67575
2.36099
2.04616
1.7314
1.41657
1.1018
0.786982
0.472208
0.157389
8.78039
8.28143
8.05054
7.70366
7.40107
7.08168
6.76857
6.45318
6.13859
5.82371
5.50895
5.19413
4.87936
4.56454
4.24977
3.93494
3.62018
3.30535
2.99058
2.67575
2.36099
2.04616
1.7314
1.41657
1.1018
0.786982
0.472208
0.157389
8.78034
8.28143
8.05054
7.70366
7.40107
7.08168
6.76857
6.45318
6.13859
5.82371
5.50895
5.19413
4.87936
4.56454
4.24977
3.93494
3.62018
3.30535
2.99058
2.67575
2.36099
2.04616
1.7314
1.41657
1.1018
0.786982
0.472208
0.157389
8.78039
8.28143
8.05054
7.70366
7.40107
7.08168
6.76857
6.45318
6.13859
5.82371
5.50895
5.19413
4.87936
4.56454
4.24977
3.93494
3.62018
3.30535
2.99058
2.67575
2.36099
2.04616
1.7314
1.41657
1.1018
0.786982
0.472208
0.157389
8.78058
8.28143
8.05054
7.70366
7.40107
7.08168
6.76857
6.45318
6.13859
5.82371
5.50895
5.19413
4.87936
4.56454
4.24977
3.93494
3.62018
3.30535
2.99058
2.67575
2.36099
2.04616
1.7314
1.41657
1.1018
0.786982
0.472208
0.157389
8.78088
8.28142
8.05054
7.70366
7.40107
7.08168
6.76857
6.45318
6.13859
5.82371
5.50895
5.19413
4.87936
4.56454
4.24977
3.93494
3.62018
3.30535
2.99058
2.67575
2.36099
2.04616
1.7314
1.41657
1.1018
0.786982
0.472208
0.157389
8.78093
8.28143
8.05054
7.70366
7.40106
7.08168
6.76857
6.45318
6.13859
5.82371
5.50895
5.19413
4.87936
4.56454
4.24977
3.93494
3.62018
3.30535
2.99058
2.67575
2.36099
2.04616
1.7314
1.41657
1.1018
0.786982
0.472208
0.157389
8.78063
8.28143
8.05054
7.70366
7.40106
7.08168
6.76857
6.45318
6.13859
5.82371
5.50895
5.19413
4.87936
4.56454
4.24977
3.93494
3.62018
3.30535
2.99058
2.67575
2.36099
2.04616
1.7314
1.41657
1.1018
0.786982
0.472208
0.157389
8.78044
8.28143
8.05054
7.70366
7.40107
7.08168
6.76857
6.45318
6.13859
5.82371
5.50895
5.19413
4.87936
4.56454
4.24977
3.93494
3.62018
3.30535
2.99058
2.67575
2.36099
2.04616
1.7314
1.41657
1.1018
0.786982
0.472208
0.157389
8.78039
8.28143
8.05054
7.70366
7.40107
7.08168
6.76857
6.45318
6.13859
5.82371
5.50895
5.19413
4.87936
4.56454
4.24977
3.93494
3.62018
3.30535
2.99058
2.67575
2.36099
2.04616
1.7314
1.41657
1.1018
0.786982
0.472208
0.157389
8.78044
8.28143
8.05054
7.70366
7.40107
7.08168
6.76857
6.45318
6.13859
5.82371
5.50895
5.19413
4.87936
4.56454
4.24977
3.93494
3.62018
3.30535
2.99058
2.67575
2.36099
2.04616
1.7314
1.41657
1.1018
0.786982
0.472208
0.157389
8.78063
8.28143
8.05054
7.70366
7.40106
7.08168
6.76857
6.45318
6.13859
5.82371
5.50895
5.19413
4.87936
4.56454
4.24977
3.93494
3.62018
3.30535
2.99058
2.67575
2.36099
2.04616
1.7314
1.41657
1.1018
0.786982
0.472208
0.157389
8.78093
8.28143
8.05054
7.70366
7.40106
7.08168
6.76857
6.45318
6.13859
5.82371
5.50895
5.19413
4.87936
4.56454
4.24977
3.93494
3.62018
3.30535
2.99058
2.67575
2.36099
2.04616
1.7314
1.41657
1.1018
0.786982
0.472208
0.157389
8.7811
8.28144
8.05053
7.70366
7.40106
7.08168
6.76857
6.45318
6.13859
5.82371
5.50895
5.19413
4.87936
4.56454
4.24977
3.93494
3.62018
3.30535
2.99058
2.67575
2.36099
2.04616
1.7314
1.41657
1.1018
0.786982
0.472208
0.157389
8.78081
8.28143
8.05053
7.70366
7.40106
7.08168
6.76857
6.45318
6.13859
5.82371
5.50895
5.19413
4.87936
4.56454
4.24977
3.93494
3.62018
3.30535
2.99058
2.67575
2.36099
2.04616
1.7314
1.41657
1.1018
0.786982
0.472208
0.157389
8.78063
8.28143
8.05054
7.70366
7.40106
7.08168
6.76857
6.45318
6.13859
5.82371
5.50895
5.19413
4.87936
4.56454
4.24977
3.93494
3.62018
3.30535
2.99058
2.67575
2.36099
2.04616
1.7314
1.41657
1.1018
0.786982
0.472208
0.157389
8.78058
8.28143
8.05054
7.70366
7.40107
7.08168
6.76857
6.45318
6.13859
5.82371
5.50895
5.19413
4.87936
4.56454
4.24977
3.93494
3.62018
3.30535
2.99058
2.67575
2.36099
2.04616
1.7314
1.41657
1.1018
0.786982
0.472208
0.157389
8.78063
8.28143
8.05054
7.70366
7.40106
7.08168
6.76857
6.45318
6.13859
5.82371
5.50895
5.19413
4.87936
4.56454
4.24977
3.93494
3.62018
3.30535
2.99058
2.67575
2.36099
2.04616
1.7314
1.41657
1.1018
0.786982
0.472208
0.157389
8.78081
8.28143
8.05053
7.70366
7.40106
7.08168
6.76857
6.45318
6.13859
5.82371
5.50895
5.19413
4.87936
4.56454
4.24977
3.93494
3.62018
3.30535
2.99058
2.67575
2.36099
2.04616
1.7314
1.41657
1.1018
0.786982
0.472208
0.157389
8.7811
8.28144
8.05053
7.70366
7.40106
7.08168
6.76857
6.45318
6.13859
5.82371
5.50895
5.19413
4.87936
4.56454
4.24977
3.93494
3.62018
3.30535
2.99058
2.67575
2.36099
2.04616
1.7314
1.41657
1.1018
0.786982
0.472208
0.157389
8.78138
8.28145
8.05052
7.70366
7.40106
7.08168
6.76857
6.45318
6.13859
5.82371
5.50895
5.19413
4.87936
4.56454
4.24977
3.93494
3.62018
3.30535
2.99058
2.67575
2.36099
2.04616
1.7314
1.41657
1.1018
0.786982
0.472208
0.157389
8.7811
8.28144
8.05053
7.70366
7.40106
7.08168
6.76857
6.45318
6.13859
5.82371
5.50895
5.19413
4.87936
4.56454
4.24977
3.93494
3.62018
3.30535
2.99058
2.67575
2.36099
2.04616
1.7314
1.41657
1.1018
0.786982
0.472208
0.157389
8.78093
8.28143
8.05054
7.70366
7.40106
7.08168
6.76857
6.45318
6.13859
5.82371
5.50895
5.19413
4.87936
4.56454
4.24977
3.93494
3.62018
3.30535
2.99058
2.67575
2.36099
2.04616
1.7314
1.41657
1.1018
0.786982
0.472208
0.157389
8.78088
8.28142
8.05054
7.70366
7.40107
7.08168
6.76857
6.45318
6.13859
5.82371
5.50895
5.19413
4.87936
4.56454
4.24977
3.93494
3.62018
3.30535
2.99058
2.67575
2.36099
2.04616
1.7314
1.41657
1.1018
0.786982
0.472208
0.157389
8.78093
8.28143
8.05054
7.70366
7.40106
7.08168
6.76857
6.45318
6.13859
5.82371
5.50895
5.19413
4.87936
4.56454
4.24977
3.93494
3.62018
3.30535
2.99058
2.67575
2.36099
2.04616
1.7314
1.41657
1.1018
0.786982
0.472208
0.157389
8.7811
8.28144
8.05053
7.70366
7.40106
7.08168
6.76857
6.45318
6.13859
5.82371
5.50895
5.19413
4.87936
4.56454
4.24977
3.93494
3.62018
3.30535
2.99058
2.67575
2.36099
2.04616
1.7314
1.41657
1.1018
0.786982
0.472208
0.157389
8.78138
8.28145
8.05052
7.70366
7.40106
7.08168
6.76857
6.45318
6.13859
5.82371
5.50895
5.19413
4.87936
4.56454
4.24977
3.93494
3.62018
3.30535
2.99058
2.67575
2.36099
2.04616
1.7314
1.41657
1.1018
0.786982
0.472208
0.157389
)
;

boundaryField
{
    inlet
    {
        type            zeroGradient;
    }
    outlet
    {
        type            fixedValue;
        value           uniform 0;
    }
    Walls
    {
        type            zeroGradient;
    }
}


// ************************************************************************* //
