/*--------------------------------*- C++ -*----------------------------------*\
  =========                 |
  \\      /  F ield         | OpenFOAM: The Open Source CFD Toolbox
   \\    /   O peration     | Website:  https://openfoam.org
    \\  /    A nd           | Version:  13
     \\/     M anipulation  |
\*---------------------------------------------------------------------------*/
FoamFile
{
    format      ascii;
    class       volVectorField;
    location    "32";
    object      U;
}
// * * * * * * * * * * * * * * * * * * * * * * * * * * * * * * * * * * * * * //

dimensions      [0 1 -1 0 0 0 0];

internalField   nonuniform List<vector> 
1372
(
(0.034479 0.000682163 0.000682163)
(0.0475184 6.51239e-05 6.51236e-05)
(0.039266 -2.72587e-05 -2.72589e-05)
(0.0430862 1.01147e-05 1.01154e-05)
(0.0416355 -3.84347e-06 -3.84372e-06)
(0.042189 1.43539e-06 1.43551e-06)
(0.04198 -5.21692e-07 -5.21997e-07)
(0.042057 1.86793e-07 1.87192e-07)
(0.0420303 -6.60434e-08 -6.60057e-08)
(0.042039 2.76956e-08 2.75643e-08)
(0.0420367 -1.54456e-08 -1.53766e-08)
(0.0420371 1.34003e-08 1.33075e-08)
(0.0420373 -1.31701e-08 -1.31571e-08)
(0.042037 1.40684e-08 1.39042e-08)
(0.0420373 -1.46882e-08 -1.45206e-08)
(0.0420371 1.52871e-08 1.52561e-08)
(0.0420373 -1.56467e-08 -1.55624e-08)
(0.0420372 1.60673e-08 1.60345e-08)
(0.0420373 -1.64526e-08 -1.63725e-08)
(0.0420372 1.62912e-08 1.625e-08)
(0.0420372 -1.62545e-08 -1.62374e-08)
(0.0420372 1.58323e-08 1.53969e-08)
(0.042037 -1.49534e-08 -1.43775e-08)
(0.0420373 1.35427e-08 1.34367e-08)
(0.0420371 -1.21767e-08 -1.21425e-08)
(0.0420372 1.11276e-08 1.11012e-08)
(0.0420371 -1.01197e-08 -1.01371e-08)
(0.0420372 9.39238e-09 9.37118e-09)
(0.0644761 0.00120672 0.00103066)
(0.0909352 0.000113502 0.000119813)
(0.0764535 -3.92167e-05 -4.81892e-05)
(0.0829087 1.17767e-05 1.70021e-05)
(0.0804639 -4.57188e-06 -6.40888e-06)
(0.0813958 1.70064e-06 2.35069e-06)
(0.0810438 -5.99312e-07 -8.41341e-07)
(0.0811738 2.13739e-07 2.99956e-07)
(0.0811286 -7.13755e-08 -1.15237e-07)
(0.0811436 3.32507e-08 5.57281e-08)
(0.0811396 -1.77409e-08 -4.38438e-08)
(0.0811404 1.83996e-08 4.0277e-08)
(0.0811407 -1.74634e-08 -4.26636e-08)
(0.0811402 2.0234e-08 4.27333e-08)
(0.0811407 -2.00616e-08 -4.74907e-08)
(0.0811404 2.1553e-08 4.7426e-08)
(0.0811408 -2.13183e-08 -5.06111e-08)
(0.0811405 2.19313e-08 5.21915e-08)
(0.0811407 -2.26339e-08 -5.37518e-08)
(0.0811406 2.23582e-08 5.26359e-08)
(0.0811406 -2.24033e-08 -5.2972e-08)
(0.0811406 2.33334e-08 5.0042e-08)
(0.0811402 -2.33223e-08 -4.30783e-08)
(0.0811407 1.76386e-08 4.61138e-08)
(0.0811403 -1.78062e-08 -3.50406e-08)
(0.0811405 1.4995e-08 3.44699e-08)
(0.0811403 -1.45789e-08 -2.79003e-08)
(0.0811405 1.21923e-08 2.87355e-08)
(0.0779016 0.000764816 0.0010038)
(0.111236 8.08539e-05 0.000127551)
(0.0943813 -2.78981e-05 -5.22414e-05)
(0.10166 7.98428e-06 1.81329e-05)
(0.0988969 -3.18205e-06 -6.83418e-06)
(0.0999501 1.20615e-06 2.50082e-06)
(0.0995529 -4.2533e-07 -8.88425e-07)
(0.0996994 1.65949e-07 3.14944e-07)
(0.0996488 -5.0029e-08 -1.18801e-07)
(0.0996656 2.40862e-08 5.93559e-08)
(0.0996612 -4.89788e-09 -4.50133e-08)
(0.099662 6.51078e-09 4.28345e-08)
(0.0996625 -3.33107e-09 -4.45433e-08)
(0.0996618 6.30305e-09 4.5471e-08)
(0.0996626 -3.95625e-09 -4.93091e-08)
(0.0996622 6.17978e-09 5.05442e-08)
(0.0996627 -4.40577e-09 -5.31634e-08)
(0.0996623 4.60068e-09 5.49699e-08)
(0.0996626 -5.04739e-09 -5.65871e-08)
(0.0996624 4.76531e-09 5.55502e-08)
(0.0996624 -5.41629e-09 -5.55703e-08)
(0.0996624 7.89735e-09 5.21329e-08)
(0.0996619 -1.04094e-08 -4.60436e-08)
(0.0996625 2.84044e-09 4.72325e-08)
(0.099662 -6.20649e-09 -3.80436e-08)
(0.0996622 2.72907e-09 3.59073e-08)
(0.099662 -3.97437e-09 -3.01955e-08)
(0.0996621 1.71254e-09 3.0383e-08)
(0.0818041 -1.19806e-08 0.00098039)
(0.117286 -3.19339e-09 0.000126676)
(0.0998157 -1.66164e-08 -5.25257e-05)
(0.107267 3.22276e-08 1.81385e-05)
(0.104433 -3.48097e-08 -6.84112e-06)
(0.105513 2.37884e-08 2.50249e-06)
(0.105106 -7.42122e-09 -8.84682e-07)
(0.105256 2.31271e-08 3.11326e-07)
(0.105204 -5.02403e-09 -1.15326e-07)
(0.105222 3.95377e-09 5.71947e-08)
(0.105217 4.51575e-09 -4.22874e-08)
(0.105218 -4.17334e-09 4.06258e-08)
(0.105219 6.29481e-09 -4.20745e-08)
(0.105218 -5.60589e-09 4.32129e-08)
(0.105219 6.91476e-09 -4.62983e-08)
(0.105218 -6.63506e-09 4.8261e-08)
(0.105219 7.56058e-09 -5.02611e-08)
(0.105218 -7.7795e-09 5.2116e-08)
(0.105219 7.6316e-09 -5.34814e-08)
(0.105219 -8.02522e-09 5.26805e-08)
(0.105219 7.01048e-09 -5.25506e-08)
(0.105219 -3.55446e-09 4.84396e-08)
(0.105218 2.5264e-09 -4.31023e-08)
(0.105219 -5.87615e-09 4.40255e-08)
(0.105218 5.34432e-09 -3.67438e-08)
(0.105218 -6.07268e-09 3.40687e-08)
(0.105218 6.01631e-09 -2.9519e-08)
(0.105218 -5.74904e-09 2.92657e-08)
(0.0779016 -0.000764834 0.00100379)
(0.111236 -8.08557e-05 0.000127549)
(0.0943813 2.78611e-05 -5.22366e-05)
(0.10166 -7.92606e-06 1.81348e-05)
(0.0988968 3.12056e-06 -6.83436e-06)
(0.0999501 -1.16009e-06 2.49951e-06)
(0.0995529 4.09041e-07 -8.8494e-07)
(0.0996994 -1.25231e-07 3.12617e-07)
(0.0996488 4.23861e-08 -1.17566e-07)
(0.0996656 -1.71953e-08 5.74557e-08)
(0.0996613 1.38166e-08 -4.4191e-08)
(0.099662 -1.40356e-08 4.14208e-08)
(0.0996625 1.5145e-08 -4.36548e-08)
(0.0996618 -1.644e-08 4.38405e-08)
(0.0996626 1.70375e-08 -4.78749e-08)
(0.0996621 -1.8186e-08 4.93094e-08)
(0.0996627 1.83307e-08 -5.17726e-08)
(0.0996623 -1.9024e-08 5.37319e-08)
(0.0996626 1.91257e-08 -5.51182e-08)
(0.0996624 -1.9589e-08 5.41788e-08)
(0.0996624 1.8549e-08 -5.45403e-08)
(0.0996624 -1.57214e-08 4.88018e-08)
(0.0996619 1.5424e-08 -4.20964e-08)
(0.0996625 -1.44014e-08 4.6545e-08)
(0.099662 1.55652e-08 -3.71762e-08)
(0.0996622 -1.40168e-08 3.52357e-08)
(0.099662 1.46032e-08 -2.98755e-08)
(0.0996621 -1.22169e-08 3.05282e-08)
(0.0644761 -0.00120673 0.00103065)
(0.0909352 -0.000113496 0.000119815)
(0.0764535 3.91826e-05 -4.81948e-05)
(0.0829088 -1.17417e-05 1.70109e-05)
(0.0804639 4.53451e-06 -6.41173e-06)
(0.0813958 -1.66451e-06 2.35453e-06)
(0.0810438 5.82124e-07 -8.3976e-07)
(0.0811738 -1.88292e-07 2.97486e-07)
(0.0811286 6.76842e-08 -1.11517e-07)
(0.0811436 -2.8616e-08 5.29446e-08)
(0.0811396 2.32762e-08 -3.99337e-08)
(0.0811404 -2.22277e-08 3.69147e-08)
(0.0811407 2.44201e-08 -3.88605e-08)
(0.0811402 -2.58907e-08 3.90191e-08)
(0.0811408 2.81338e-08 -4.27233e-08)
(0.0811404 -2.80547e-08 4.37421e-08)
(0.0811409 2.9328e-08 -4.61501e-08)
(0.0811405 -3.02767e-08 4.76633e-08)
(0.0811407 3.06808e-08 -4.90145e-08)
(0.0811406 -3.09508e-08 4.80349e-08)
(0.0811406 3.00695e-08 -4.8562e-08)
(0.0811406 -2.99862e-08 4.30264e-08)
(0.0811402 2.71775e-08 -3.72028e-08)
(0.0811407 -2.49674e-08 4.16155e-08)
(0.0811403 2.2728e-08 -3.30123e-08)
(0.0811405 -2.18214e-08 3.15186e-08)
(0.0811403 2.0597e-08 -2.66236e-08)
(0.0811405 -1.84825e-08 2.72698e-08)
(0.034479 -0.000682166 0.000682162)
(0.0475184 -6.51195e-05 6.51278e-05)
(0.039266 2.72443e-05 -2.72647e-05)
(0.0430862 -1.01047e-05 1.01175e-05)
(0.0416355 3.83176e-06 -3.84542e-06)
(0.0421891 -1.42059e-06 1.44019e-06)
(0.04198 5.13006e-07 -5.24842e-07)
(0.042057 -1.78277e-07 1.87782e-07)
(0.0420303 6.49789e-08 -6.53617e-08)
(0.042039 -2.59102e-08 2.75113e-08)
(0.0420367 1.6797e-08 -1.48641e-08)
(0.0420371 -1.40288e-08 1.31284e-08)
(0.0420373 1.48472e-08 -1.27153e-08)
(0.042037 -1.53569e-08 1.35776e-08)
(0.0420373 1.68297e-08 -1.37707e-08)
(0.0420371 -1.66428e-08 1.50582e-08)
(0.0420373 1.75726e-08 -1.50862e-08)
(0.0420372 -1.80477e-08 1.55681e-08)
(0.0420373 1.83387e-08 -1.58651e-08)
(0.0420372 -1.83628e-08 1.5763e-08)
(0.0420372 1.80549e-08 -1.57334e-08)
(0.0420372 -1.83808e-08 1.38184e-08)
(0.042037 1.63879e-08 -1.34406e-08)
(0.0420373 -1.54627e-08 1.26712e-08)
(0.0420371 1.32236e-08 -1.21939e-08)
(0.0420372 -1.29557e-08 1.0662e-08)
(0.0420371 1.16798e-08 -1.00905e-08)
(0.0420372 -1.11238e-08 9.09144e-09)
(0.0644761 0.00103066 0.00120672)
(0.0909352 0.000119813 0.000113506)
(0.0764535 -4.81878e-05 -3.92225e-05)
(0.0829087 1.70013e-05 1.17773e-05)
(0.0804639 -6.40868e-06 -4.57098e-06)
(0.0813958 2.34961e-06 1.70431e-06)
(0.0810438 -8.39958e-07 -6.0431e-07)
(0.0811738 2.99465e-07 2.14436e-07)
(0.0811286 -1.15341e-07 -7.11082e-08)
(0.0811436 5.5954e-08 3.28213e-08)
(0.0811396 -4.38813e-08 -1.78658e-08)
(0.0811404 4.03571e-08 1.85596e-08)
(0.0811407 -4.25814e-08 -1.79287e-08)
(0.0811402 4.29554e-08 2.01843e-08)
(0.0811407 -4.77434e-08 -1.98684e-08)
(0.0811404 4.7327e-08 2.21492e-08)
(0.0811408 -5.06713e-08 -2.15986e-08)
(0.0811405 5.21166e-08 2.24797e-08)
(0.0811407 -5.38034e-08 -2.29336e-08)
(0.0811406 5.25748e-08 2.28877e-08)
(0.0811406 -5.29621e-08 -2.27369e-08)
(0.0811406 5.10231e-08 2.11736e-08)
(0.0811402 -4.41578e-08 -2.11296e-08)
(0.0811407 4.62487e-08 1.74413e-08)
(0.0811403 -3.49691e-08 -1.82695e-08)
(0.0811405 3.44872e-08 1.51645e-08)
(0.0811403 -2.77926e-08 -1.50126e-08)
(0.0811405 2.87172e-08 1.24676e-08)
(0.134013 0.00198881 0.00198881)
(0.19361 0.000220993 0.000221005)
(0.165574 -7.05985e-05 -7.06114e-05)
(0.177262 1.84846e-05 1.8482e-05)
(0.172836 -7.38977e-06 -7.38639e-06)
(0.174523 2.76677e-06 2.77591e-06)
(0.173884 -9.63746e-07 -9.75226e-07)
(0.174122 3.39574e-07 3.39147e-07)
(0.174038 -1.05603e-07 -1.04984e-07)
(0.174067 4.84414e-08 4.77779e-08)
(0.174059 -2.17428e-08 -2.23693e-08)
(0.174061 2.56668e-08 2.64674e-08)
(0.174061 -2.36894e-08 -2.49867e-08)
(0.17406 2.96718e-08 3.00605e-08)
(0.174061 -2.77117e-08 -2.77915e-08)
(0.174061 3.13489e-08 3.30286e-08)
(0.174062 -2.93817e-08 -3.05103e-08)
(0.174061 3.04504e-08 3.20151e-08)
(0.174061 -3.10514e-08 -3.22227e-08)
(0.174061 3.10776e-08 3.26212e-08)
(0.174061 -3.07311e-08 -3.17386e-08)
(0.174061 3.34317e-08 2.93193e-08)
(0.17406 -3.53934e-08 -3.17342e-08)
(0.174061 2.25011e-08 2.26319e-08)
(0.17406 -2.68073e-08 -2.81869e-08)
(0.174061 2.11806e-08 2.17975e-08)
(0.17406 -2.2976e-08 -2.4089e-08)
(0.174061 1.73274e-08 1.82075e-08)
(0.168162 0.00134116 0.00216857)
(0.24606 0.000166412 0.000253787)
(0.212365 -5.13418e-05 -8.01384e-05)
(0.225681 1.21236e-05 1.91881e-05)
(0.220601 -5.08045e-06 -7.85182e-06)
(0.222539 1.94177e-06 2.95972e-06)
(0.221807 -6.83251e-07 -1.02522e-06)
(0.222079 2.74171e-07 3.54847e-07)
(0.221984 -8.5732e-08 -1.05709e-07)
(0.222016 4.38078e-08 5.19423e-08)
(0.222008 -1.27074e-08 -2.55417e-08)
(0.22201 1.50233e-08 3.27448e-08)
(0.22201 -9.97395e-09 -3.09569e-08)
(0.222009 1.44035e-08 3.72652e-08)
(0.222011 -1.17094e-08 -3.43626e-08)
(0.22201 1.46097e-08 4.12615e-08)
(0.222011 -1.22415e-08 -3.8016e-08)
(0.22201 1.29236e-08 3.99721e-08)
(0.222011 -1.39671e-08 -4.04221e-08)
(0.22201 1.31219e-08 4.06999e-08)
(0.22201 -1.46182e-08 -3.98997e-08)
(0.22201 1.93974e-08 3.58353e-08)
(0.222009 -2.15457e-08 -3.917e-08)
(0.22201 1.05227e-08 2.84942e-08)
(0.222009 -1.24396e-08 -3.50287e-08)
(0.22201 7.34246e-09 2.66865e-08)
(0.222009 -7.59842e-09 -2.94015e-08)
(0.222009 4.94964e-09 2.2082e-08)
(0.178416 -1.80122e-08 0.00219449)
(0.262176 -1.04809e-08 0.000258918)
(0.22697 -3.40571e-08 -8.2125e-05)
(0.240597 5.61257e-08 1.90705e-05)
(0.235375 -6.01006e-08 -7.88594e-06)
(0.237367 4.16547e-08 2.98361e-06)
(0.236616 -1.34298e-08 -1.03131e-06)
(0.236895 4.31058e-08 3.55433e-07)
(0.236798 -7.86294e-09 -1.04178e-07)
(0.236831 8.12243e-09 5.14006e-08)
(0.236822 8.24571e-09 -2.48917e-08)
(0.236824 -6.32541e-09 3.28559e-08)
(0.236825 1.08647e-08 -3.0849e-08)
(0.236824 -8.86012e-09 3.74909e-08)
(0.236825 1.17022e-08 -3.41377e-08)
(0.236825 -1.09171e-08 4.16337e-08)
(0.236826 1.28285e-08 -3.79863e-08)
(0.236825 -1.32386e-08 3.99578e-08)
(0.236826 1.27769e-08 -4.03952e-08)
(0.236825 -1.36479e-08 4.07296e-08)
(0.236825 1.18271e-08 -3.98382e-08)
(0.236825 -4.96187e-09 3.55853e-08)
(0.236824 2.62211e-09 -3.98246e-08)
(0.236825 -1.04519e-08 2.81542e-08)
(0.236824 9.06035e-09 -3.56594e-08)
(0.236824 -1.08223e-08 2.67809e-08)
(0.236824 1.03551e-08 -2.99268e-08)
(0.236824 -1.03527e-08 2.18963e-08)
(0.168162 -0.00134119 0.00216857)
(0.24606 -0.000166424 0.000253792)
(0.212364 5.12724e-05 -8.01337e-05)
(0.225682 -1.20258e-05 1.91789e-05)
(0.220601 4.97317e-06 -7.84477e-06)
(0.222539 -1.85949e-06 2.95627e-06)
(0.221807 6.51782e-07 -1.02561e-06)
(0.222079 -1.95893e-07 3.50558e-07)
(0.221984 7.18353e-08 -1.06806e-07)
(0.222017 -2.84987e-08 5.19033e-08)
(0.222008 2.6794e-08 -2.77791e-08)
(0.22201 -2.50758e-08 3.45365e-08)
(0.22201 2.84616e-08 -3.31755e-08)
(0.222009 -2.93594e-08 3.93558e-08)
(0.222011 3.20911e-08 -3.68853e-08)
(0.22201 -3.26858e-08 4.352e-08)
(0.222011 3.39883e-08 -4.08892e-08)
(0.22201 -3.5334e-08 4.26295e-08)
(0.222011 3.54553e-08 -4.32903e-08)
(0.22201 -3.63006e-08 4.33943e-08)
(0.22201 3.45432e-08 -4.23363e-08)
(0.22201 -2.97992e-08 3.82124e-08)
(0.22201 2.72329e-08 -4.13106e-08)
(0.22201 -2.84638e-08 3.08546e-08)
(0.22201 2.75619e-08 -3.66889e-08)
(0.22201 -2.61174e-08 2.87719e-08)
(0.222009 2.5536e-08 -3.08503e-08)
(0.222009 -2.29467e-08 2.36214e-08)
(0.134013 -0.00198883 0.00198881)
(0.19361 -0.000220994 0.000221007)
(0.165573 7.05449e-05 -7.06042e-05)
(0.177262 -1.84215e-05 1.84689e-05)
(0.172836 7.32371e-06 -7.37779e-06)
(0.174523 -2.70824e-06 2.77336e-06)
(0.173884 9.38537e-07 -9.77516e-07)
(0.174122 -2.93233e-07 3.35203e-07)
(0.174038 1.00222e-07 -1.06914e-07)
(0.174067 -4.084e-08 4.81172e-08)
(0.174059 3.29906e-08 -2.57786e-08)
(0.174061 -3.361e-08 2.92212e-08)
(0.174061 3.73239e-08 -2.83788e-08)
(0.17406 -4.16133e-08 3.29907e-08)
(0.174061 4.39866e-08 -3.14004e-08)
(0.174061 -4.43641e-08 3.64707e-08)
(0.174062 4.55063e-08 -3.47162e-08)
(0.174061 -4.6956e-08 3.60381e-08)
(0.174061 4.70241e-08 -3.65366e-08)
(0.174061 -4.82212e-08 3.66359e-08)
(0.174061 4.57292e-08 -3.55538e-08)
(0.174061 -4.79196e-08 3.21634e-08)
(0.17406 4.59907e-08 -3.40361e-08)
(0.174061 -3.6352e-08 2.64489e-08)
(0.17406 3.7334e-08 -3.05917e-08)
(0.174061 -3.46217e-08 2.48214e-08)
(0.17406 3.47255e-08 -2.60252e-08)
(0.174061 -2.8872e-08 2.04867e-08)
(0.0644761 -0.00103066 0.00120673)
(0.0909352 -0.000119802 0.00011351)
(0.0764535 4.81594e-05 -3.92247e-05)
(0.0829088 -1.69885e-05 1.17737e-05)
(0.0804638 6.38773e-06 -4.56814e-06)
(0.0813958 -2.32086e-06 1.70677e-06)
(0.0810438 8.19764e-07 -6.07276e-07)
(0.0811738 -2.8061e-07 2.12159e-07)
(0.0811286 1.10949e-07 -7.06603e-08)
(0.0811436 -5.01344e-08 3.2534e-08)
(0.0811396 4.35385e-08 -1.85147e-08)
(0.0811404 -3.85928e-08 1.92915e-08)
(0.0811407 4.27721e-08 -1.86886e-08)
(0.0811402 -4.22986e-08 2.09146e-08)
(0.0811408 4.82691e-08 -2.03763e-08)
(0.0811404 -4.6661e-08 2.316e-08)
(0.0811409 5.07006e-08 -2.25687e-08)
(0.0811405 -5.21946e-08 2.34186e-08)
(0.0811407 5.35066e-08 -2.38574e-08)
(0.0811406 -5.27842e-08 2.37856e-08)
(0.0811406 5.28299e-08 -2.34827e-08)
(0.0811406 -5.09728e-08 2.03459e-08)
(0.0811402 4.23302e-08 -2.07838e-08)
(0.0811407 -4.65953e-08 1.78459e-08)
(0.0811403 3.49801e-08 -1.91656e-08)
(0.0811405 -3.57182e-08 1.57935e-08)
(0.0811403 2.95989e-08 -1.58202e-08)
(0.0811405 -3.08945e-08 1.31079e-08)
(0.0779016 0.0010038 0.000764817)
(0.111236 0.000127552 8.08643e-05)
(0.0943813 -5.22409e-05 -2.79102e-05)
(0.10166 1.81321e-05 7.98185e-06)
(0.0988969 -6.83354e-06 -3.17769e-06)
(0.0999501 2.49939e-06 1.21351e-06)
(0.0995529 -8.87181e-07 -4.35723e-07)
(0.0996994 3.14363e-07 1.65423e-07)
(0.0996488 -1.19026e-07 -4.94696e-08)
(0.0996656 5.96737e-08 2.33787e-08)
(0.0996612 -4.52472e-08 -5.54566e-09)
(0.099662 4.29966e-08 7.41431e-09)
(0.0996625 -4.46534e-08 -4.6253e-09)
(0.0996618 4.59426e-08 6.97415e-09)
(0.0996626 -4.97591e-08 -4.38225e-09)
(0.0996622 5.06748e-08 7.84836e-09)
(0.0996627 -5.33138e-08 -5.72453e-09)
(0.0996623 5.5162e-08 6.19361e-09)
(0.0996626 -5.67153e-08 -6.40119e-09)
(0.0996624 5.57771e-08 6.34589e-09)
(0.0996624 -5.55307e-08 -6.62393e-09)
(0.0996624 5.38152e-08 4.41945e-09)
(0.0996619 -4.79443e-08 -7.274e-09)
(0.0996625 4.72524e-08 3.10596e-09)
(0.099662 -3.81326e-08 -7.53612e-09)
(0.0996622 3.59419e-08 3.5029e-09)
(0.099662 -3.01542e-08 -5.08353e-09)
(0.0996621 3.03886e-08 2.69512e-09)
(0.168162 0.00216857 0.00134116)
(0.24606 0.000253771 0.000166433)
(0.212365 -8.01223e-05 -5.13632e-05)
(0.225681 1.91929e-05 1.21164e-05)
(0.220601 -7.85661e-06 -5.0724e-06)
(0.222539 2.94786e-06 1.95785e-06)
(0.221807 -1.01069e-06 -7.03295e-07)
(0.222079 3.56162e-07 2.71362e-07)
(0.221984 -1.06284e-07 -8.44233e-08)
(0.222016 5.256e-08 4.22515e-08)
(0.222008 -2.44876e-08 -1.38985e-08)
(0.22201 3.15599e-08 1.66504e-08)
(0.22201 -2.91695e-08 -1.23217e-08)
(0.222009 3.65366e-08 1.53283e-08)
(0.222011 -3.3991e-08 -1.22007e-08)
(0.22201 3.89297e-08 1.76624e-08)
(0.222011 -3.64362e-08 -1.4653e-08)
(0.22201 3.78026e-08 1.57722e-08)
(0.222011 -3.87907e-08 -1.6464e-08)
(0.22201 3.85503e-08 1.5927e-08)
(0.22201 -3.86289e-08 -1.67459e-08)
(0.22201 4.06704e-08 1.1659e-08)
(0.222009 -4.30533e-08 -1.4726e-08)
(0.22201 2.80353e-08 1.13253e-08)
(0.222009 -3.315e-08 -1.4994e-08)
(0.22201 2.5883e-08 8.79142e-09)
(0.222009 -2.79921e-08 -9.69805e-09)
(0.222009 2.09233e-08 6.87595e-09)
(0.214289 0.00150175 0.00150175)
(0.317636 0.00019776 0.000197788)
(0.276691 -5.92516e-05 -5.92788e-05)
(0.29176 1.23101e-05 1.22997e-05)
(0.285925 -5.42015e-06 -5.41003e-06)
(0.288155 2.09e-06 2.11089e-06)
(0.287316 -7.22029e-07 -7.47172e-07)
(0.287627 2.90452e-07 2.86252e-07)
(0.287519 -8.4531e-08 -8.30766e-08)
(0.287556 4.54139e-08 4.37581e-08)
(0.287547 -9.34651e-09 -1.11203e-08)
(0.287549 1.4712e-08 1.69412e-08)
(0.28755 -7.97203e-09 -1.10639e-08)
(0.287549 1.41853e-08 1.55473e-08)
(0.28755 -9.39151e-09 -1.02347e-08)
(0.28755 1.42501e-08 1.83411e-08)
(0.287551 -1.03792e-08 -1.35246e-08)
(0.28755 1.11966e-08 1.49616e-08)
(0.287551 -1.22847e-08 -1.55334e-08)
(0.28755 1.14916e-08 1.5213e-08)
(0.28755 -1.30735e-08 -1.57382e-08)
(0.28755 1.83207e-08 9.0458e-09)
(0.287549 -2.25622e-08 -1.50006e-08)
(0.28755 7.29819e-09 8.66588e-09)
(0.287549 -1.33672e-08 -1.67581e-08)
(0.287549 5.85875e-09 7.62839e-09)
(0.287549 -8.0623e-09 -1.06978e-08)
(0.287549 3.87794e-09 6.32081e-09)
(0.228376 -2.49804e-08 0.00153004)
(0.339985 -1.37089e-08 0.000203984)
(0.297088 -3.8927e-08 -6.10336e-05)
(0.312438 6.43275e-08 1.20811e-05)
(0.306446 -6.78613e-08 -5.42476e-06)
(0.308738 4.74845e-08 2.12675e-06)
(0.307878 -1.36468e-08 -7.49437e-07)
(0.308197 4.90563e-08 2.82438e-07)
(0.308086 -7.30242e-09 -8.04304e-08)
(0.308124 8.40784e-09 4.22039e-08)
(0.308115 1.01372e-08 -1.01489e-08)
(0.308117 -7.33665e-09 1.67403e-08)
(0.308118 1.26705e-08 -1.06632e-08)
(0.308117 -1.02642e-08 1.55147e-08)
(0.308119 1.37193e-08 -9.67557e-09)
(0.308118 -1.25103e-08 1.84188e-08)
(0.308119 1.47132e-08 -1.33131e-08)
(0.308118 -1.52894e-08 1.46589e-08)
(0.308119 1.4578e-08 -1.52898e-08)
(0.308119 -1.58085e-08 1.49299e-08)
(0.308119 1.33429e-08 -1.52965e-08)
(0.308118 -6.62765e-09 7.21069e-09)
(0.308117 4.09115e-09 -1.40622e-08)
(0.308118 -1.21449e-08 7.83438e-09)
(0.308117 1.01982e-08 -1.73046e-08)
(0.308117 -1.24043e-08 7.61273e-09)
(0.308117 1.17659e-08 -1.13786e-08)
(0.308116 -1.14985e-08 6.52371e-09)
(0.214289 -0.00150179 0.00150176)
(0.317636 -0.000197774 0.000197792)
(0.276691 5.91668e-05 -5.92689e-05)
(0.29176 -1.21938e-05 1.22837e-05)
(0.285925 5.29763e-06 -5.39326e-06)
(0.288155 -1.99525e-06 2.10075e-06)
(0.287316 6.89621e-07 -7.43031e-07)
(0.287627 -2.01786e-07 2.74393e-07)
(0.287519 7.29486e-08 -8.16378e-08)
(0.287556 -2.99569e-08 4.1244e-08)
(0.287547 2.83931e-08 -1.31488e-08)
(0.287549 -2.75294e-08 1.85058e-08)
(0.28755 3.11524e-08 -1.35518e-08)
(0.287549 -3.26661e-08 1.77563e-08)
(0.28755 3.50507e-08 -1.3061e-08)
(0.287549 -3.63806e-08 2.07644e-08)
(0.287551 3.70827e-08 -1.68194e-08)
(0.28755 -3.89204e-08 1.78795e-08)
(0.287551 3.86536e-08 -1.87967e-08)
(0.28755 -4.01412e-08 1.81179e-08)
(0.28755 3.74612e-08 -1.85529e-08)
(0.28755 -3.31479e-08 9.57238e-09)
(0.287549 3.13323e-08 -1.50036e-08)
(0.28755 -3.01968e-08 1.13008e-08)
(0.287549 3.10475e-08 -1.88064e-08)
(0.287549 -2.86105e-08 1.03518e-08)
(0.287549 2.89262e-08 -1.30779e-08)
(0.287549 -2.47775e-08 9.14862e-09)
(0.168162 -0.0021686 0.00134116)
(0.24606 -0.000253773 0.000166437)
(0.212364 8.00553e-05 -5.13479e-05)
(0.225682 -1.91176e-05 1.20935e-05)
(0.220601 7.77856e-06 -5.04842e-06)
(0.222539 -2.87729e-06 1.94226e-06)
(0.221807 9.82411e-07 -6.96438e-07)
(0.222079 -3.01172e-07 2.54541e-07)
(0.221984 1.02365e-07 -8.19091e-08)
(0.222017 -4.38253e-08 3.90681e-08)
(0.222008 3.86003e-08 -1.70189e-08)
(0.22201 -4.05304e-08 1.94746e-08)
(0.22201 4.54216e-08 -1.62349e-08)
(0.222009 -5.009e-08 1.89884e-08)
(0.222011 5.32627e-08 -1.64613e-08)
(0.22201 -5.38172e-08 2.19077e-08)
(0.222011 5.51905e-08 -1.98731e-08)
(0.22201 -5.71607e-08 2.06199e-08)
(0.222011 5.72997e-08 -2.16051e-08)
(0.22201 -5.86065e-08 2.08433e-08)
(0.222011 5.59109e-08 -2.13837e-08)
(0.22201 -5.71254e-08 1.33412e-08)
(0.22201 5.41978e-08 -1.59459e-08)
(0.22201 -4.48574e-08 1.52216e-08)
(0.22201 4.47192e-08 -1.86442e-08)
(0.22201 -4.17531e-08 1.28385e-08)
(0.222009 4.13635e-08 -1.36334e-08)
(0.222009 -3.44584e-08 1.10161e-08)
(0.0779015 -0.0010038 0.000764824)
(0.111236 -0.000127541 8.08633e-05)
(0.0943812 5.22077e-05 -2.78981e-05)
(0.101661 -1.81149e-05 7.96366e-06)
(0.0988968 6.80952e-06 -3.15967e-06)
(0.0999502 -2.46755e-06 1.20084e-06)
(0.0995529 8.65935e-07 -4.31202e-07)
(0.0996995 -2.93293e-07 1.53702e-07)
(0.0996488 1.15253e-07 -4.82132e-08)
(0.0996656 -5.38043e-08 2.16308e-08)
(0.0996613 4.63097e-08 -8.48151e-09)
(0.099662 -4.22222e-08 9.8967e-09)
(0.0996625 4.62124e-08 -8.16006e-09)
(0.0996618 -4.65182e-08 1.01859e-08)
(0.0996626 5.20629e-08 -8.27557e-09)
(0.0996621 -5.11824e-08 1.144e-08)
(0.0996627 5.5049e-08 -1.00368e-08)
(0.0996623 -5.67705e-08 1.04209e-08)
(0.0996626 5.8099e-08 -1.07068e-08)
(0.0996624 -5.75317e-08 1.05828e-08)
(0.0996624 5.6973e-08 -1.04854e-08)
(0.0996624 -5.57568e-08 6.92034e-09)
(0.0996619 4.74796e-08 -9.14858e-09)
(0.0996625 -4.91461e-08 6.57804e-09)
(0.099662 3.87957e-08 -1.02775e-08)
(0.0996621 -3.84236e-08 6.84231e-09)
(0.099662 3.26906e-08 -8.07667e-09)
(0.0996621 -3.35426e-08 5.78922e-09)
(0.0818041 0.00098039 -9.93445e-09)
(0.117286 0.000126679 1.03781e-08)
(0.0998157 -5.25288e-05 -3.03327e-08)
(0.107267 1.8138e-05 2.64009e-08)
(0.104433 -6.84052e-06 -2.75876e-08)
(0.105513 2.50231e-06 3.21011e-08)
(0.105106 -8.85258e-07 -1.96946e-08)
(0.105256 3.11425e-07 2.10753e-08)
(0.105204 -1.15757e-07 -4.47221e-09)
(0.105222 5.79391e-08 3.18879e-09)
(0.105217 -4.27414e-08 3.46955e-09)
(0.105218 4.11334e-08 -2.63895e-09)
(0.105219 -4.24268e-08 4.51371e-09)
(0.105218 4.41739e-08 -4.20569e-09)
(0.105219 -4.71249e-08 5.71054e-09)
(0.105218 4.87772e-08 -4.37181e-09)
(0.105219 -5.07362e-08 5.3481e-09)
(0.105218 5.26804e-08 -5.56596e-09)
(0.105219 -5.39252e-08 5.37445e-09)
(0.105219 5.33205e-08 -5.81331e-09)
(0.105219 -5.26669e-08 5.0569e-09)
(0.105219 5.12087e-08 -7.04403e-09)
(0.105218 -4.64792e-08 5.46228e-09)
(0.105219 4.40826e-08 -4.96106e-09)
(0.105218 -3.71215e-08 3.52933e-09)
(0.105218 3.41684e-08 -4.77728e-09)
(0.105218 -2.95496e-08 4.57045e-09)
(0.105218 2.93226e-08 -4.18784e-09)
(0.178416 0.00219449 -1.51111e-08)
(0.262176 0.0002589 1.30704e-08)
(0.22697 -8.21074e-05 -5.59485e-08)
(0.240597 1.90765e-05 4.51209e-08)
(0.235375 -7.8909e-06 -4.88415e-08)
(0.237367 2.97032e-06 5.85347e-08)
(0.236616 -1.01586e-06 -3.48549e-08)
(0.236895 3.57584e-07 3.81376e-08)
(0.236798 -1.04786e-07 -6.52422e-09)
(0.236831 5.19667e-08 6.19875e-09)
(0.236822 -2.36636e-08 6.69871e-09)
(0.236824 3.14941e-08 -4.20059e-09)
(0.236825 -2.891e-08 8.09377e-09)
(0.236824 3.65553e-08 -7.39979e-09)
(0.236825 -3.35864e-08 1.05794e-08)
(0.236825 3.90513e-08 -7.36455e-09)
(0.236826 -3.62038e-08 9.60046e-09)
(0.236825 3.75726e-08 -9.86715e-09)
(0.236825 -3.8565e-08 9.44838e-09)
(0.236825 3.83469e-08 -1.03228e-08)
(0.236825 -3.8528e-08 8.94933e-09)
(0.236825 4.01129e-08 -1.33472e-08)
(0.236824 -4.30143e-08 9.96716e-09)
(0.236825 2.75377e-08 -8.89908e-09)
(0.236824 -3.35454e-08 6.08589e-09)
(0.236824 2.5917e-08 -8.84046e-09)
(0.236824 -2.84095e-08 7.96315e-09)
(0.236824 2.05972e-08 -7.77939e-09)
(0.228376 0.00153003 -2.12322e-08)
(0.339985 0.000203954 1.70021e-08)
(0.297088 -6.10054e-05 -6.68695e-08)
(0.312438 1.20932e-05 4.98744e-08)
(0.306446 -5.43555e-06 -5.40424e-08)
(0.308738 2.10409e-06 6.89039e-08)
(0.307878 -7.23028e-07 -4.02451e-08)
(0.308197 2.87739e-07 4.25427e-08)
(0.308086 -8.20002e-08 -5.82037e-09)
(0.308124 4.39995e-08 6.34833e-09)
(0.308115 -8.26308e-09 8.01345e-09)
(0.308117 1.43939e-08 -4.57495e-09)
(0.308118 -7.45658e-09 9.15291e-09)
(0.308117 1.40917e-08 -8.24916e-09)
(0.308119 -8.77902e-09 1.21434e-08)
(0.308118 1.41361e-08 -7.9089e-09)
(0.308119 -1.00174e-08 1.07005e-08)
(0.308118 1.07555e-08 -1.09799e-08)
(0.308119 -1.18847e-08 1.04537e-08)
(0.308119 1.10805e-08 -1.15378e-08)
(0.308119 -1.25763e-08 9.91137e-09)
(0.308118 1.7311e-08 -1.6376e-08)
(0.308117 -2.21502e-08 1.19453e-08)
(0.308118 6.29227e-09 -1.00511e-08)
(0.308117 -1.3722e-08 6.35803e-09)
(0.308117 5.76588e-09 -1.00742e-08)
(0.308117 -8.58065e-09 8.77893e-09)
(0.308116 3.94745e-09 -8.39566e-09)
(0.243715 -2.16993e-08 -1.77671e-08)
(0.364406 -1.0934e-08 2.12851e-08)
(0.319435 -3.75307e-08 -6.65408e-08)
(0.335034 5.90271e-08 4.34553e-08)
(0.328884 -6.09008e-08 -4.65987e-08)
(0.331239 4.30722e-08 6.57916e-08)
(0.330357 -1.09394e-08 -3.8812e-08)
(0.330684 4.46379e-08 3.77411e-08)
(0.330571 -5.75684e-09 -4.25439e-09)
(0.33061 7.12015e-09 5.06287e-09)
(0.330601 1.0083e-08 7.74933e-09)
(0.330603 -6.89513e-09 -3.94469e-09)
(0.330604 1.21596e-08 8.39235e-09)
(0.330602 -9.53616e-09 -7.43313e-09)
(0.330604 1.30077e-08 1.13295e-08)
(0.330604 -1.18687e-08 -6.94772e-09)
(0.330605 1.37482e-08 9.50138e-09)
(0.330604 -1.4611e-08 -1.00196e-08)
(0.330605 1.35734e-08 9.20058e-09)
(0.330605 -1.51486e-08 -1.0604e-08)
(0.330605 1.25311e-08 8.86845e-09)
(0.330604 -6.60178e-09 -1.7006e-08)
(0.330603 4.10092e-09 1.23931e-08)
(0.330604 -1.16172e-08 -9.19416e-09)
(0.330603 9.48396e-09 5.40134e-09)
(0.330603 -1.16113e-08 -9.17242e-09)
(0.330602 1.09611e-08 7.83808e-09)
(0.330602 -1.04671e-08 -7.17728e-09)
(0.228376 -0.00153007 -8.87607e-09)
(0.339985 -0.000203967 2.11086e-08)
(0.297088 6.09297e-05 -5.19557e-08)
(0.312438 -1.19904e-05 2.61858e-08)
(0.306446 5.32555e-06 -3.14734e-08)
(0.308738 -2.01846e-06 5.2829e-08)
(0.307878 6.95224e-07 -3.38059e-08)
(0.308197 -2.05767e-07 2.89846e-08)
(0.308086 7.17223e-08 -4.48358e-09)
(0.308124 -2.93068e-08 4.79641e-09)
(0.308115 2.51237e-08 3.94795e-09)
(0.308117 -2.44975e-08 -3.89499e-10)
(0.308118 2.77651e-08 4.21969e-09)
(0.308117 -2.94795e-08 -3.28599e-09)
(0.308119 3.11686e-08 6.47407e-09)
(0.308118 -3.28219e-08 -2.43514e-09)
(0.308119 3.27112e-08 4.1013e-09)
(0.308118 -3.47366e-08 -4.78475e-09)
(0.308119 3.41414e-08 3.7767e-09)
(0.308119 -3.59522e-08 -5.25054e-09)
(0.308119 3.3015e-08 3.64268e-09)
(0.308118 -2.93805e-08 -1.22293e-08)
(0.308117 2.85856e-08 8.54629e-09)
(0.308118 -2.61578e-08 -4.76821e-09)
(0.308117 2.86782e-08 2.08072e-09)
(0.308117 -2.58682e-08 -5.47267e-09)
(0.308117 2.70383e-08 4.70119e-09)
(0.308116 -2.22149e-08 -3.93467e-09)
(0.178416 -0.00219452 -5.36034e-09)
(0.262176 -0.000258901 1.4076e-08)
(0.22697 8.20459e-05 -3.17786e-08)
(0.240597 -1.90087e-05 1.18155e-08)
(0.235375 7.81881e-06 -1.20067e-08)
(0.237367 -2.9048e-06 2.94775e-08)
(0.236616 9.90419e-07 -1.91211e-08)
(0.236895 -3.05295e-07 1.37925e-08)
(0.236798 1.01346e-07 -1.55559e-09)
(0.236831 -4.29874e-08 1.16869e-09)
(0.236822 3.60921e-08 3.13099e-09)
(0.236824 -3.84127e-08 -6.17133e-10)
(0.236825 4.30771e-08 2.89546e-09)
(0.236824 -4.78593e-08 -2.32456e-09)
(0.236825 5.05255e-08 4.74008e-09)
(0.236825 -5.13794e-08 -1.59393e-09)
(0.236826 5.21561e-08 2.75399e-09)
(0.236825 -5.41995e-08 -3.31589e-09)
(0.236826 5.41855e-08 2.57092e-09)
(0.236825 -5.56226e-08 -3.69236e-09)
(0.236825 5.28997e-08 2.63584e-09)
(0.236825 -5.3942e-08 -9.68915e-09)
(0.236824 5.17415e-08 7.18612e-09)
(0.236825 -4.21345e-08 -3.74912e-09)
(0.236824 4.3131e-08 1.03952e-09)
(0.236824 -4.00492e-08 -3.42513e-09)
(0.236824 4.01862e-08 2.46975e-09)
(0.236824 -3.26122e-08 -2.02055e-09)
(0.081804 -0.000980394 1.66079e-09)
(0.117286 -0.000126669 3.87323e-09)
(0.0998156 5.25e-05 -1.09554e-08)
(0.107267 -1.81223e-05 2.83e-09)
(0.104433 6.81866e-06 -4.14021e-09)
(0.105513 -2.47385e-06 1.20572e-08)
(0.105106 8.66977e-07 -9.7856e-09)
(0.105256 -2.92551e-07 6.89688e-09)
(0.105205 1.12771e-07 -2.21185e-09)
(0.105222 -5.2708e-08 1.39602e-09)
(0.105217 4.3703e-08 -1.36011e-10)
(0.105218 -4.03801e-08 1.04731e-09)
(0.105219 4.38238e-08 -1.32391e-10)
(0.105218 -4.47691e-08 3.05914e-10)
(0.105219 4.95388e-08 5.05382e-10)
(0.105218 -4.89535e-08 7.28641e-10)
(0.105219 5.24358e-08 -5.42783e-10)
(0.105218 -5.39711e-08 2.40374e-10)
(0.105219 5.53204e-08 -5.92968e-10)
(0.105219 -5.47442e-08 6.16833e-11)
(0.105219 5.39665e-08 -6.61945e-10)
(0.105219 -5.31748e-08 -2.673e-09)
(0.105218 4.61059e-08 2.00774e-09)
(0.105219 -4.60383e-08 -1.44928e-10)
(0.105218 3.74254e-08 -4.14097e-10)
(0.105218 -3.65428e-08 -5.41058e-10)
(0.105218 3.15659e-08 5.44497e-10)
(0.105218 -3.22424e-08 -7.70857e-11)
(0.0779016 0.00100379 -0.000764832)
(0.111236 0.000127555 -8.0846e-05)
(0.0943813 -5.22416e-05 2.78523e-05)
(0.10166 1.81339e-05 -7.93152e-06)
(0.0988968 -6.83389e-06 3.1265e-06)
(0.0999501 2.49985e-06 -1.15441e-06)
(0.0995529 -8.86502e-07 4.00608e-07)
(0.0996994 3.13302e-07 -1.27386e-07)
(0.0996488 -1.18247e-07 4.27101e-08)
(0.0996656 5.87294e-08 -1.781e-08)
(0.0996612 -4.4938e-08 1.29952e-08)
(0.099662 4.2454e-08 -1.28336e-08)
(0.0996625 -4.42957e-08 1.38213e-08)
(0.0996618 4.5446e-08 -1.53273e-08)
(0.0996626 -4.93484e-08 1.59868e-08)
(0.0996621 5.01888e-08 -1.65367e-08)
(0.0996627 -5.28423e-08 1.65567e-08)
(0.0996623 5.46828e-08 -1.73912e-08)
(0.0996626 -5.61651e-08 1.7312e-08)
(0.0996624 5.52355e-08 -1.7964e-08)
(0.0996624 -5.51059e-08 1.69573e-08)
(0.0996624 5.30146e-08 -1.82429e-08)
(0.0996619 -4.70678e-08 1.76286e-08)
(0.0996625 4.69123e-08 -1.35003e-08)
(0.099662 -3.78056e-08 1.42424e-08)
(0.0996622 3.55865e-08 -1.29686e-08)
(0.099662 -2.99424e-08 1.35813e-08)
(0.0996621 3.08229e-08 -1.09299e-08)
(0.168162 0.00216857 -0.00134118)
(0.24606 0.000253773 -0.00016641)
(0.212364 -8.01165e-05 5.12604e-05)
(0.225681 1.9185e-05 -1.20345e-05)
(0.220601 -7.84916e-06 4.98194e-06)
(0.222539 2.94262e-06 -1.84979e-06)
(0.221807 -1.01028e-06 6.39076e-07)
(0.222079 3.52747e-07 -2.00458e-07)
(0.221984 -1.07335e-07 7.26989e-08)
(0.222017 5.22812e-08 -3.01479e-08)
(0.222008 -2.64615e-08 2.57857e-08)
(0.22201 3.29872e-08 -2.37434e-08)
(0.22201 -3.12033e-08 2.66795e-08)
(0.222009 3.82325e-08 -2.84284e-08)
(0.222011 -3.6116e-08 3.12741e-08)
(0.22201 4.09019e-08 -3.04377e-08)
(0.222011 -3.8873e-08 3.18097e-08)
(0.22201 4.01967e-08 -3.31762e-08)
(0.222011 -4.12201e-08 3.32165e-08)
(0.22201 4.09555e-08 -3.41774e-08)
(0.22201 -4.08733e-08 3.25608e-08)
(0.22201 4.21706e-08 -3.54577e-08)
(0.22201 -4.39031e-08 3.23043e-08)
(0.22201 3.00333e-08 -2.72135e-08)
(0.22201 -3.4559e-08 2.56412e-08)
(0.22201 2.77515e-08 -2.46937e-08)
(0.222009 -2.93556e-08 2.39162e-08)
(0.222009 2.22656e-08 -2.11333e-08)
(0.214289 0.00150176 -0.00150179)
(0.317636 0.000197763 -0.000197755)
(0.276691 -5.92416e-05 5.91512e-05)
(0.29176 1.22957e-05 -1.22051e-05)
(0.285925 -5.4038e-06 5.30814e-06)
(0.288155 2.07838e-06 -1.98259e-06)
(0.287316 -7.17284e-07 6.73336e-07)
(0.287627 2.79859e-07 -2.07232e-07)
(0.287519 -8.3147e-08 7.38446e-08)
(0.287556 4.30306e-08 -3.16425e-08)
(0.287547 -1.13214e-08 2.68646e-08)
(0.287549 1.61902e-08 -2.56443e-08)
(0.28755 -1.04631e-08 2.87123e-08)
(0.287549 1.63485e-08 -3.12889e-08)
(0.28755 -1.21696e-08 3.37981e-08)
(0.287549 1.66386e-08 -3.3296e-08)
(0.287551 -1.35463e-08 3.41888e-08)
(0.28755 1.41178e-08 -3.59753e-08)
(0.287551 -1.54184e-08 3.56791e-08)
(0.28755 1.44108e-08 -3.72357e-08)
(0.28755 -1.58735e-08 3.48616e-08)
(0.28755 1.93923e-08 -3.97927e-08)
(0.287549 -2.29199e-08 3.69951e-08)
(0.28755 9.80748e-09 -2.84019e-08)
(0.287549 -1.5355e-08 2.84709e-08)
(0.287549 8.49926e-09 -2.68463e-08)
(0.287549 -1.03783e-08 2.68809e-08)
(0.287549 6.59104e-09 -2.24632e-08)
(0.228376 -1.2658e-08 -0.00153007)
(0.339985 -1.00032e-08 -0.000203947)
(0.297088 -2.37346e-08 6.0912e-05)
(0.312438 4.08837e-08 -1.20022e-05)
(0.306446 -4.5419e-08 5.33698e-06)
(0.308738 3.11196e-08 -2.00466e-06)
(0.307878 -6.94994e-09 6.77331e-07)
(0.308197 3.56349e-08 -2.11537e-07)
(0.308086 -5.97343e-09 7.2767e-08)
(0.308124 6.86276e-09 -3.11509e-08)
(0.308115 6.10062e-09 2.35005e-08)
(0.308117 -3.19407e-09 -2.25236e-08)
(0.308118 7.77066e-09 2.51383e-08)
(0.308117 -5.34083e-09 -2.8038e-08)
(0.308119 8.08235e-09 2.99117e-08)
(0.308118 -7.08458e-09 -2.94671e-08)
(0.308119 8.16795e-09 2.96956e-08)
(0.308118 -9.13607e-09 -3.15519e-08)
(0.308119 7.95569e-09 3.1046e-08)
(0.308119 -9.56278e-09 -3.28046e-08)
(0.308119 7.11186e-09 3.03221e-08)
(0.308118 -2.40505e-09 -3.66537e-08)
(0.308117 6.63139e-10 3.4663e-08)
(0.308118 -6.89696e-09 -2.43254e-08)
(0.308117 5.96221e-09 2.58701e-08)
(0.308117 -7.83197e-09 -2.40414e-08)
(0.308117 7.72063e-09 2.47892e-08)
(0.308116 -7.07026e-09 -1.97904e-08)
(0.214289 -0.00150178 -0.00150178)
(0.317636 -0.000197776 -0.000197756)
(0.27669 5.91872e-05 5.91698e-05)
(0.29176 -1.22196e-05 -1.22307e-05)
(0.285925 5.32395e-06 5.33523e-06)
(0.288155 -2.01776e-06 -2.00467e-06)
(0.287316 7.02464e-07 6.84789e-07)
(0.287627 -2.19011e-07 -2.24091e-07)
(0.287519 7.63059e-08 7.73039e-08)
(0.287557 -3.27492e-08 -3.44966e-08)
(0.287547 2.53801e-08 2.37753e-08)
(0.287549 -2.42042e-08 -2.2184e-08)
(0.28755 2.69847e-08 2.43362e-08)
(0.287549 -2.83437e-08 -2.68326e-08)
(0.28755 3.03255e-08 2.89801e-08)
(0.287549 -3.14448e-08 -2.81131e-08)
(0.287551 3.15365e-08 2.84421e-08)
(0.28755 -3.35094e-08 -3.03064e-08)
(0.287551 3.30492e-08 2.98671e-08)
(0.28755 -3.46278e-08 -3.14602e-08)
(0.28755 3.2173e-08 2.93279e-08)
(0.28755 -2.9059e-08 -3.60342e-08)
(0.287549 2.77115e-08 3.37343e-08)
(0.28755 -2.5991e-08 -2.41462e-08)
(0.287549 2.68889e-08 2.41235e-08)
(0.287549 -2.45734e-08 -2.26832e-08)
(0.287549 2.46645e-08 2.24749e-08)
(0.287549 -2.05609e-08 -1.80982e-08)
(0.168162 -0.00216859 -0.00134118)
(0.246061 -0.000253774 -0.000166412)
(0.212364 8.00677e-05 5.12843e-05)
(0.225682 -1.91325e-05 -1.2066e-05)
(0.220601 7.79189e-06 5.01602e-06)
(0.222539 -2.89024e-06 -1.87837e-06)
(0.221807 9.9043e-07 6.55106e-07)
(0.222079 -3.10126e-07 -2.22302e-07)
(0.221984 1.04466e-07 7.78205e-08)
(0.222017 -4.45681e-08 -3.45064e-08)
(0.222008 3.62375e-08 2.20649e-08)
(0.22201 -3.78798e-08 -1.97678e-08)
(0.22201 4.23467e-08 2.11865e-08)
(0.222009 -4.68244e-08 -2.31646e-08)
(0.222011 4.96393e-08 2.52398e-08)
(0.22201 -5.01333e-08 -2.4195e-08)
(0.222011 5.11454e-08 2.47604e-08)
(0.22201 -5.31185e-08 -2.61816e-08)
(0.222011 5.31628e-08 2.60209e-08)
(0.22201 -5.44451e-08 -2.71207e-08)
(0.222011 5.17799e-08 2.56177e-08)
(0.22201 -5.29657e-08 -3.09455e-08)
(0.22201 5.03146e-08 2.8901e-08)
(0.22201 -4.14387e-08 -2.1581e-08)
(0.22201 4.17461e-08 2.03822e-08)
(0.22201 -3.90566e-08 -1.92865e-08)
(0.222009 3.86575e-08 1.8396e-08)
(0.222009 -3.16827e-08 -1.5327e-08)
(0.0779015 -0.00100381 -0.000764827)
(0.111236 -0.00012754 -8.08524e-05)
(0.0943812 5.22039e-05 2.78677e-05)
(0.101661 -1.81077e-05 -7.94963e-06)
(0.0988968 6.80822e-06 3.14512e-06)
(0.0999502 -2.46816e-06 -1.17128e-06)
(0.0995529 8.69829e-07 4.10113e-07)
(0.0996995 -2.9621e-07 -1.38404e-07)
(0.0996488 1.18199e-07 4.55868e-08)
(0.0996656 -5.65351e-08 -1.92432e-08)
(0.0996613 4.96918e-08 1.0633e-08)
(0.099662 -4.57947e-08 -9.91967e-09)
(0.0996625 4.94995e-08 1.03753e-08)
(0.0996618 -5.00343e-08 -1.18304e-08)
(0.0996626 5.61947e-08 1.22385e-08)
(0.0996621 -5.47648e-08 -1.24121e-08)
(0.0996627 5.95862e-08 1.21251e-08)
(0.0996623 -6.08788e-08 -1.28929e-08)
(0.0996626 6.27632e-08 1.27731e-08)
(0.0996624 -6.16942e-08 -1.33753e-08)
(0.0996624 6.17061e-08 1.24671e-08)
(0.0996624 -5.99782e-08 -1.48355e-08)
(0.0996619 5.10813e-08 1.47606e-08)
(0.0996625 -5.34258e-08 -1.00837e-08)
(0.099662 4.09363e-08 1.09282e-08)
(0.0996621 -4.0622e-08 -9.88722e-09)
(0.099662 3.36554e-08 1.02672e-08)
(0.0996621 -3.56849e-08 -7.80823e-09)
(0.0644761 0.00103065 -0.00120673)
(0.0909353 0.000119818 -0.000113495)
(0.0764535 -4.81964e-05 3.91826e-05)
(0.0829088 1.70102e-05 -1.1743e-05)
(0.0804639 -6.41172e-06 4.53599e-06)
(0.0813958 2.35344e-06 -1.66445e-06)
(0.0810438 -8.39564e-07 5.8162e-07)
(0.0811738 2.98193e-07 -1.89112e-07)
(0.0811286 -1.12184e-07 6.78152e-08)
(0.0811436 5.39998e-08 -2.8919e-08)
(0.0811396 -4.05726e-08 2.32043e-08)
(0.0811404 3.76799e-08 -2.21119e-08)
(0.0811407 -3.9369e-08 2.42653e-08)
(0.0811402 4.01924e-08 -2.58218e-08)
(0.0811408 -4.38917e-08 2.80171e-08)
(0.0811404 4.43719e-08 -2.7885e-08)
(0.0811409 -4.69626e-08 2.90673e-08)
(0.0811405 4.83865e-08 -3.00968e-08)
(0.0811407 -4.98177e-08 3.04105e-08)
(0.0811406 4.88319e-08 -3.07789e-08)
(0.0811406 -4.90724e-08 2.97752e-08)
(0.0811406 4.67416e-08 -3.05779e-08)
(0.0811402 -4.12135e-08 2.78838e-08)
(0.0811407 4.19791e-08 -2.47555e-08)
(0.0811403 -3.34198e-08 2.25828e-08)
(0.0811405 3.17688e-08 -2.1604e-08)
(0.0811403 -2.65669e-08 2.04428e-08)
(0.0811405 2.75319e-08 -1.8235e-08)
(0.134013 0.00198881 -0.00198883)
(0.19361 0.000220992 -0.000220988)
(0.165573 -7.05901e-05 7.05403e-05)
(0.177262 1.84738e-05 -1.84254e-05)
(0.172836 -7.3816e-06 7.32676e-06)
(0.174523 2.76206e-06 -2.70581e-06)
(0.173884 -9.64653e-07 9.34639e-07)
(0.174122 3.37053e-07 -2.94602e-07)
(0.174038 -1.07403e-07 1.00008e-07)
(0.174067 4.86016e-08 -4.06668e-08)
(0.174059 -2.47505e-08 3.21934e-08)
(0.174061 2.79702e-08 -3.26751e-08)
(0.174061 -2.67877e-08 3.63953e-08)
(0.17406 3.21233e-08 -4.04843e-08)
(0.174061 -3.08056e-08 4.28813e-08)
(0.174061 3.43706e-08 -4.32203e-08)
(0.174062 -3.30124e-08 4.42636e-08)
(0.174061 3.40726e-08 -4.57634e-08)
(0.174061 -3.47821e-08 4.57706e-08)
(0.174061 3.46692e-08 -4.69926e-08)
(0.174061 -3.42893e-08 4.47675e-08)
(0.174061 3.56255e-08 -4.72699e-08)
(0.17406 -3.65191e-08 4.49054e-08)
(0.174061 2.57677e-08 -3.56734e-08)
(0.17406 -2.88861e-08 3.64287e-08)
(0.174061 2.39056e-08 -3.4012e-08)
(0.17406 -2.48047e-08 3.42366e-08)
(0.174061 1.92845e-08 -2.80881e-08)
(0.168162 0.00134116 -0.0021686)
(0.246061 0.000166415 -0.000253766)
(0.212364 -5.13269e-05 8.00502e-05)
(0.225682 1.21024e-05 -1.91222e-05)
(0.220601 -5.05682e-06 7.78223e-06)
(0.222539 1.92491e-06 -2.87358e-06)
(0.221807 -6.76181e-07 9.77142e-07)
(0.222079 2.58639e-07 -3.02885e-07)
(0.221984 -8.32032e-08 1.02345e-07)
(0.222017 4.07263e-08 -4.39659e-08)
(0.222008 -1.57837e-08 3.77883e-08)
(0.22201 1.77895e-08 -3.96532e-08)
(0.22201 -1.3941e-08 4.43801e-08)
(0.222009 1.80572e-08 -4.92253e-08)
(0.222011 -1.59267e-08 5.23957e-08)
(0.22201 1.88762e-08 -5.25521e-08)
(0.222011 -1.73778e-08 5.39547e-08)
(0.22201 1.78436e-08 -5.58843e-08)
(0.222011 -1.90215e-08 5.60335e-08)
(0.22201 1.81215e-08 -5.73245e-08)
(0.22201 -1.92723e-08 5.48307e-08)
(0.22201 2.16159e-08 -5.82037e-08)
(0.22201 -2.30046e-08 5.48589e-08)
(0.22201 1.41426e-08 -4.39975e-08)
(0.22201 -1.60821e-08 4.37032e-08)
(0.22201 1.13288e-08 -4.11135e-08)
(0.222009 -1.15349e-08 4.07498e-08)
(0.222009 9.00618e-09 -3.35335e-08)
(0.178416 -8.16096e-09 -0.00219452)
(0.262176 -8.70496e-09 -0.000258893)
(0.22697 -1.06081e-08 8.20388e-05)
(0.240597 2.2288e-08 -1.90139e-05)
(0.235375 -2.26394e-08 7.82368e-06)
(0.237367 1.33386e-08 -2.89974e-06)
(0.236616 1.42843e-09 9.83264e-07)
(0.236895 1.83849e-08 -3.07413e-07)
(0.236798 -2.77084e-09 1.01572e-07)
(0.236831 2.92006e-09 -4.3487e-08)
(0.236822 4.67178e-09 3.52815e-08)
(0.236824 -2.71018e-09 -3.74953e-08)
(0.236825 5.61044e-09 4.18941e-08)
(0.236824 -3.78689e-09 -4.70253e-08)
(0.236825 5.8725e-09 4.97402e-08)
(0.236825 -5.07458e-09 -4.99216e-08)
(0.236826 5.89352e-09 5.08037e-08)
(0.236825 -6.61999e-09 -5.27608e-08)
(0.236826 5.80506e-09 5.27969e-08)
(0.236825 -6.95724e-09 -5.41908e-08)
(0.236825 5.42445e-09 5.1669e-08)
(0.236825 -1.90382e-09 -5.62582e-08)
(0.236824 4.59808e-10 5.35977e-08)
(0.236825 -5.26788e-09 -4.12738e-08)
(0.236824 3.94408e-09 4.19326e-08)
(0.236824 -5.32783e-09 -3.92924e-08)
(0.236824 4.79117e-09 3.93414e-08)
(0.236824 -4.47444e-09 -3.15364e-08)
(0.168162 -0.00134118 -0.00216859)
(0.246061 -0.000166426 -0.000253766)
(0.212364 5.12975e-05 8.00603e-05)
(0.225682 -1.20584e-05 -1.91375e-05)
(0.220601 5.00718e-06 7.79731e-06)
(0.222539 -1.88766e-06 -2.88518e-06)
(0.221807 6.68425e-07 9.82766e-07)
(0.222079 -2.18661e-07 -3.12156e-07)
(0.221984 7.6909e-08 1.04834e-07)
(0.222017 -3.29256e-08 -4.52864e-08)
(0.222008 2.31127e-08 3.54966e-08)
(0.22201 -2.11659e-08 -3.69563e-08)
(0.22201 2.31288e-08 4.11284e-08)
(0.222009 -2.42004e-08 -4.60417e-08)
(0.222011 2.61055e-08 4.89141e-08)
(0.22201 -2.66133e-08 -4.86484e-08)
(0.222011 2.70154e-08 4.97216e-08)
(0.22201 -2.85444e-08 -5.16488e-08)
(0.222011 2.83357e-08 5.16981e-08)
(0.22201 -2.94587e-08 -5.29911e-08)
(0.222011 2.7733e-08 5.04082e-08)
(0.22201 -2.55674e-08 -5.58559e-08)
(0.22201 2.3937e-08 5.29371e-08)
(0.22201 -2.26562e-08 -4.06199e-08)
(0.22201 2.24214e-08 4.05197e-08)
(0.22201 -2.07381e-08 -3.81972e-08)
(0.222009 2.01178e-08 3.77172e-08)
(0.222009 -1.71591e-08 -3.05323e-08)
(0.134013 -0.00198882 -0.00198882)
(0.19361 -0.000220998 -0.000220992)
(0.165573 7.05609e-05 7.05553e-05)
(0.177262 -1.84409e-05 -1.84443e-05)
(0.172836 7.33804e-06 7.34244e-06)
(0.174523 -2.72145e-06 -2.71803e-06)
(0.173884 9.44892e-07 9.39107e-07)
(0.174122 -3.01609e-07 -3.03067e-07)
(0.174038 1.01457e-07 1.01827e-07)
(0.174067 -4.00415e-08 -4.07604e-08)
(0.174059 2.8973e-08 2.84681e-08)
(0.174061 -2.90858e-08 -2.84089e-08)
(0.174061 3.26043e-08 3.16578e-08)
(0.17406 -3.64413e-08 -3.58729e-08)
(0.174061 3.83083e-08 3.7798e-08)
(0.174061 -3.87078e-08 -3.75766e-08)
(0.174062 3.92296e-08 3.81166e-08)
(0.174061 -4.07163e-08 -3.95675e-08)
(0.174061 4.06473e-08 3.95047e-08)
(0.174061 -4.1739e-08 -4.05993e-08)
(0.174061 3.94588e-08 3.83537e-08)
(0.174061 -4.09809e-08 -4.31721e-08)
(0.17406 3.93071e-08 4.15116e-08)
(0.174061 -3.12136e-08 -3.07326e-08)
(0.17406 3.30659e-08 3.21276e-08)
(0.174061 -3.08016e-08 -3.00779e-08)
(0.174061 3.12091e-08 3.04214e-08)
(0.174061 -2.52895e-08 -2.43833e-08)
(0.064476 -0.00103067 -0.00120673)
(0.0909353 -0.000119803 -0.000113499)
(0.0764534 4.81603e-05 3.9191e-05)
(0.0829088 -1.69827e-05 -1.17522e-05)
(0.0804638 6.38642e-06 4.54705e-06)
(0.0813959 -2.32346e-06 -1.67506e-06)
(0.0810438 8.25209e-07 5.87602e-07)
(0.0811738 -2.83248e-07 -1.96451e-07)
(0.0811286 1.1295e-07 7.00195e-08)
(0.0811436 -5.30802e-08 -3.06108e-08)
(0.0811396 4.58688e-08 2.2494e-08)
(0.0811404 -4.19369e-08 -2.14406e-08)
(0.0811407 4.51476e-08 2.29032e-08)
(0.0811402 -4.56279e-08 -2.46836e-08)
(0.0811408 5.12006e-08 2.6505e-08)
(0.0811404 -4.9986e-08 -2.64792e-08)
(0.0811409 5.4391e-08 2.75037e-08)
(0.0811405 -5.55115e-08 -2.83895e-08)
(0.0811407 5.71637e-08 2.87914e-08)
(0.0811406 -5.62677e-08 -2.90167e-08)
(0.0811406 5.63308e-08 2.82525e-08)
(0.0811406 -5.46254e-08 -2.94236e-08)
(0.0811402 4.66346e-08 2.72708e-08)
(0.0811407 -4.87205e-08 -2.34752e-08)
(0.0811403 3.73225e-08 2.1401e-08)
(0.0811405 -3.69393e-08 -2.0164e-08)
(0.0811403 3.05719e-08 1.88766e-08)
(0.0811405 -3.2209e-08 -1.67169e-08)
(0.034479 0.000682162 -0.000682167)
(0.0475184 6.51257e-05 -6.51213e-05)
(0.039266 -2.72627e-05 2.7246e-05)
(0.0430862 1.01184e-05 -1.01041e-05)
(0.0416355 -3.84627e-06 3.83129e-06)
(0.0421891 1.43849e-06 -1.42169e-06)
(0.04198 -5.22794e-07 5.14434e-07)
(0.042057 1.88102e-07 -1.78259e-07)
(0.0420303 -6.54666e-08 6.50218e-08)
(0.042039 2.76694e-08 -2.59971e-08)
(0.0420367 -1.4758e-08 1.69592e-08)
(0.0420371 1.2976e-08 -1.42411e-08)
(0.0420373 -1.25027e-08 1.5055e-08)
(0.042037 1.34874e-08 -1.55906e-08)
(0.0420373 -1.37142e-08 1.70334e-08)
(0.0420371 1.47878e-08 -1.69054e-08)
(0.0420373 -1.48569e-08 1.78239e-08)
(0.0420372 1.53178e-08 -1.8306e-08)
(0.0420373 -1.5627e-08 1.85938e-08)
(0.0420372 1.55228e-08 -1.86221e-08)
(0.0420372 -1.55232e-08 1.82555e-08)
(0.0420372 1.47693e-08 -1.824e-08)
(0.042037 -1.42922e-08 1.63674e-08)
(0.0420373 1.25666e-08 -1.55642e-08)
(0.0420371 -1.19697e-08 1.34215e-08)
(0.0420372 1.05291e-08 -1.30532e-08)
(0.0420371 -9.89733e-09 1.17889e-08)
(0.0420372 8.89363e-09 -1.12797e-08)
(0.0644761 0.00120672 -0.00103066)
(0.0909353 0.000113503 -0.000119811)
(0.0764535 -3.92174e-05 4.81677e-05)
(0.0829088 1.17763e-05 -1.69855e-05)
(0.0804639 -4.57074e-06 6.38573e-06)
(0.0813958 1.70137e-06 -2.32479e-06)
(0.0810438 -6.00614e-07 8.25537e-07)
(0.0811738 2.12981e-07 -2.80719e-07)
(0.0811286 -7.09288e-08 1.1147e-07)
(0.0811436 3.28709e-08 -5.10651e-08)
(0.0811396 -1.80318e-08 4.46223e-08)
(0.0811404 1.86314e-08 -3.9959e-08)
(0.0811407 -1.78675e-08 4.39811e-08)
(0.0811402 2.04117e-08 -4.39753e-08)
(0.0811408 -2.00064e-08 4.98175e-08)
(0.0811404 2.21024e-08 -4.82008e-08)
(0.0811409 -2.16499e-08 5.2292e-08)
(0.0811405 2.24213e-08 -5.37699e-08)
(0.0811407 -2.2914e-08 5.51093e-08)
(0.0811406 2.28024e-08 -5.44201e-08)
(0.0811406 -2.26988e-08 5.39728e-08)
(0.0811406 2.25645e-08 -5.28318e-08)
(0.0811402 -2.2638e-08 4.49195e-08)
(0.0811407 1.75103e-08 -4.7275e-08)
(0.0811403 -1.832e-08 3.61148e-08)
(0.0811405 1.52889e-08 -3.63411e-08)
(0.0811403 -1.51558e-08 3.00674e-08)
(0.0811405 1.24341e-08 -3.1715e-08)
(0.0779015 0.000764822 -0.0010038)
(0.111236 8.08515e-05 -0.000127547)
(0.0943812 -2.78858e-05 5.22135e-05)
(0.101661 7.9677e-06 -1.81123e-05)
(0.0988968 -3.16444e-06 6.80759e-06)
(0.0999502 1.19272e-06 -2.46997e-06)
(0.0995529 -4.2051e-07 8.70165e-07)
(0.0996994 1.5502e-07 -2.93516e-07)
(0.0996488 -4.86534e-08 1.15716e-07)
(0.0996656 2.21717e-08 -5.45634e-08)
(0.0996613 -7.65781e-09 4.71121e-08)
(0.099662 8.73243e-09 -4.32336e-08)
(0.0996625 -6.76102e-09 4.71004e-08)
(0.0996618 9.20908e-09 -4.77972e-08)
(0.0996626 -7.52477e-09 5.3297e-08)
(0.0996621 9.6169e-09 -5.22968e-08)
(0.0996627 -8.4157e-09 5.62394e-08)
(0.0996623 8.68285e-09 -5.7931e-08)
(0.0996626 -9.05016e-09 5.93083e-08)
(0.0996624 8.85036e-09 -5.8736e-08)
(0.0996624 -9.11648e-09 5.78916e-08)
(0.0996624 1.00043e-08 -5.69574e-08)
(0.0996619 -1.16344e-08 4.92723e-08)
(0.0996625 6.02659e-09 -4.98845e-08)
(0.099662 -8.81881e-09 3.96218e-08)
(0.0996621 5.94867e-09 -3.88664e-08)
(0.099662 -6.9468e-09 3.29487e-08)
(0.0996621 4.64832e-09 -3.42124e-08)
(0.081804 1.12094e-10 -0.000980395)
(0.117286 -6.2237e-09 -0.000126671)
(0.0998156 -1.91305e-10 5.25013e-05)
(0.107267 6.71608e-09 -1.81203e-05)
(0.104433 -9.6215e-09 6.8174e-06)
(0.105513 5.60129e-09 -2.47419e-06)
(0.105106 -1.18088e-10 8.68467e-07)
(0.105256 8.21406e-09 -2.9269e-07)
(0.105205 -2.6882e-09 1.13171e-07)
(0.105222 2.14323e-09 -5.31613e-08)
(0.105217 6.01595e-10 4.4192e-08)
(0.105218 -1.31623e-11 -4.09021e-08)
(0.105219 1.21619e-09 4.4326e-08)
(0.105218 -5.83396e-10 -4.54444e-08)
(0.105219 1.23723e-09 5.0294e-08)
(0.105218 -9.88976e-10 -4.9503e-08)
(0.105219 1.03628e-09 5.30864e-08)
(0.105218 -1.43049e-09 -5.45837e-08)
(0.105219 1.02482e-09 5.59969e-08)
(0.105219 -1.60235e-09 -5.53667e-08)
(0.105219 7.84993e-10 5.45913e-08)
(0.105219 4.64681e-10 -5.37299e-08)
(0.105218 -7.83852e-10 4.68112e-08)
(0.105219 -7.54863e-10 -4.6699e-08)
(0.105218 9.64243e-10 3.78145e-08)
(0.105218 -1.47843e-09 -3.67885e-08)
(0.105218 1.65742e-09 3.15919e-08)
(0.105218 -1.24913e-09 -3.2692e-08)
(0.0779015 -0.000764828 -0.00100381)
(0.111236 -8.08574e-05 -0.00012754)
(0.0943812 2.78733e-05 5.22035e-05)
(0.101661 -7.94724e-06 -1.81069e-05)
(0.0988968 3.14097e-06 6.80803e-06)
(0.0999502 -1.17416e-06 -2.4679e-06)
(0.0995529 4.15635e-07 8.69757e-07)
(0.0996995 -1.37557e-07 -2.96279e-07)
(0.0996488 4.52369e-08 1.18412e-07)
(0.0996656 -1.85298e-08 -5.6787e-08)
(0.0996613 1.10604e-08 4.98333e-08)
(0.099662 -1.05368e-08 -4.59148e-08)
(0.0996625 1.12564e-08 4.95906e-08)
(0.0996618 -1.23186e-08 -5.02368e-08)
(0.0996626 1.26927e-08 5.64435e-08)
(0.0996621 -1.34721e-08 -5.48353e-08)
(0.0996627 1.31624e-08 5.97095e-08)
(0.0996623 -1.39606e-08 -6.09768e-08)
(0.0996626 1.38419e-08 6.28955e-08)
(0.0996624 -1.44315e-08 -6.17897e-08)
(0.0996624 1.35454e-08 6.18466e-08)
(0.0996624 -1.26315e-08 -6.02574e-08)
(0.0996619 1.24401e-08 5.13993e-08)
(0.0996625 -1.05134e-08 -5.36662e-08)
(0.099662 1.17715e-08 4.09787e-08)
(0.0996621 -1.05836e-08 -4.06284e-08)
(0.099662 1.10079e-08 3.35619e-08)
(0.0996621 -8.63631e-09 -3.57824e-08)
(0.064476 -0.00120673 -0.00103067)
(0.0909353 -0.000113499 -0.000119804)
(0.0764534 3.91925e-05 4.81603e-05)
(0.0829088 -1.17519e-05 -1.69823e-05)
(0.0804638 4.54546e-06 6.3867e-06)
(0.0813959 -1.67546e-06 -2.32358e-06)
(0.0810438 5.89201e-07 8.25096e-07)
(0.0811738 -1.96293e-07 -2.83269e-07)
(0.0811286 6.97958e-08 1.13072e-07)
(0.0811436 -3.01685e-08 -5.32946e-08)
(0.0811396 2.25292e-08 4.59366e-08)
(0.0811404 -2.15512e-08 -4.19935e-08)
(0.0811407 2.31518e-08 4.5151e-08)
(0.0811402 -2.47193e-08 -4.57369e-08)
(0.0811408 2.65367e-08 5.13063e-08)
(0.0811404 -2.67605e-08 -4.99938e-08)
(0.0811409 2.77908e-08 5.44038e-08)
(0.0811405 -2.86839e-08 -5.55214e-08)
(0.0811407 2.90895e-08 5.71751e-08)
(0.0811406 -2.9303e-08 -5.62818e-08)
(0.0811406 2.86248e-08 5.62983e-08)
(0.0811406 -2.84528e-08 -5.49854e-08)
(0.0811402 2.6029e-08 4.71401e-08)
(0.0811407 -2.34884e-08 -4.87918e-08)
(0.0811403 2.16254e-08 3.73249e-08)
(0.0811405 -2.04275e-08 -3.68869e-08)
(0.0811403 1.91603e-08 3.05002e-08)
(0.0811405 -1.69762e-08 -3.21947e-08)
(0.034479 -0.000682166 -0.000682166)
(0.0475184 -6.51209e-05 -6.51215e-05)
(0.039266 2.72493e-05 2.72495e-05)
(0.0430862 -1.01077e-05 -1.01072e-05)
(0.0416355 3.83517e-06 3.83514e-06)
(0.0421891 -1.42584e-06 -1.42613e-06)
(0.04198 5.16475e-07 5.1667e-07)
(0.042057 -1.81048e-07 -1.80939e-07)
(0.0420303 6.53129e-08 6.53838e-08)
(0.042039 -2.65596e-08 -2.66751e-08)
(0.0420367 1.6475e-08 1.65567e-08)
(0.0420371 -1.40547e-08 -1.41297e-08)
(0.0420373 1.4469e-08 1.45202e-08)
(0.042037 -1.51788e-08 -1.52802e-08)
(0.0420373 1.62647e-08 1.63664e-08)
(0.0420371 -1.6487e-08 -1.65522e-08)
(0.0420374 1.72175e-08 1.72826e-08)
(0.0420372 -1.76572e-08 -1.77212e-08)
(0.0420373 1.79661e-08 1.80318e-08)
(0.0420372 -1.79602e-08 -1.80258e-08)
(0.0420372 1.77318e-08 1.77622e-08)
(0.0420372 -1.75135e-08 -1.7632e-08)
(0.042037 1.5988e-08 1.62268e-08)
(0.0420373 -1.48217e-08 -1.49212e-08)
(0.0420371 1.31665e-08 1.32182e-08)
(0.0420372 -1.24588e-08 -1.24575e-08)
(0.0420371 1.13806e-08 1.13679e-08)
(0.0420372 -1.06394e-08 -1.06768e-08)
)
;

boundaryField
{
    inlet
    {
        type            fixedValue;
        value           uniform (0.1667 0 0);
    }
    outlet
    {
        type            zeroGradient;
    }
    Walls
    {
        type            noSlip;
    }
}


// ************************************************************************* //
