/*--------------------------------*- C++ -*----------------------------------*\
  =========                 |
  \\      /  F ield         | OpenFOAM: The Open Source CFD Toolbox
   \\    /   O peration     | Website:  https://openfoam.org
    \\  /    A nd           | Version:  13
     \\/     M anipulation  |
\*---------------------------------------------------------------------------*/
FoamFile
{
    format      ascii;
    class       volScalarField;
    location    "35";
    object      p;
}
// * * * * * * * * * * * * * * * * * * * * * * * * * * * * * * * * * * * * * //

dimensions      [0 2 -2 0 0 0 0];

internalField   nonuniform List<scalar> 
500
(
2.12506
1.97519
1.8843
1.77049
1.66555
1.55718
1.45014
1.34259
1.23523
1.12779
1.0204
0.912976
0.805586
0.698161
0.590766
0.483347
0.375942
0.268527
0.161119
0.0537047
2.12501
1.97519
1.8843
1.77049
1.66555
1.55718
1.45014
1.34259
1.23523
1.12779
1.0204
0.912976
0.805586
0.698161
0.590766
0.483347
0.375942
0.268527
0.161119
0.0537047
2.12499
1.97519
1.8843
1.77049
1.66555
1.55718
1.45014
1.34259
1.23523
1.12779
1.0204
0.912976
0.805586
0.698161
0.590766
0.483347
0.375942
0.268527
0.161119
0.0537047
2.12501
1.97519
1.8843
1.77049
1.66555
1.55718
1.45014
1.34259
1.23523
1.12779
1.0204
0.912976
0.805586
0.698161
0.590766
0.483347
0.375942
0.268527
0.161119
0.0537047
2.12506
1.97519
1.8843
1.77049
1.66555
1.55718
1.45014
1.34259
1.23523
1.12779
1.0204
0.912976
0.805586
0.698161
0.590766
0.483347
0.375942
0.268527
0.161119
0.0537047
2.12501
1.97519
1.8843
1.77049
1.66555
1.55718
1.45014
1.34259
1.23523
1.12779
1.0204
0.912976
0.805586
0.698161
0.590766
0.483347
0.375942
0.268527
0.161119
0.0537047
2.12495
1.97519
1.8843
1.77049
1.66555
1.55718
1.45014
1.34259
1.23523
1.12779
1.0204
0.912976
0.805586
0.698161
0.590766
0.483347
0.375942
0.268527
0.161119
0.0537047
2.12493
1.97518
1.8843
1.77049
1.66555
1.55718
1.45014
1.34259
1.23523
1.12779
1.0204
0.912976
0.805586
0.698161
0.590766
0.483347
0.375942
0.268527
0.161119
0.0537047
2.12495
1.97519
1.8843
1.77049
1.66555
1.55718
1.45014
1.34259
1.23523
1.12779
1.0204
0.912976
0.805586
0.698161
0.590766
0.483347
0.375942
0.268527
0.161119
0.0537047
2.12501
1.97519
1.8843
1.77049
1.66555
1.55718
1.45014
1.34259
1.23523
1.12779
1.0204
0.912976
0.805586
0.698161
0.590766
0.483347
0.375942
0.268527
0.161119
0.0537047
2.12499
1.97519
1.8843
1.77049
1.66555
1.55718
1.45014
1.34259
1.23523
1.12779
1.0204
0.912976
0.805586
0.698161
0.590766
0.483347
0.375942
0.268527
0.161119
0.0537047
2.12493
1.97518
1.8843
1.77049
1.66555
1.55718
1.45014
1.34259
1.23523
1.12779
1.0204
0.912976
0.805586
0.698161
0.590766
0.483347
0.375942
0.268527
0.161119
0.0537047
2.12491
1.97518
1.8843
1.77049
1.66555
1.55718
1.45014
1.34259
1.23523
1.12779
1.0204
0.912976
0.805586
0.698161
0.590766
0.483347
0.375942
0.268527
0.161119
0.0537047
2.12493
1.97518
1.8843
1.77049
1.66555
1.55718
1.45014
1.34259
1.23523
1.12779
1.0204
0.912976
0.805586
0.698161
0.590766
0.483347
0.375942
0.268527
0.161119
0.0537047
2.12499
1.97519
1.8843
1.77049
1.66555
1.55718
1.45014
1.34259
1.23523
1.12779
1.0204
0.912976
0.805586
0.698161
0.590766
0.483347
0.375942
0.268527
0.161119
0.0537047
2.12501
1.97519
1.8843
1.77049
1.66555
1.55718
1.45014
1.34259
1.23523
1.12779
1.0204
0.912976
0.805586
0.698161
0.590766
0.483347
0.375942
0.268527
0.161119
0.0537047
2.12495
1.97519
1.8843
1.77049
1.66555
1.55718
1.45014
1.34259
1.23523
1.12779
1.0204
0.912976
0.805586
0.698161
0.590766
0.483347
0.375942
0.268527
0.161119
0.0537047
2.12493
1.97518
1.8843
1.77049
1.66555
1.55718
1.45014
1.34259
1.23523
1.12779
1.0204
0.912976
0.805586
0.698161
0.590766
0.483347
0.375942
0.268527
0.161119
0.0537047
2.12495
1.97519
1.8843
1.77049
1.66555
1.55718
1.45014
1.34259
1.23523
1.12779
1.0204
0.912976
0.805586
0.698161
0.590766
0.483347
0.375942
0.268527
0.161119
0.0537047
2.12501
1.97519
1.8843
1.77049
1.66555
1.55718
1.45014
1.34259
1.23523
1.12779
1.0204
0.912976
0.805586
0.698161
0.590766
0.483347
0.375942
0.268527
0.161119
0.0537047
2.12506
1.97519
1.8843
1.77049
1.66555
1.55718
1.45014
1.34259
1.23523
1.12779
1.0204
0.912976
0.805586
0.698161
0.590766
0.483347
0.375942
0.268527
0.161119
0.0537047
2.12501
1.97519
1.8843
1.77049
1.66555
1.55718
1.45014
1.34259
1.23523
1.12779
1.0204
0.912976
0.805586
0.698161
0.590766
0.483347
0.375942
0.268527
0.161119
0.0537047
2.12499
1.97519
1.8843
1.77049
1.66555
1.55718
1.45014
1.34259
1.23523
1.12779
1.0204
0.912976
0.805586
0.698161
0.590766
0.483347
0.375942
0.268527
0.161119
0.0537047
2.12501
1.97519
1.8843
1.77049
1.66555
1.55718
1.45014
1.34259
1.23523
1.12779
1.0204
0.912976
0.805586
0.698161
0.590766
0.483347
0.375942
0.268527
0.161119
0.0537047
2.12506
1.97519
1.8843
1.77049
1.66555
1.55718
1.45014
1.34259
1.23523
1.12779
1.0204
0.912976
0.805586
0.698161
0.590766
0.483347
0.375942
0.268527
0.161119
0.0537047
)
;

boundaryField
{
    inlet
    {
        type            zeroGradient;
    }
    outlet
    {
        type            fixedValue;
        value           uniform 0;
    }
    Walls
    {
        type            zeroGradient;
    }
}


// ************************************************************************* //
