/*--------------------------------*- C++ -*----------------------------------*\
  =========                 |
  \\      /  F ield         | OpenFOAM: The Open Source CFD Toolbox
   \\    /   O peration     | Website:  https://openfoam.org
    \\  /    A nd           | Version:  13
     \\/     M anipulation  |
\*---------------------------------------------------------------------------*/
FoamFile
{
    format      ascii;
    class       volScalarField;
    location    "29";
    object      p;
}
// * * * * * * * * * * * * * * * * * * * * * * * * * * * * * * * * * * * * * //

dimensions      [0 2 -2 0 0 0 0];

internalField   nonuniform List<scalar> 
3700
(
23.6651
22.5922
22.2094
21.4214
20.8642
20.1754
19.5615
18.9053
18.2725
17.6271
16.9883
16.3462
15.7057
15.0644
14.4235
13.7824
13.1414
12.5003
11.8593
11.2183
10.5773
9.93621
9.29518
8.65414
8.0131
7.37207
6.73102
6.09
5.44893
4.8079
4.16681
3.5258
2.88467
2.24369
1.60256
0.961593
0.320471
23.6642
22.5922
22.2094
21.4213
20.8642
20.1754
19.5615
18.9053
18.2725
17.6271
16.9883
16.3462
15.7057
15.0644
14.4235
13.7824
13.1414
12.5003
11.8593
11.2183
10.5773
9.93621
9.29518
8.65414
8.0131
7.37207
6.73102
6.09
5.44893
4.8079
4.16681
3.5258
2.88467
2.24369
1.60256
0.961593
0.320471
23.6635
22.5922
22.2095
21.4213
20.8642
20.1754
19.5615
18.9053
18.2725
17.6271
16.9883
16.3462
15.7057
15.0644
14.4235
13.7824
13.1414
12.5003
11.8593
11.2183
10.5773
9.93621
9.29518
8.65414
8.0131
7.37207
6.73102
6.09
5.44893
4.8079
4.16681
3.5258
2.88467
2.24369
1.60256
0.961593
0.320471
23.6631
22.5921
22.2095
21.4213
20.8642
20.1754
19.5615
18.9053
18.2725
17.6271
16.9883
16.3462
15.7057
15.0644
14.4235
13.7824
13.1414
12.5003
11.8593
11.2183
10.5773
9.93621
9.29518
8.65414
8.0131
7.37207
6.73102
6.09
5.44893
4.8079
4.16681
3.5258
2.88467
2.24369
1.60256
0.961593
0.320471
23.663
22.5921
22.2095
21.4213
20.8642
20.1754
19.5615
18.9053
18.2725
17.6271
16.9883
16.3462
15.7057
15.0644
14.4235
13.7824
13.1414
12.5003
11.8593
11.2183
10.5773
9.93621
9.29518
8.65414
8.0131
7.37207
6.73102
6.09
5.44893
4.8079
4.16681
3.5258
2.88467
2.24369
1.60256
0.961593
0.320471
23.663
22.5921
22.2095
21.4213
20.8642
20.1754
19.5615
18.9053
18.2725
17.6271
16.9883
16.3462
15.7057
15.0644
14.4235
13.7824
13.1414
12.5003
11.8593
11.2183
10.5773
9.93621
9.29518
8.65414
8.0131
7.37207
6.73102
6.09
5.44893
4.8079
4.16681
3.5258
2.88467
2.24369
1.60256
0.961593
0.320471
23.6631
22.5921
22.2095
21.4213
20.8642
20.1754
19.5615
18.9053
18.2725
17.6271
16.9883
16.3462
15.7057
15.0644
14.4235
13.7824
13.1414
12.5003
11.8593
11.2183
10.5773
9.93621
9.29518
8.65414
8.0131
7.37207
6.73102
6.09
5.44893
4.8079
4.16681
3.5258
2.88467
2.24369
1.60256
0.961593
0.320471
23.6635
22.5922
22.2095
21.4213
20.8642
20.1754
19.5615
18.9053
18.2725
17.6271
16.9883
16.3462
15.7057
15.0644
14.4235
13.7824
13.1414
12.5003
11.8593
11.2183
10.5773
9.93621
9.29518
8.65414
8.0131
7.37207
6.73102
6.09
5.44893
4.8079
4.16681
3.5258
2.88467
2.24369
1.60256
0.961593
0.320471
23.6642
22.5922
22.2094
21.4213
20.8642
20.1754
19.5615
18.9053
18.2725
17.6271
16.9883
16.3462
15.7057
15.0644
14.4235
13.7824
13.1414
12.5003
11.8593
11.2183
10.5773
9.93621
9.29518
8.65414
8.0131
7.37207
6.73102
6.09
5.44893
4.8079
4.16681
3.5258
2.88467
2.24369
1.60256
0.961593
0.320471
23.6651
22.5922
22.2094
21.4214
20.8642
20.1754
19.5615
18.9053
18.2725
17.6271
16.9883
16.3462
15.7057
15.0644
14.4235
13.7824
13.1414
12.5003
11.8593
11.2183
10.5773
9.93621
9.29518
8.65414
8.0131
7.37207
6.73102
6.09
5.44893
4.8079
4.16681
3.5258
2.88467
2.24369
1.60256
0.961593
0.320471
23.6642
22.5922
22.2094
21.4213
20.8642
20.1754
19.5615
18.9053
18.2725
17.6271
16.9883
16.3462
15.7057
15.0644
14.4235
13.7824
13.1414
12.5003
11.8593
11.2183
10.5773
9.93621
9.29518
8.65414
8.0131
7.37207
6.73102
6.09
5.44893
4.8079
4.16681
3.5258
2.88467
2.24369
1.60256
0.961593
0.320471
23.6633
22.5922
22.2094
21.4213
20.8642
20.1754
19.5615
18.9053
18.2725
17.6271
16.9883
16.3462
15.7057
15.0644
14.4235
13.7824
13.1414
12.5003
11.8593
11.2183
10.5773
9.93621
9.29518
8.65414
8.0131
7.37207
6.73102
6.09
5.44893
4.8079
4.16681
3.5258
2.88467
2.24369
1.60256
0.961593
0.320471
23.6627
22.5922
22.2095
21.4213
20.8642
20.1754
19.5615
18.9053
18.2725
17.6271
16.9883
16.3462
15.7057
15.0644
14.4235
13.7824
13.1414
12.5003
11.8593
11.2183
10.5773
9.93621
9.29518
8.65414
8.0131
7.37207
6.73102
6.09
5.44893
4.8079
4.16681
3.5258
2.88467
2.24369
1.60256
0.961593
0.320471
23.6623
22.5921
22.2095
21.4213
20.8642
20.1754
19.5615
18.9053
18.2725
17.6271
16.9883
16.3462
15.7057
15.0644
14.4235
13.7824
13.1414
12.5003
11.8593
11.2183
10.5773
9.93621
9.29518
8.65414
8.0131
7.37207
6.73102
6.09
5.44893
4.8079
4.16681
3.5258
2.88467
2.24369
1.60256
0.961593
0.320471
23.6621
22.5921
22.2095
21.4213
20.8642
20.1754
19.5615
18.9053
18.2725
17.6271
16.9883
16.3462
15.7057
15.0644
14.4235
13.7824
13.1414
12.5003
11.8593
11.2183
10.5773
9.93621
9.29518
8.65414
8.0131
7.37207
6.73102
6.09
5.44893
4.8079
4.16681
3.5258
2.88467
2.24369
1.60256
0.961593
0.320471
23.6621
22.5921
22.2095
21.4213
20.8642
20.1754
19.5615
18.9053
18.2725
17.6271
16.9883
16.3462
15.7057
15.0644
14.4235
13.7824
13.1414
12.5003
11.8593
11.2183
10.5773
9.93621
9.29518
8.65414
8.0131
7.37207
6.73102
6.09
5.44893
4.8079
4.16681
3.5258
2.88467
2.24369
1.60256
0.961593
0.320471
23.6623
22.5921
22.2095
21.4213
20.8642
20.1754
19.5615
18.9053
18.2725
17.6271
16.9883
16.3462
15.7057
15.0644
14.4235
13.7824
13.1414
12.5003
11.8593
11.2183
10.5773
9.93621
9.29518
8.65414
8.0131
7.37207
6.73102
6.09
5.44893
4.8079
4.16681
3.5258
2.88467
2.24369
1.60256
0.961593
0.320471
23.6627
22.5922
22.2095
21.4213
20.8642
20.1754
19.5615
18.9053
18.2725
17.6271
16.9883
16.3462
15.7057
15.0644
14.4235
13.7824
13.1414
12.5003
11.8593
11.2183
10.5773
9.93621
9.29518
8.65414
8.0131
7.37207
6.73102
6.09
5.44893
4.8079
4.16681
3.5258
2.88467
2.24369
1.60256
0.961593
0.320471
23.6633
22.5922
22.2094
21.4213
20.8642
20.1754
19.5615
18.9053
18.2725
17.6271
16.9883
16.3462
15.7057
15.0644
14.4235
13.7824
13.1414
12.5003
11.8593
11.2183
10.5773
9.93621
9.29518
8.65414
8.0131
7.37207
6.73102
6.09
5.44893
4.8079
4.16681
3.5258
2.88467
2.24369
1.60256
0.961593
0.320471
23.6642
22.5922
22.2094
21.4213
20.8642
20.1754
19.5615
18.9053
18.2725
17.6271
16.9883
16.3462
15.7057
15.0644
14.4235
13.7824
13.1414
12.5003
11.8593
11.2183
10.5773
9.93621
9.29518
8.65414
8.0131
7.37207
6.73102
6.09
5.44893
4.8079
4.16681
3.5258
2.88467
2.24369
1.60256
0.961593
0.320471
23.6635
22.5922
22.2095
21.4213
20.8642
20.1754
19.5615
18.9053
18.2725
17.6271
16.9883
16.3462
15.7057
15.0644
14.4235
13.7824
13.1414
12.5003
11.8593
11.2183
10.5773
9.93621
9.29518
8.65414
8.0131
7.37207
6.73102
6.09
5.44893
4.8079
4.16681
3.5258
2.88467
2.24369
1.60256
0.961593
0.320471
23.6627
22.5922
22.2095
21.4213
20.8642
20.1754
19.5615
18.9053
18.2725
17.6271
16.9883
16.3462
15.7057
15.0644
14.4235
13.7824
13.1414
12.5003
11.8593
11.2183
10.5773
9.93621
9.29518
8.65414
8.0131
7.37207
6.73102
6.09
5.44893
4.8079
4.16681
3.5258
2.88467
2.24369
1.60256
0.961593
0.320471
23.662
22.5921
22.2095
21.4213
20.8642
20.1754
19.5615
18.9053
18.2725
17.6271
16.9883
16.3462
15.7057
15.0644
14.4235
13.7824
13.1414
12.5003
11.8593
11.2183
10.5773
9.93621
9.29518
8.65414
8.0131
7.37207
6.73102
6.09
5.44893
4.8079
4.16681
3.5258
2.88467
2.24369
1.60256
0.961593
0.320471
23.6616
22.5921
22.2095
21.4213
20.8642
20.1754
19.5615
18.9053
18.2725
17.6271
16.9883
16.3462
15.7057
15.0644
14.4235
13.7824
13.1414
12.5003
11.8593
11.2183
10.5773
9.93621
9.29518
8.65414
8.0131
7.37207
6.73102
6.09
5.44893
4.8079
4.16681
3.5258
2.88467
2.24369
1.60256
0.961593
0.320471
23.6614
22.5921
22.2095
21.4213
20.8642
20.1754
19.5615
18.9053
18.2725
17.6271
16.9883
16.3462
15.7057
15.0644
14.4235
13.7824
13.1414
12.5003
11.8593
11.2183
10.5773
9.93621
9.29518
8.65414
8.0131
7.37207
6.73102
6.09
5.44893
4.8079
4.16681
3.5258
2.88467
2.24369
1.60256
0.961593
0.320471
23.6614
22.5921
22.2095
21.4213
20.8642
20.1754
19.5615
18.9053
18.2725
17.6271
16.9883
16.3462
15.7057
15.0644
14.4235
13.7824
13.1414
12.5003
11.8593
11.2183
10.5773
9.93621
9.29518
8.65414
8.0131
7.37207
6.73102
6.09
5.44893
4.8079
4.16681
3.5258
2.88467
2.24369
1.60256
0.961593
0.320471
23.6616
22.5921
22.2095
21.4213
20.8642
20.1754
19.5615
18.9053
18.2725
17.6271
16.9883
16.3462
15.7057
15.0644
14.4235
13.7824
13.1414
12.5003
11.8593
11.2183
10.5773
9.93621
9.29518
8.65414
8.0131
7.37207
6.73102
6.09
5.44893
4.8079
4.16681
3.5258
2.88467
2.24369
1.60256
0.961593
0.320471
23.662
22.5921
22.2095
21.4213
20.8642
20.1754
19.5615
18.9053
18.2725
17.6271
16.9883
16.3462
15.7057
15.0644
14.4235
13.7824
13.1414
12.5003
11.8593
11.2183
10.5773
9.93621
9.29518
8.65414
8.0131
7.37207
6.73102
6.09
5.44893
4.8079
4.16681
3.5258
2.88467
2.24369
1.60256
0.961593
0.320471
23.6627
22.5922
22.2095
21.4213
20.8642
20.1754
19.5615
18.9053
18.2725
17.6271
16.9883
16.3462
15.7057
15.0644
14.4235
13.7824
13.1414
12.5003
11.8593
11.2183
10.5773
9.93621
9.29518
8.65414
8.0131
7.37207
6.73102
6.09
5.44893
4.8079
4.16681
3.5258
2.88467
2.24369
1.60256
0.961593
0.320471
23.6635
22.5922
22.2095
21.4213
20.8642
20.1754
19.5615
18.9053
18.2725
17.6271
16.9883
16.3462
15.7057
15.0644
14.4235
13.7824
13.1414
12.5003
11.8593
11.2183
10.5773
9.93621
9.29518
8.65414
8.0131
7.37207
6.73102
6.09
5.44893
4.8079
4.16681
3.5258
2.88467
2.24369
1.60256
0.961593
0.320471
23.6631
22.5921
22.2095
21.4213
20.8642
20.1754
19.5615
18.9053
18.2725
17.6271
16.9883
16.3462
15.7057
15.0644
14.4235
13.7824
13.1414
12.5003
11.8593
11.2183
10.5773
9.93621
9.29518
8.65414
8.0131
7.37207
6.73102
6.09
5.44893
4.8079
4.16681
3.5258
2.88467
2.24369
1.60256
0.961593
0.320471
23.6623
22.5921
22.2095
21.4213
20.8642
20.1754
19.5615
18.9053
18.2725
17.6271
16.9883
16.3462
15.7057
15.0644
14.4235
13.7824
13.1414
12.5003
11.8593
11.2183
10.5773
9.93621
9.29518
8.65414
8.0131
7.37207
6.73102
6.09
5.44893
4.8079
4.16681
3.5258
2.88467
2.24369
1.60256
0.961593
0.320471
23.6616
22.5921
22.2095
21.4213
20.8642
20.1754
19.5615
18.9053
18.2725
17.6271
16.9883
16.3462
15.7057
15.0644
14.4235
13.7824
13.1414
12.5003
11.8593
11.2183
10.5773
9.93621
9.29518
8.65414
8.0131
7.37207
6.73102
6.09
5.44893
4.8079
4.16681
3.5258
2.88467
2.24369
1.60256
0.961593
0.320471
23.6612
22.5921
22.2095
21.4213
20.8642
20.1754
19.5615
18.9053
18.2725
17.6271
16.9883
16.3462
15.7057
15.0644
14.4235
13.7824
13.1414
12.5003
11.8593
11.2183
10.5773
9.93621
9.29518
8.65414
8.0131
7.37207
6.73102
6.09
5.44893
4.8079
4.16681
3.5258
2.88467
2.24369
1.60256
0.961593
0.320471
23.6611
22.5921
22.2095
21.4213
20.8642
20.1754
19.5615
18.9053
18.2725
17.6271
16.9883
16.3462
15.7057
15.0644
14.4235
13.7824
13.1414
12.5003
11.8593
11.2183
10.5773
9.93621
9.29518
8.65414
8.0131
7.37207
6.73102
6.09
5.44893
4.8079
4.16681
3.5258
2.88467
2.24369
1.60256
0.961593
0.320471
23.6611
22.5921
22.2095
21.4213
20.8642
20.1754
19.5615
18.9053
18.2725
17.6271
16.9883
16.3462
15.7057
15.0644
14.4235
13.7824
13.1414
12.5003
11.8593
11.2183
10.5773
9.93621
9.29518
8.65414
8.0131
7.37207
6.73102
6.09
5.44893
4.8079
4.16681
3.5258
2.88467
2.24369
1.60256
0.961593
0.320471
23.6612
22.5921
22.2095
21.4213
20.8642
20.1754
19.5615
18.9053
18.2725
17.6271
16.9883
16.3462
15.7057
15.0644
14.4235
13.7824
13.1414
12.5003
11.8593
11.2183
10.5773
9.93621
9.29518
8.65414
8.0131
7.37207
6.73102
6.09
5.44893
4.8079
4.16681
3.5258
2.88467
2.24369
1.60256
0.961593
0.320471
23.6616
22.5921
22.2095
21.4213
20.8642
20.1754
19.5615
18.9053
18.2725
17.6271
16.9883
16.3462
15.7057
15.0644
14.4235
13.7824
13.1414
12.5003
11.8593
11.2183
10.5773
9.93621
9.29518
8.65414
8.0131
7.37207
6.73102
6.09
5.44893
4.8079
4.16681
3.5258
2.88467
2.24369
1.60256
0.961593
0.320471
23.6623
22.5921
22.2095
21.4213
20.8642
20.1754
19.5615
18.9053
18.2725
17.6271
16.9883
16.3462
15.7057
15.0644
14.4235
13.7824
13.1414
12.5003
11.8593
11.2183
10.5773
9.93621
9.29518
8.65414
8.0131
7.37207
6.73102
6.09
5.44893
4.8079
4.16681
3.5258
2.88467
2.24369
1.60256
0.961593
0.320471
23.6631
22.5921
22.2095
21.4213
20.8642
20.1754
19.5615
18.9053
18.2725
17.6271
16.9883
16.3462
15.7057
15.0644
14.4235
13.7824
13.1414
12.5003
11.8593
11.2183
10.5773
9.93621
9.29518
8.65414
8.0131
7.37207
6.73102
6.09
5.44893
4.8079
4.16681
3.5258
2.88467
2.24369
1.60256
0.961593
0.320471
23.663
22.5921
22.2095
21.4213
20.8642
20.1754
19.5615
18.9053
18.2725
17.6271
16.9883
16.3462
15.7057
15.0644
14.4235
13.7824
13.1414
12.5003
11.8593
11.2183
10.5773
9.93621
9.29518
8.65414
8.0131
7.37207
6.73102
6.09
5.44893
4.8079
4.16681
3.5258
2.88467
2.24369
1.60256
0.961593
0.320471
23.6621
22.5921
22.2095
21.4213
20.8642
20.1754
19.5615
18.9053
18.2725
17.6271
16.9883
16.3462
15.7057
15.0644
14.4235
13.7824
13.1414
12.5003
11.8593
11.2183
10.5773
9.93621
9.29518
8.65414
8.0131
7.37207
6.73102
6.09
5.44893
4.8079
4.16681
3.5258
2.88467
2.24369
1.60256
0.961593
0.320471
23.6614
22.5921
22.2095
21.4213
20.8642
20.1754
19.5615
18.9053
18.2725
17.6271
16.9883
16.3462
15.7057
15.0644
14.4235
13.7824
13.1414
12.5003
11.8593
11.2183
10.5773
9.93621
9.29518
8.65414
8.0131
7.37207
6.73102
6.09
5.44893
4.8079
4.16681
3.5258
2.88467
2.24369
1.60256
0.961593
0.320471
23.6611
22.5921
22.2095
21.4213
20.8642
20.1754
19.5615
18.9053
18.2725
17.6271
16.9883
16.3462
15.7057
15.0644
14.4235
13.7824
13.1414
12.5003
11.8593
11.2183
10.5773
9.93621
9.29518
8.65414
8.0131
7.37207
6.73102
6.09
5.44893
4.8079
4.16681
3.5258
2.88467
2.24369
1.60256
0.961593
0.320471
23.6609
22.5921
22.2095
21.4213
20.8642
20.1754
19.5615
18.9053
18.2725
17.6271
16.9883
16.3462
15.7057
15.0644
14.4235
13.7824
13.1414
12.5003
11.8593
11.2183
10.5773
9.93621
9.29518
8.65414
8.0131
7.37207
6.73102
6.09
5.44893
4.8079
4.16681
3.5258
2.88467
2.24369
1.60256
0.961593
0.320471
23.6609
22.5921
22.2095
21.4213
20.8642
20.1754
19.5615
18.9053
18.2725
17.6271
16.9883
16.3462
15.7057
15.0644
14.4235
13.7824
13.1414
12.5003
11.8593
11.2183
10.5773
9.93621
9.29518
8.65414
8.0131
7.37207
6.73102
6.09
5.44893
4.8079
4.16681
3.5258
2.88467
2.24369
1.60256
0.961593
0.320471
23.6611
22.5921
22.2095
21.4213
20.8642
20.1754
19.5615
18.9053
18.2725
17.6271
16.9883
16.3462
15.7057
15.0644
14.4235
13.7824
13.1414
12.5003
11.8593
11.2183
10.5773
9.93621
9.29518
8.65414
8.0131
7.37207
6.73102
6.09
5.44893
4.8079
4.16681
3.5258
2.88467
2.24369
1.60256
0.961593
0.320471
23.6614
22.5921
22.2095
21.4213
20.8642
20.1754
19.5615
18.9053
18.2725
17.6271
16.9883
16.3462
15.7057
15.0644
14.4235
13.7824
13.1414
12.5003
11.8593
11.2183
10.5773
9.93621
9.29518
8.65414
8.0131
7.37207
6.73102
6.09
5.44893
4.8079
4.16681
3.5258
2.88467
2.24369
1.60256
0.961593
0.320471
23.6621
22.5921
22.2095
21.4213
20.8642
20.1754
19.5615
18.9053
18.2725
17.6271
16.9883
16.3462
15.7057
15.0644
14.4235
13.7824
13.1414
12.5003
11.8593
11.2183
10.5773
9.93621
9.29518
8.65414
8.0131
7.37207
6.73102
6.09
5.44893
4.8079
4.16681
3.5258
2.88467
2.24369
1.60256
0.961593
0.320471
23.663
22.5921
22.2095
21.4213
20.8642
20.1754
19.5615
18.9053
18.2725
17.6271
16.9883
16.3462
15.7057
15.0644
14.4235
13.7824
13.1414
12.5003
11.8593
11.2183
10.5773
9.93621
9.29518
8.65414
8.0131
7.37207
6.73102
6.09
5.44893
4.8079
4.16681
3.5258
2.88467
2.24369
1.60256
0.961593
0.320471
23.663
22.5921
22.2095
21.4213
20.8642
20.1754
19.5615
18.9053
18.2725
17.6271
16.9883
16.3462
15.7057
15.0644
14.4235
13.7824
13.1414
12.5003
11.8593
11.2183
10.5773
9.93621
9.29518
8.65414
8.0131
7.37207
6.73102
6.09
5.44893
4.8079
4.16681
3.5258
2.88467
2.24369
1.60256
0.961593
0.320471
23.6621
22.5921
22.2095
21.4213
20.8642
20.1754
19.5615
18.9053
18.2725
17.6271
16.9883
16.3462
15.7057
15.0644
14.4235
13.7824
13.1414
12.5003
11.8593
11.2183
10.5773
9.93621
9.29518
8.65414
8.0131
7.37207
6.73102
6.09
5.44893
4.8079
4.16681
3.5258
2.88467
2.24369
1.60256
0.961593
0.320471
23.6614
22.5921
22.2095
21.4213
20.8642
20.1754
19.5615
18.9053
18.2725
17.6271
16.9883
16.3462
15.7057
15.0644
14.4235
13.7824
13.1414
12.5003
11.8593
11.2183
10.5773
9.93621
9.29518
8.65414
8.0131
7.37207
6.73102
6.09
5.44893
4.8079
4.16681
3.5258
2.88467
2.24369
1.60256
0.961593
0.320471
23.6611
22.5921
22.2095
21.4213
20.8642
20.1754
19.5615
18.9053
18.2725
17.6271
16.9883
16.3462
15.7057
15.0644
14.4235
13.7824
13.1414
12.5003
11.8593
11.2183
10.5773
9.93621
9.29518
8.65414
8.0131
7.37207
6.73102
6.09
5.44893
4.8079
4.16681
3.5258
2.88467
2.24369
1.60256
0.961593
0.320471
23.6609
22.5921
22.2095
21.4213
20.8642
20.1754
19.5615
18.9053
18.2725
17.6271
16.9883
16.3462
15.7057
15.0644
14.4235
13.7824
13.1414
12.5003
11.8593
11.2183
10.5773
9.93621
9.29518
8.65414
8.0131
7.37207
6.73102
6.09
5.44893
4.8079
4.16681
3.5258
2.88467
2.24369
1.60256
0.961593
0.320471
23.6609
22.5921
22.2095
21.4213
20.8642
20.1754
19.5615
18.9053
18.2725
17.6271
16.9883
16.3462
15.7057
15.0644
14.4235
13.7824
13.1414
12.5003
11.8593
11.2183
10.5773
9.93621
9.29518
8.65414
8.0131
7.37207
6.73102
6.09
5.44893
4.8079
4.16681
3.5258
2.88467
2.24369
1.60256
0.961593
0.320471
23.6611
22.5921
22.2095
21.4213
20.8642
20.1754
19.5615
18.9053
18.2725
17.6271
16.9883
16.3462
15.7057
15.0644
14.4235
13.7824
13.1414
12.5003
11.8593
11.2183
10.5773
9.93621
9.29518
8.65414
8.0131
7.37207
6.73102
6.09
5.44893
4.8079
4.16681
3.5258
2.88467
2.24369
1.60256
0.961593
0.320471
23.6614
22.5921
22.2095
21.4213
20.8642
20.1754
19.5615
18.9053
18.2725
17.6271
16.9883
16.3462
15.7057
15.0644
14.4235
13.7824
13.1414
12.5003
11.8593
11.2183
10.5773
9.93621
9.29518
8.65414
8.0131
7.37207
6.73102
6.09
5.44893
4.8079
4.16681
3.5258
2.88467
2.24369
1.60256
0.961593
0.320471
23.6621
22.5921
22.2095
21.4213
20.8642
20.1754
19.5615
18.9053
18.2725
17.6271
16.9883
16.3462
15.7057
15.0644
14.4235
13.7824
13.1414
12.5003
11.8593
11.2183
10.5773
9.93621
9.29518
8.65414
8.0131
7.37207
6.73102
6.09
5.44893
4.8079
4.16681
3.5258
2.88467
2.24369
1.60256
0.961593
0.320471
23.663
22.5921
22.2095
21.4213
20.8642
20.1754
19.5615
18.9053
18.2725
17.6271
16.9883
16.3462
15.7057
15.0644
14.4235
13.7824
13.1414
12.5003
11.8593
11.2183
10.5773
9.93621
9.29518
8.65414
8.0131
7.37207
6.73102
6.09
5.44893
4.8079
4.16681
3.5258
2.88467
2.24369
1.60256
0.961593
0.320471
23.6631
22.5921
22.2095
21.4213
20.8642
20.1754
19.5615
18.9053
18.2725
17.6271
16.9883
16.3462
15.7057
15.0644
14.4235
13.7824
13.1414
12.5003
11.8593
11.2183
10.5773
9.93621
9.29518
8.65414
8.0131
7.37207
6.73102
6.09
5.44893
4.8079
4.16681
3.5258
2.88467
2.24369
1.60256
0.961593
0.320471
23.6623
22.5921
22.2095
21.4213
20.8642
20.1754
19.5615
18.9053
18.2725
17.6271
16.9883
16.3462
15.7057
15.0644
14.4235
13.7824
13.1414
12.5003
11.8593
11.2183
10.5773
9.93621
9.29518
8.65414
8.0131
7.37207
6.73102
6.09
5.44893
4.8079
4.16681
3.5258
2.88467
2.24369
1.60256
0.961593
0.320471
23.6616
22.5921
22.2095
21.4213
20.8642
20.1754
19.5615
18.9053
18.2725
17.6271
16.9883
16.3462
15.7057
15.0644
14.4235
13.7824
13.1414
12.5003
11.8593
11.2183
10.5773
9.93621
9.29518
8.65414
8.0131
7.37207
6.73102
6.09
5.44893
4.8079
4.16681
3.5258
2.88467
2.24369
1.60256
0.961593
0.320471
23.6612
22.5921
22.2095
21.4213
20.8642
20.1754
19.5615
18.9053
18.2725
17.6271
16.9883
16.3462
15.7057
15.0644
14.4235
13.7824
13.1414
12.5003
11.8593
11.2183
10.5773
9.93621
9.29518
8.65414
8.0131
7.37207
6.73102
6.09
5.44893
4.8079
4.16681
3.5258
2.88467
2.24369
1.60256
0.961593
0.320471
23.6611
22.5921
22.2095
21.4213
20.8642
20.1754
19.5615
18.9053
18.2725
17.6271
16.9883
16.3462
15.7057
15.0644
14.4235
13.7824
13.1414
12.5003
11.8593
11.2183
10.5773
9.93621
9.29518
8.65414
8.0131
7.37207
6.73102
6.09
5.44893
4.8079
4.16681
3.5258
2.88467
2.24369
1.60256
0.961593
0.320471
23.6611
22.5921
22.2095
21.4213
20.8642
20.1754
19.5615
18.9053
18.2725
17.6271
16.9883
16.3462
15.7057
15.0644
14.4235
13.7824
13.1414
12.5003
11.8593
11.2183
10.5773
9.93621
9.29518
8.65414
8.0131
7.37207
6.73102
6.09
5.44893
4.8079
4.16681
3.5258
2.88467
2.24369
1.60256
0.961593
0.320471
23.6612
22.5921
22.2095
21.4213
20.8642
20.1754
19.5615
18.9053
18.2725
17.6271
16.9883
16.3462
15.7057
15.0644
14.4235
13.7824
13.1414
12.5003
11.8593
11.2183
10.5773
9.93621
9.29518
8.65414
8.0131
7.37207
6.73102
6.09
5.44893
4.8079
4.16681
3.5258
2.88467
2.24369
1.60256
0.961593
0.320471
23.6616
22.5921
22.2095
21.4213
20.8642
20.1754
19.5615
18.9053
18.2725
17.6271
16.9883
16.3462
15.7057
15.0644
14.4235
13.7824
13.1414
12.5003
11.8593
11.2183
10.5773
9.93621
9.29518
8.65414
8.0131
7.37207
6.73102
6.09
5.44893
4.8079
4.16681
3.5258
2.88467
2.24369
1.60256
0.961593
0.320471
23.6623
22.5921
22.2095
21.4213
20.8642
20.1754
19.5615
18.9053
18.2725
17.6271
16.9883
16.3462
15.7057
15.0644
14.4235
13.7824
13.1414
12.5003
11.8593
11.2183
10.5773
9.93621
9.29518
8.65414
8.0131
7.37207
6.73102
6.09
5.44893
4.8079
4.16681
3.5258
2.88467
2.24369
1.60256
0.961593
0.320471
23.6631
22.5921
22.2095
21.4213
20.8642
20.1754
19.5615
18.9053
18.2725
17.6271
16.9883
16.3462
15.7057
15.0644
14.4235
13.7824
13.1414
12.5003
11.8593
11.2183
10.5773
9.93621
9.29518
8.65414
8.0131
7.37207
6.73102
6.09
5.44893
4.8079
4.16681
3.5258
2.88467
2.24369
1.60256
0.961593
0.320471
23.6635
22.5922
22.2095
21.4213
20.8642
20.1754
19.5615
18.9053
18.2725
17.6271
16.9883
16.3462
15.7057
15.0644
14.4235
13.7824
13.1414
12.5003
11.8593
11.2183
10.5773
9.93621
9.29518
8.65414
8.0131
7.37207
6.73102
6.09
5.44893
4.8079
4.16681
3.5258
2.88467
2.24369
1.60256
0.961593
0.320471
23.6627
22.5922
22.2095
21.4213
20.8642
20.1754
19.5615
18.9053
18.2725
17.6271
16.9883
16.3462
15.7057
15.0644
14.4235
13.7824
13.1414
12.5003
11.8593
11.2183
10.5773
9.93621
9.29518
8.65414
8.0131
7.37207
6.73102
6.09
5.44893
4.8079
4.16681
3.5258
2.88467
2.24369
1.60256
0.961593
0.320471
23.662
22.5921
22.2095
21.4213
20.8642
20.1754
19.5615
18.9053
18.2725
17.6271
16.9883
16.3462
15.7057
15.0644
14.4235
13.7824
13.1414
12.5003
11.8593
11.2183
10.5773
9.93621
9.29518
8.65414
8.0131
7.37207
6.73102
6.09
5.44893
4.8079
4.16681
3.5258
2.88467
2.24369
1.60256
0.961593
0.320471
23.6616
22.5921
22.2095
21.4213
20.8642
20.1754
19.5615
18.9053
18.2725
17.6271
16.9883
16.3462
15.7057
15.0644
14.4235
13.7824
13.1414
12.5003
11.8593
11.2183
10.5773
9.93621
9.29518
8.65414
8.0131
7.37207
6.73102
6.09
5.44893
4.8079
4.16681
3.5258
2.88467
2.24369
1.60256
0.961593
0.320471
23.6614
22.5921
22.2095
21.4213
20.8642
20.1754
19.5615
18.9053
18.2725
17.6271
16.9883
16.3462
15.7057
15.0644
14.4235
13.7824
13.1414
12.5003
11.8593
11.2183
10.5773
9.93621
9.29518
8.65414
8.0131
7.37207
6.73102
6.09
5.44893
4.8079
4.16681
3.5258
2.88467
2.24369
1.60256
0.961593
0.320471
23.6614
22.5921
22.2095
21.4213
20.8642
20.1754
19.5615
18.9053
18.2725
17.6271
16.9883
16.3462
15.7057
15.0644
14.4235
13.7824
13.1414
12.5003
11.8593
11.2183
10.5773
9.93621
9.29518
8.65414
8.0131
7.37207
6.73102
6.09
5.44893
4.8079
4.16681
3.5258
2.88467
2.24369
1.60256
0.961593
0.320471
23.6616
22.5921
22.2095
21.4213
20.8642
20.1754
19.5615
18.9053
18.2725
17.6271
16.9883
16.3462
15.7057
15.0644
14.4235
13.7824
13.1414
12.5003
11.8593
11.2183
10.5773
9.93621
9.29518
8.65414
8.0131
7.37207
6.73102
6.09
5.44893
4.8079
4.16681
3.5258
2.88467
2.24369
1.60256
0.961593
0.320471
23.662
22.5921
22.2095
21.4213
20.8642
20.1754
19.5615
18.9053
18.2725
17.6271
16.9883
16.3462
15.7057
15.0644
14.4235
13.7824
13.1414
12.5003
11.8593
11.2183
10.5773
9.93621
9.29518
8.65414
8.0131
7.37207
6.73102
6.09
5.44893
4.8079
4.16681
3.5258
2.88467
2.24369
1.60256
0.961593
0.320471
23.6627
22.5922
22.2095
21.4213
20.8642
20.1754
19.5615
18.9053
18.2725
17.6271
16.9883
16.3462
15.7057
15.0644
14.4235
13.7824
13.1414
12.5003
11.8593
11.2183
10.5773
9.93621
9.29518
8.65414
8.0131
7.37207
6.73102
6.09
5.44893
4.8079
4.16681
3.5258
2.88467
2.24369
1.60256
0.961593
0.320471
23.6635
22.5922
22.2095
21.4213
20.8642
20.1754
19.5615
18.9053
18.2725
17.6271
16.9883
16.3462
15.7057
15.0644
14.4235
13.7824
13.1414
12.5003
11.8593
11.2183
10.5773
9.93621
9.29518
8.65414
8.0131
7.37207
6.73102
6.09
5.44893
4.8079
4.16681
3.5258
2.88467
2.24369
1.60256
0.961593
0.320471
23.6642
22.5922
22.2094
21.4213
20.8642
20.1754
19.5615
18.9053
18.2725
17.6271
16.9883
16.3462
15.7057
15.0644
14.4235
13.7824
13.1414
12.5003
11.8593
11.2183
10.5773
9.93621
9.29518
8.65414
8.0131
7.37207
6.73102
6.09
5.44893
4.8079
4.16681
3.5258
2.88467
2.24369
1.60256
0.961593
0.320471
23.6633
22.5922
22.2094
21.4213
20.8642
20.1754
19.5615
18.9053
18.2725
17.6271
16.9883
16.3462
15.7057
15.0644
14.4235
13.7824
13.1414
12.5003
11.8593
11.2183
10.5773
9.93621
9.29518
8.65414
8.0131
7.37207
6.73102
6.09
5.44893
4.8079
4.16681
3.5258
2.88467
2.24369
1.60256
0.961593
0.320471
23.6627
22.5922
22.2095
21.4213
20.8642
20.1754
19.5615
18.9053
18.2725
17.6271
16.9883
16.3462
15.7057
15.0644
14.4235
13.7824
13.1414
12.5003
11.8593
11.2183
10.5773
9.93621
9.29518
8.65414
8.0131
7.37207
6.73102
6.09
5.44893
4.8079
4.16681
3.5258
2.88467
2.24369
1.60256
0.961593
0.320471
23.6623
22.5921
22.2095
21.4213
20.8642
20.1754
19.5615
18.9053
18.2725
17.6271
16.9883
16.3462
15.7057
15.0644
14.4235
13.7824
13.1414
12.5003
11.8593
11.2183
10.5773
9.93621
9.29518
8.65414
8.0131
7.37207
6.73102
6.09
5.44893
4.8079
4.16681
3.5258
2.88467
2.24369
1.60256
0.961593
0.320471
23.6621
22.5921
22.2095
21.4213
20.8642
20.1754
19.5615
18.9053
18.2725
17.6271
16.9883
16.3462
15.7057
15.0644
14.4235
13.7824
13.1414
12.5003
11.8593
11.2183
10.5773
9.93621
9.29518
8.65414
8.0131
7.37207
6.73102
6.09
5.44893
4.8079
4.16681
3.5258
2.88467
2.24369
1.60256
0.961593
0.320471
23.6621
22.5921
22.2095
21.4213
20.8642
20.1754
19.5615
18.9053
18.2725
17.6271
16.9883
16.3462
15.7057
15.0644
14.4235
13.7824
13.1414
12.5003
11.8593
11.2183
10.5773
9.93621
9.29518
8.65414
8.0131
7.37207
6.73102
6.09
5.44893
4.8079
4.16681
3.5258
2.88467
2.24369
1.60256
0.961593
0.320471
23.6623
22.5921
22.2095
21.4213
20.8642
20.1754
19.5615
18.9053
18.2725
17.6271
16.9883
16.3462
15.7057
15.0644
14.4235
13.7824
13.1414
12.5003
11.8593
11.2183
10.5773
9.93621
9.29518
8.65414
8.0131
7.37207
6.73102
6.09
5.44893
4.8079
4.16681
3.5258
2.88467
2.24369
1.60256
0.961593
0.320471
23.6627
22.5922
22.2095
21.4213
20.8642
20.1754
19.5615
18.9053
18.2725
17.6271
16.9883
16.3462
15.7057
15.0644
14.4235
13.7824
13.1414
12.5003
11.8593
11.2183
10.5773
9.93621
9.29518
8.65414
8.0131
7.37207
6.73102
6.09
5.44893
4.8079
4.16681
3.5258
2.88467
2.24369
1.60256
0.961593
0.320471
23.6633
22.5922
22.2094
21.4213
20.8642
20.1754
19.5615
18.9053
18.2725
17.6271
16.9883
16.3462
15.7057
15.0644
14.4235
13.7824
13.1414
12.5003
11.8593
11.2183
10.5773
9.93621
9.29518
8.65414
8.0131
7.37207
6.73102
6.09
5.44893
4.8079
4.16681
3.5258
2.88467
2.24369
1.60256
0.961593
0.320471
23.6642
22.5922
22.2094
21.4213
20.8642
20.1754
19.5615
18.9053
18.2725
17.6271
16.9883
16.3462
15.7057
15.0644
14.4235
13.7824
13.1414
12.5003
11.8593
11.2183
10.5773
9.93621
9.29518
8.65414
8.0131
7.37207
6.73102
6.09
5.44893
4.8079
4.16681
3.5258
2.88467
2.24369
1.60256
0.961593
0.320471
23.6651
22.5922
22.2094
21.4214
20.8642
20.1754
19.5615
18.9053
18.2725
17.6271
16.9883
16.3462
15.7057
15.0644
14.4235
13.7824
13.1414
12.5003
11.8593
11.2183
10.5773
9.93621
9.29518
8.65414
8.0131
7.37207
6.73102
6.09
5.44893
4.8079
4.16681
3.5258
2.88467
2.24369
1.60256
0.961593
0.320471
23.6642
22.5922
22.2094
21.4213
20.8642
20.1754
19.5615
18.9053
18.2725
17.6271
16.9883
16.3462
15.7057
15.0644
14.4235
13.7824
13.1414
12.5003
11.8593
11.2183
10.5773
9.93621
9.29518
8.65414
8.0131
7.37207
6.73102
6.09
5.44893
4.8079
4.16681
3.5258
2.88467
2.24369
1.60256
0.961593
0.320471
23.6635
22.5922
22.2095
21.4213
20.8642
20.1754
19.5615
18.9053
18.2725
17.6271
16.9883
16.3462
15.7057
15.0644
14.4235
13.7824
13.1414
12.5003
11.8593
11.2183
10.5773
9.93621
9.29518
8.65414
8.0131
7.37207
6.73102
6.09
5.44893
4.8079
4.16681
3.5258
2.88467
2.24369
1.60256
0.961593
0.320471
23.6631
22.5921
22.2095
21.4213
20.8642
20.1754
19.5615
18.9053
18.2725
17.6271
16.9883
16.3462
15.7057
15.0644
14.4235
13.7824
13.1414
12.5003
11.8593
11.2183
10.5773
9.93621
9.29518
8.65414
8.0131
7.37207
6.73102
6.09
5.44893
4.8079
4.16681
3.5258
2.88467
2.24369
1.60256
0.961593
0.320471
23.663
22.5921
22.2095
21.4213
20.8642
20.1754
19.5615
18.9053
18.2725
17.6271
16.9883
16.3462
15.7057
15.0644
14.4235
13.7824
13.1414
12.5003
11.8593
11.2183
10.5773
9.93621
9.29518
8.65414
8.0131
7.37207
6.73102
6.09
5.44893
4.8079
4.16681
3.5258
2.88467
2.24369
1.60256
0.961593
0.320471
23.663
22.5921
22.2095
21.4213
20.8642
20.1754
19.5615
18.9053
18.2725
17.6271
16.9883
16.3462
15.7057
15.0644
14.4235
13.7824
13.1414
12.5003
11.8593
11.2183
10.5773
9.93621
9.29518
8.65414
8.0131
7.37207
6.73102
6.09
5.44893
4.8079
4.16681
3.5258
2.88467
2.24369
1.60256
0.961593
0.320471
23.6631
22.5921
22.2095
21.4213
20.8642
20.1754
19.5615
18.9053
18.2725
17.6271
16.9883
16.3462
15.7057
15.0644
14.4235
13.7824
13.1414
12.5003
11.8593
11.2183
10.5773
9.93621
9.29518
8.65414
8.0131
7.37207
6.73102
6.09
5.44893
4.8079
4.16681
3.5258
2.88467
2.24369
1.60256
0.961593
0.320471
23.6635
22.5922
22.2095
21.4213
20.8642
20.1754
19.5615
18.9053
18.2725
17.6271
16.9883
16.3462
15.7057
15.0644
14.4235
13.7824
13.1414
12.5003
11.8593
11.2183
10.5773
9.93621
9.29518
8.65414
8.0131
7.37207
6.73102
6.09
5.44893
4.8079
4.16681
3.5258
2.88467
2.24369
1.60256
0.961593
0.320471
23.6642
22.5922
22.2094
21.4213
20.8642
20.1754
19.5615
18.9053
18.2725
17.6271
16.9883
16.3462
15.7057
15.0644
14.4235
13.7824
13.1414
12.5003
11.8593
11.2183
10.5773
9.93621
9.29518
8.65414
8.0131
7.37207
6.73102
6.09
5.44893
4.8079
4.16681
3.5258
2.88467
2.24369
1.60256
0.961593
0.320471
23.6651
22.5922
22.2094
21.4214
20.8642
20.1754
19.5615
18.9053
18.2725
17.6271
16.9883
16.3462
15.7057
15.0644
14.4235
13.7824
13.1414
12.5003
11.8593
11.2183
10.5773
9.93621
9.29518
8.65414
8.0131
7.37207
6.73102
6.09
5.44893
4.8079
4.16681
3.5258
2.88467
2.24369
1.60256
0.961593
0.320471
)
;

boundaryField
{
    inlet
    {
        type            zeroGradient;
    }
    outlet
    {
        type            fixedValue;
        value           uniform 0;
    }
    Walls
    {
        type            zeroGradient;
    }
}


// ************************************************************************* //
