/*--------------------------------*- C++ -*----------------------------------*\
  =========                 |
  \\      /  F ield         | OpenFOAM: The Open Source CFD Toolbox
   \\    /   O peration     | Website:  https://openfoam.org
    \\  /    A nd           | Version:  13
     \\/     M anipulation  |
\*---------------------------------------------------------------------------*/
FoamFile
{
    format      ascii;
    class       volScalarField;
    location    "30";
    object      p;
}
// * * * * * * * * * * * * * * * * * * * * * * * * * * * * * * * * * * * * * //

dimensions      [0 2 -2 0 0 0 0];

internalField   nonuniform List<scalar> 
3700
(
2.36477
2.26056
2.22082
2.14188
2.08681
2.01721
1.95646
1.89031
1.82743
1.76261
1.69891
1.63458
1.5706
1.50644
1.44236
1.37824
1.31415
1.25004
1.18594
1.12183
1.05773
0.993625
0.929521
0.865417
0.801312
0.737209
0.673103
0.609001
0.544893
0.480791
0.416681
0.35258
0.288467
0.224368
0.160256
0.0961588
0.0320475
2.36467
2.26056
2.22082
2.14188
2.08681
2.01721
1.95646
1.89031
1.82743
1.76261
1.69891
1.63458
1.5706
1.50644
1.44236
1.37824
1.31415
1.25004
1.18594
1.12183
1.05773
0.993625
0.929521
0.865417
0.801312
0.737209
0.673103
0.609001
0.544893
0.480791
0.416681
0.35258
0.288467
0.224368
0.160256
0.0961588
0.0320475
2.3646
2.26056
2.22082
2.14188
2.08681
2.01721
1.95646
1.89031
1.82743
1.76261
1.69891
1.63458
1.5706
1.50644
1.44236
1.37824
1.31415
1.25004
1.18594
1.12183
1.05773
0.993625
0.929521
0.865417
0.801312
0.737209
0.673103
0.609001
0.544893
0.480791
0.416681
0.35258
0.288467
0.224368
0.160256
0.0961588
0.0320475
2.36457
2.26055
2.22082
2.14188
2.08681
2.01721
1.95646
1.89031
1.82743
1.76261
1.69891
1.63458
1.5706
1.50644
1.44236
1.37824
1.31415
1.25004
1.18594
1.12183
1.05773
0.993625
0.929521
0.865417
0.801312
0.737209
0.673103
0.609001
0.544893
0.480791
0.416681
0.35258
0.288467
0.224368
0.160256
0.0961588
0.0320475
2.36455
2.26055
2.22082
2.14188
2.08681
2.01721
1.95646
1.89031
1.82743
1.76261
1.69891
1.63458
1.5706
1.50644
1.44236
1.37824
1.31415
1.25004
1.18594
1.12183
1.05773
0.993625
0.929521
0.865417
0.801312
0.737209
0.673103
0.609001
0.544893
0.480791
0.416681
0.35258
0.288467
0.224368
0.160256
0.0961588
0.0320475
2.36455
2.26055
2.22082
2.14188
2.08681
2.01721
1.95646
1.89031
1.82743
1.76261
1.69891
1.63458
1.5706
1.50644
1.44236
1.37824
1.31415
1.25004
1.18594
1.12183
1.05773
0.993625
0.929521
0.865417
0.801312
0.737209
0.673103
0.609001
0.544893
0.480791
0.416681
0.35258
0.288467
0.224368
0.160256
0.0961588
0.0320475
2.36457
2.26055
2.22082
2.14188
2.08681
2.01721
1.95646
1.89031
1.82743
1.76261
1.69891
1.63458
1.5706
1.50644
1.44236
1.37824
1.31415
1.25004
1.18594
1.12183
1.05773
0.993625
0.929521
0.865417
0.801312
0.737209
0.673103
0.609001
0.544893
0.480791
0.416681
0.35258
0.288467
0.224368
0.160256
0.0961588
0.0320475
2.3646
2.26056
2.22082
2.14188
2.08681
2.01721
1.95646
1.89031
1.82743
1.76261
1.69891
1.63458
1.5706
1.50644
1.44236
1.37824
1.31415
1.25004
1.18594
1.12183
1.05773
0.993625
0.929521
0.865417
0.801312
0.737209
0.673103
0.609001
0.544893
0.480791
0.416681
0.35258
0.288467
0.224368
0.160256
0.0961588
0.0320475
2.36467
2.26056
2.22082
2.14188
2.08681
2.01721
1.95646
1.89031
1.82743
1.76261
1.69891
1.63458
1.5706
1.50644
1.44236
1.37824
1.31415
1.25004
1.18594
1.12183
1.05773
0.993625
0.929521
0.865417
0.801312
0.737209
0.673103
0.609001
0.544893
0.480791
0.416681
0.35258
0.288467
0.224368
0.160256
0.0961588
0.0320475
2.36477
2.26056
2.22082
2.14188
2.08681
2.01721
1.95646
1.89031
1.82743
1.76261
1.69891
1.63458
1.5706
1.50644
1.44236
1.37824
1.31415
1.25004
1.18594
1.12183
1.05773
0.993625
0.929521
0.865417
0.801312
0.737209
0.673103
0.609001
0.544893
0.480791
0.416681
0.35258
0.288467
0.224368
0.160256
0.0961588
0.0320475
2.36467
2.26056
2.22082
2.14188
2.08681
2.01721
1.95646
1.89031
1.82743
1.76261
1.69891
1.63458
1.5706
1.50644
1.44236
1.37824
1.31415
1.25004
1.18594
1.12183
1.05773
0.993625
0.929521
0.865417
0.801312
0.737209
0.673103
0.609001
0.544893
0.480791
0.416681
0.35258
0.288467
0.224368
0.160256
0.0961588
0.0320475
2.36459
2.26056
2.22082
2.14188
2.08681
2.01721
1.95646
1.89031
1.82743
1.76261
1.69891
1.63458
1.5706
1.50644
1.44236
1.37824
1.31415
1.25004
1.18594
1.12183
1.05773
0.993625
0.929521
0.865417
0.801312
0.737209
0.673103
0.609001
0.544893
0.480791
0.416681
0.35258
0.288467
0.224368
0.160256
0.0961588
0.0320475
2.36452
2.26056
2.22082
2.14188
2.08681
2.01721
1.95646
1.89031
1.82743
1.76261
1.69891
1.63458
1.5706
1.50644
1.44236
1.37824
1.31415
1.25004
1.18594
1.12183
1.05773
0.993625
0.929521
0.865417
0.801312
0.737209
0.673103
0.609001
0.544893
0.480791
0.416681
0.35258
0.288467
0.224368
0.160256
0.0961588
0.0320475
2.36448
2.26055
2.22082
2.14188
2.08681
2.01721
1.95646
1.89031
1.82743
1.76261
1.69891
1.63458
1.5706
1.50644
1.44236
1.37824
1.31415
1.25004
1.18594
1.12183
1.05773
0.993625
0.929521
0.865417
0.801312
0.737209
0.673103
0.609001
0.544893
0.480791
0.416681
0.35258
0.288467
0.224368
0.160256
0.0961588
0.0320475
2.36446
2.26055
2.22082
2.14188
2.08681
2.01721
1.95646
1.89031
1.82743
1.76261
1.69891
1.63458
1.5706
1.50644
1.44236
1.37824
1.31415
1.25004
1.18594
1.12183
1.05773
0.993625
0.929521
0.865417
0.801312
0.737209
0.673103
0.609001
0.544893
0.480791
0.416681
0.35258
0.288467
0.224368
0.160256
0.0961588
0.0320475
2.36446
2.26055
2.22082
2.14188
2.08681
2.01721
1.95646
1.89031
1.82743
1.76261
1.69891
1.63458
1.5706
1.50644
1.44236
1.37824
1.31415
1.25004
1.18594
1.12183
1.05773
0.993625
0.929521
0.865417
0.801312
0.737209
0.673103
0.609001
0.544893
0.480791
0.416681
0.35258
0.288467
0.224368
0.160256
0.0961588
0.0320475
2.36448
2.26055
2.22082
2.14188
2.08681
2.01721
1.95646
1.89031
1.82743
1.76261
1.69891
1.63458
1.5706
1.50644
1.44236
1.37824
1.31415
1.25004
1.18594
1.12183
1.05773
0.993625
0.929521
0.865417
0.801312
0.737209
0.673103
0.609001
0.544893
0.480791
0.416681
0.35258
0.288467
0.224368
0.160256
0.0961588
0.0320475
2.36452
2.26056
2.22082
2.14188
2.08681
2.01721
1.95646
1.89031
1.82743
1.76261
1.69891
1.63458
1.5706
1.50644
1.44236
1.37824
1.31415
1.25004
1.18594
1.12183
1.05773
0.993625
0.929521
0.865417
0.801312
0.737209
0.673103
0.609001
0.544893
0.480791
0.416681
0.35258
0.288467
0.224368
0.160256
0.0961588
0.0320475
2.36459
2.26056
2.22082
2.14188
2.08681
2.01721
1.95646
1.89031
1.82743
1.76261
1.69891
1.63458
1.5706
1.50644
1.44236
1.37824
1.31415
1.25004
1.18594
1.12183
1.05773
0.993625
0.929521
0.865417
0.801312
0.737209
0.673103
0.609001
0.544893
0.480791
0.416681
0.35258
0.288467
0.224368
0.160256
0.0961588
0.0320475
2.36467
2.26056
2.22082
2.14188
2.08681
2.01721
1.95646
1.89031
1.82743
1.76261
1.69891
1.63458
1.5706
1.50644
1.44236
1.37824
1.31415
1.25004
1.18594
1.12183
1.05773
0.993625
0.929521
0.865417
0.801312
0.737209
0.673103
0.609001
0.544893
0.480791
0.416681
0.35258
0.288467
0.224368
0.160256
0.0961588
0.0320475
2.3646
2.26056
2.22082
2.14188
2.08681
2.01721
1.95646
1.89031
1.82743
1.76261
1.69891
1.63458
1.5706
1.50644
1.44236
1.37824
1.31415
1.25004
1.18594
1.12183
1.05773
0.993625
0.929521
0.865417
0.801312
0.737209
0.673103
0.609001
0.544893
0.480791
0.416681
0.35258
0.288467
0.224368
0.160256
0.0961588
0.0320475
2.36452
2.26056
2.22082
2.14188
2.08681
2.01721
1.95646
1.89031
1.82743
1.76261
1.69891
1.63458
1.5706
1.50644
1.44236
1.37824
1.31415
1.25004
1.18594
1.12183
1.05773
0.993625
0.929521
0.865417
0.801312
0.737209
0.673103
0.609001
0.544893
0.480791
0.416681
0.35258
0.288467
0.224368
0.160256
0.0961588
0.0320475
2.36446
2.26055
2.22082
2.14188
2.08681
2.01721
1.95646
1.89031
1.82743
1.76261
1.69891
1.63458
1.5706
1.50644
1.44236
1.37824
1.31415
1.25004
1.18594
1.12183
1.05773
0.993625
0.929521
0.865417
0.801312
0.737209
0.673103
0.609001
0.544893
0.480791
0.416681
0.35258
0.288467
0.224368
0.160256
0.0961588
0.0320475
2.36442
2.26055
2.22082
2.14188
2.08681
2.01721
1.95646
1.89031
1.82743
1.76261
1.69891
1.63458
1.5706
1.50644
1.44236
1.37824
1.31415
1.25004
1.18594
1.12183
1.05773
0.993625
0.929521
0.865417
0.801312
0.737209
0.673103
0.609001
0.544893
0.480791
0.416681
0.35258
0.288467
0.224368
0.160256
0.0961588
0.0320475
2.3644
2.26055
2.22082
2.14188
2.08681
2.01721
1.95646
1.89031
1.82743
1.76261
1.69891
1.63458
1.5706
1.50644
1.44236
1.37824
1.31415
1.25004
1.18594
1.12183
1.05773
0.993625
0.929521
0.865417
0.801312
0.737209
0.673103
0.609001
0.544893
0.480791
0.416681
0.35258
0.288467
0.224368
0.160256
0.0961588
0.0320475
2.3644
2.26055
2.22082
2.14188
2.08681
2.01721
1.95646
1.89031
1.82743
1.76261
1.69891
1.63458
1.5706
1.50644
1.44236
1.37824
1.31415
1.25004
1.18594
1.12183
1.05773
0.993625
0.929521
0.865417
0.801312
0.737209
0.673103
0.609001
0.544893
0.480791
0.416681
0.35258
0.288467
0.224368
0.160256
0.0961588
0.0320475
2.36442
2.26055
2.22082
2.14188
2.08681
2.01721
1.95646
1.89031
1.82743
1.76261
1.69891
1.63458
1.5706
1.50644
1.44236
1.37824
1.31415
1.25004
1.18594
1.12183
1.05773
0.993625
0.929521
0.865417
0.801312
0.737209
0.673103
0.609001
0.544893
0.480791
0.416681
0.35258
0.288467
0.224368
0.160256
0.0961588
0.0320475
2.36446
2.26055
2.22082
2.14188
2.08681
2.01721
1.95646
1.89031
1.82743
1.76261
1.69891
1.63458
1.5706
1.50644
1.44236
1.37824
1.31415
1.25004
1.18594
1.12183
1.05773
0.993625
0.929521
0.865417
0.801312
0.737209
0.673103
0.609001
0.544893
0.480791
0.416681
0.35258
0.288467
0.224368
0.160256
0.0961588
0.0320475
2.36452
2.26056
2.22082
2.14188
2.08681
2.01721
1.95646
1.89031
1.82743
1.76261
1.69891
1.63458
1.5706
1.50644
1.44236
1.37824
1.31415
1.25004
1.18594
1.12183
1.05773
0.993625
0.929521
0.865417
0.801312
0.737209
0.673103
0.609001
0.544893
0.480791
0.416681
0.35258
0.288467
0.224368
0.160256
0.0961588
0.0320475
2.3646
2.26056
2.22082
2.14188
2.08681
2.01721
1.95646
1.89031
1.82743
1.76261
1.69891
1.63458
1.5706
1.50644
1.44236
1.37824
1.31415
1.25004
1.18594
1.12183
1.05773
0.993625
0.929521
0.865417
0.801312
0.737209
0.673103
0.609001
0.544893
0.480791
0.416681
0.35258
0.288467
0.224368
0.160256
0.0961588
0.0320475
2.36457
2.26055
2.22082
2.14188
2.08681
2.01721
1.95646
1.89031
1.82743
1.76261
1.69891
1.63458
1.5706
1.50644
1.44236
1.37824
1.31415
1.25004
1.18594
1.12183
1.05773
0.993625
0.929521
0.865417
0.801312
0.737209
0.673103
0.609001
0.544893
0.480791
0.416681
0.35258
0.288467
0.224368
0.160256
0.0961588
0.0320475
2.36448
2.26055
2.22082
2.14188
2.08681
2.01721
1.95646
1.89031
1.82743
1.76261
1.69891
1.63458
1.5706
1.50644
1.44236
1.37824
1.31415
1.25004
1.18594
1.12183
1.05773
0.993625
0.929521
0.865417
0.801312
0.737209
0.673103
0.609001
0.544893
0.480791
0.416681
0.35258
0.288467
0.224368
0.160256
0.0961588
0.0320475
2.36442
2.26055
2.22082
2.14188
2.08681
2.01721
1.95646
1.89031
1.82743
1.76261
1.69891
1.63458
1.5706
1.50644
1.44236
1.37824
1.31415
1.25004
1.18594
1.12183
1.05773
0.993625
0.929521
0.865417
0.801312
0.737209
0.673103
0.609001
0.544893
0.480791
0.416681
0.35258
0.288467
0.224368
0.160256
0.0961588
0.0320475
2.36438
2.26055
2.22082
2.14188
2.08681
2.01721
1.95646
1.89031
1.82743
1.76261
1.69891
1.63458
1.5706
1.50644
1.44236
1.37824
1.31415
1.25004
1.18594
1.12183
1.05773
0.993625
0.929521
0.865417
0.801312
0.737209
0.673103
0.609001
0.544893
0.480791
0.416681
0.35258
0.288467
0.224368
0.160256
0.0961588
0.0320475
2.36436
2.26055
2.22082
2.14188
2.08681
2.01721
1.95646
1.89031
1.82743
1.76261
1.69891
1.63458
1.5706
1.50644
1.44236
1.37824
1.31415
1.25004
1.18594
1.12183
1.05773
0.993625
0.929521
0.865417
0.801312
0.737209
0.673103
0.609001
0.544893
0.480791
0.416681
0.35258
0.288467
0.224368
0.160256
0.0961588
0.0320475
2.36436
2.26055
2.22082
2.14188
2.08681
2.01721
1.95646
1.89031
1.82743
1.76261
1.69891
1.63458
1.5706
1.50644
1.44236
1.37824
1.31415
1.25004
1.18594
1.12183
1.05773
0.993625
0.929521
0.865417
0.801312
0.737209
0.673103
0.609001
0.544893
0.480791
0.416681
0.35258
0.288467
0.224368
0.160256
0.0961588
0.0320475
2.36438
2.26055
2.22082
2.14188
2.08681
2.01721
1.95646
1.89031
1.82743
1.76261
1.69891
1.63458
1.5706
1.50644
1.44236
1.37824
1.31415
1.25004
1.18594
1.12183
1.05773
0.993625
0.929521
0.865417
0.801312
0.737209
0.673103
0.609001
0.544893
0.480791
0.416681
0.35258
0.288467
0.224368
0.160256
0.0961588
0.0320475
2.36442
2.26055
2.22082
2.14188
2.08681
2.01721
1.95646
1.89031
1.82743
1.76261
1.69891
1.63458
1.5706
1.50644
1.44236
1.37824
1.31415
1.25004
1.18594
1.12183
1.05773
0.993625
0.929521
0.865417
0.801312
0.737209
0.673103
0.609001
0.544893
0.480791
0.416681
0.35258
0.288467
0.224368
0.160256
0.0961588
0.0320475
2.36448
2.26055
2.22082
2.14188
2.08681
2.01721
1.95646
1.89031
1.82743
1.76261
1.69891
1.63458
1.5706
1.50644
1.44236
1.37824
1.31415
1.25004
1.18594
1.12183
1.05773
0.993625
0.929521
0.865417
0.801312
0.737209
0.673103
0.609001
0.544893
0.480791
0.416681
0.35258
0.288467
0.224368
0.160256
0.0961588
0.0320475
2.36457
2.26055
2.22082
2.14188
2.08681
2.01721
1.95646
1.89031
1.82743
1.76261
1.69891
1.63458
1.5706
1.50644
1.44236
1.37824
1.31415
1.25004
1.18594
1.12183
1.05773
0.993625
0.929521
0.865417
0.801312
0.737209
0.673103
0.609001
0.544893
0.480791
0.416681
0.35258
0.288467
0.224368
0.160256
0.0961588
0.0320475
2.36455
2.26055
2.22082
2.14188
2.08681
2.01721
1.95646
1.89031
1.82743
1.76261
1.69891
1.63458
1.5706
1.50644
1.44236
1.37824
1.31415
1.25004
1.18594
1.12183
1.05773
0.993625
0.929521
0.865417
0.801312
0.737209
0.673103
0.609001
0.544893
0.480791
0.416681
0.35258
0.288467
0.224368
0.160256
0.0961588
0.0320475
2.36446
2.26055
2.22082
2.14188
2.08681
2.01721
1.95646
1.89031
1.82743
1.76261
1.69891
1.63458
1.5706
1.50644
1.44236
1.37824
1.31415
1.25004
1.18594
1.12183
1.05773
0.993625
0.929521
0.865417
0.801312
0.737209
0.673103
0.609001
0.544893
0.480791
0.416681
0.35258
0.288467
0.224368
0.160256
0.0961588
0.0320475
2.3644
2.26055
2.22082
2.14188
2.08681
2.01721
1.95646
1.89031
1.82743
1.76261
1.69891
1.63458
1.5706
1.50644
1.44236
1.37824
1.31415
1.25004
1.18594
1.12183
1.05773
0.993625
0.929521
0.865417
0.801312
0.737209
0.673103
0.609001
0.544893
0.480791
0.416681
0.35258
0.288467
0.224368
0.160256
0.0961588
0.0320475
2.36436
2.26055
2.22082
2.14188
2.08681
2.01721
1.95646
1.89031
1.82743
1.76261
1.69891
1.63458
1.5706
1.50644
1.44236
1.37824
1.31415
1.25004
1.18594
1.12183
1.05773
0.993625
0.929521
0.865417
0.801312
0.737209
0.673103
0.609001
0.544893
0.480791
0.416681
0.35258
0.288467
0.224368
0.160256
0.0961588
0.0320475
2.36434
2.26055
2.22082
2.14188
2.08681
2.01721
1.95646
1.89031
1.82743
1.76261
1.69891
1.63458
1.5706
1.50644
1.44236
1.37824
1.31415
1.25004
1.18594
1.12183
1.05773
0.993625
0.929521
0.865417
0.801312
0.737209
0.673103
0.609001
0.544893
0.480791
0.416681
0.35258
0.288467
0.224368
0.160256
0.0961588
0.0320475
2.36434
2.26055
2.22082
2.14188
2.08681
2.01721
1.95646
1.89031
1.82743
1.76261
1.69891
1.63458
1.5706
1.50644
1.44236
1.37824
1.31415
1.25004
1.18594
1.12183
1.05773
0.993625
0.929521
0.865417
0.801312
0.737209
0.673103
0.609001
0.544893
0.480791
0.416681
0.35258
0.288467
0.224368
0.160256
0.0961588
0.0320475
2.36436
2.26055
2.22082
2.14188
2.08681
2.01721
1.95646
1.89031
1.82743
1.76261
1.69891
1.63458
1.5706
1.50644
1.44236
1.37824
1.31415
1.25004
1.18594
1.12183
1.05773
0.993625
0.929521
0.865417
0.801312
0.737209
0.673103
0.609001
0.544893
0.480791
0.416681
0.35258
0.288467
0.224368
0.160256
0.0961588
0.0320475
2.3644
2.26055
2.22082
2.14188
2.08681
2.01721
1.95646
1.89031
1.82743
1.76261
1.69891
1.63458
1.5706
1.50644
1.44236
1.37824
1.31415
1.25004
1.18594
1.12183
1.05773
0.993625
0.929521
0.865417
0.801312
0.737209
0.673103
0.609001
0.544893
0.480791
0.416681
0.35258
0.288467
0.224368
0.160256
0.0961588
0.0320475
2.36446
2.26055
2.22082
2.14188
2.08681
2.01721
1.95646
1.89031
1.82743
1.76261
1.69891
1.63458
1.5706
1.50644
1.44236
1.37824
1.31415
1.25004
1.18594
1.12183
1.05773
0.993625
0.929521
0.865417
0.801312
0.737209
0.673103
0.609001
0.544893
0.480791
0.416681
0.35258
0.288467
0.224368
0.160256
0.0961588
0.0320475
2.36455
2.26055
2.22082
2.14188
2.08681
2.01721
1.95646
1.89031
1.82743
1.76261
1.69891
1.63458
1.5706
1.50644
1.44236
1.37824
1.31415
1.25004
1.18594
1.12183
1.05773
0.993625
0.929521
0.865417
0.801312
0.737209
0.673103
0.609001
0.544893
0.480791
0.416681
0.35258
0.288467
0.224368
0.160256
0.0961588
0.0320475
2.36455
2.26055
2.22082
2.14188
2.08681
2.01721
1.95646
1.89031
1.82743
1.76261
1.69891
1.63458
1.5706
1.50644
1.44236
1.37824
1.31415
1.25004
1.18594
1.12183
1.05773
0.993625
0.929521
0.865417
0.801312
0.737209
0.673103
0.609001
0.544893
0.480791
0.416681
0.35258
0.288467
0.224368
0.160256
0.0961588
0.0320475
2.36446
2.26055
2.22082
2.14188
2.08681
2.01721
1.95646
1.89031
1.82743
1.76261
1.69891
1.63458
1.5706
1.50644
1.44236
1.37824
1.31415
1.25004
1.18594
1.12183
1.05773
0.993625
0.929521
0.865417
0.801312
0.737209
0.673103
0.609001
0.544893
0.480791
0.416681
0.35258
0.288467
0.224368
0.160256
0.0961588
0.0320475
2.3644
2.26055
2.22082
2.14188
2.08681
2.01721
1.95646
1.89031
1.82743
1.76261
1.69891
1.63458
1.5706
1.50644
1.44236
1.37824
1.31415
1.25004
1.18594
1.12183
1.05773
0.993625
0.929521
0.865417
0.801312
0.737209
0.673103
0.609001
0.544893
0.480791
0.416681
0.35258
0.288467
0.224368
0.160256
0.0961588
0.0320475
2.36436
2.26055
2.22082
2.14188
2.08681
2.01721
1.95646
1.89031
1.82743
1.76261
1.69891
1.63458
1.5706
1.50644
1.44236
1.37824
1.31415
1.25004
1.18594
1.12183
1.05773
0.993625
0.929521
0.865417
0.801312
0.737209
0.673103
0.609001
0.544893
0.480791
0.416681
0.35258
0.288467
0.224368
0.160256
0.0961588
0.0320475
2.36434
2.26055
2.22082
2.14188
2.08681
2.01721
1.95646
1.89031
1.82743
1.76261
1.69891
1.63458
1.5706
1.50644
1.44236
1.37824
1.31415
1.25004
1.18594
1.12183
1.05773
0.993625
0.929521
0.865417
0.801312
0.737209
0.673103
0.609001
0.544893
0.480791
0.416681
0.35258
0.288467
0.224368
0.160256
0.0961588
0.0320475
2.36434
2.26055
2.22082
2.14188
2.08681
2.01721
1.95646
1.89031
1.82743
1.76261
1.69891
1.63458
1.5706
1.50644
1.44236
1.37824
1.31415
1.25004
1.18594
1.12183
1.05773
0.993625
0.929521
0.865417
0.801312
0.737209
0.673103
0.609001
0.544893
0.480791
0.416681
0.35258
0.288467
0.224368
0.160256
0.0961588
0.0320475
2.36436
2.26055
2.22082
2.14188
2.08681
2.01721
1.95646
1.89031
1.82743
1.76261
1.69891
1.63458
1.5706
1.50644
1.44236
1.37824
1.31415
1.25004
1.18594
1.12183
1.05773
0.993625
0.929521
0.865417
0.801312
0.737209
0.673103
0.609001
0.544893
0.480791
0.416681
0.35258
0.288467
0.224368
0.160256
0.0961588
0.0320475
2.3644
2.26055
2.22082
2.14188
2.08681
2.01721
1.95646
1.89031
1.82743
1.76261
1.69891
1.63458
1.5706
1.50644
1.44236
1.37824
1.31415
1.25004
1.18594
1.12183
1.05773
0.993625
0.929521
0.865417
0.801312
0.737209
0.673103
0.609001
0.544893
0.480791
0.416681
0.35258
0.288467
0.224368
0.160256
0.0961588
0.0320475
2.36446
2.26055
2.22082
2.14188
2.08681
2.01721
1.95646
1.89031
1.82743
1.76261
1.69891
1.63458
1.5706
1.50644
1.44236
1.37824
1.31415
1.25004
1.18594
1.12183
1.05773
0.993625
0.929521
0.865417
0.801312
0.737209
0.673103
0.609001
0.544893
0.480791
0.416681
0.35258
0.288467
0.224368
0.160256
0.0961588
0.0320475
2.36455
2.26055
2.22082
2.14188
2.08681
2.01721
1.95646
1.89031
1.82743
1.76261
1.69891
1.63458
1.5706
1.50644
1.44236
1.37824
1.31415
1.25004
1.18594
1.12183
1.05773
0.993625
0.929521
0.865417
0.801312
0.737209
0.673103
0.609001
0.544893
0.480791
0.416681
0.35258
0.288467
0.224368
0.160256
0.0961588
0.0320475
2.36457
2.26055
2.22082
2.14188
2.08681
2.01721
1.95646
1.89031
1.82743
1.76261
1.69891
1.63458
1.5706
1.50644
1.44236
1.37824
1.31415
1.25004
1.18594
1.12183
1.05773
0.993625
0.929521
0.865417
0.801312
0.737209
0.673103
0.609001
0.544893
0.480791
0.416681
0.35258
0.288467
0.224368
0.160256
0.0961588
0.0320475
2.36448
2.26055
2.22082
2.14188
2.08681
2.01721
1.95646
1.89031
1.82743
1.76261
1.69891
1.63458
1.5706
1.50644
1.44236
1.37824
1.31415
1.25004
1.18594
1.12183
1.05773
0.993625
0.929521
0.865417
0.801312
0.737209
0.673103
0.609001
0.544893
0.480791
0.416681
0.35258
0.288467
0.224368
0.160256
0.0961588
0.0320475
2.36442
2.26055
2.22082
2.14188
2.08681
2.01721
1.95646
1.89031
1.82743
1.76261
1.69891
1.63458
1.5706
1.50644
1.44236
1.37824
1.31415
1.25004
1.18594
1.12183
1.05773
0.993625
0.929521
0.865417
0.801312
0.737209
0.673103
0.609001
0.544893
0.480791
0.416681
0.35258
0.288467
0.224368
0.160256
0.0961588
0.0320475
2.36438
2.26055
2.22082
2.14188
2.08681
2.01721
1.95646
1.89031
1.82743
1.76261
1.69891
1.63458
1.5706
1.50644
1.44236
1.37824
1.31415
1.25004
1.18594
1.12183
1.05773
0.993625
0.929521
0.865417
0.801312
0.737209
0.673103
0.609001
0.544893
0.480791
0.416681
0.35258
0.288467
0.224368
0.160256
0.0961588
0.0320475
2.36436
2.26055
2.22082
2.14188
2.08681
2.01721
1.95646
1.89031
1.82743
1.76261
1.69891
1.63458
1.5706
1.50644
1.44236
1.37824
1.31415
1.25004
1.18594
1.12183
1.05773
0.993625
0.929521
0.865417
0.801312
0.737209
0.673103
0.609001
0.544893
0.480791
0.416681
0.35258
0.288467
0.224368
0.160256
0.0961588
0.0320475
2.36436
2.26055
2.22082
2.14188
2.08681
2.01721
1.95646
1.89031
1.82743
1.76261
1.69891
1.63458
1.5706
1.50644
1.44236
1.37824
1.31415
1.25004
1.18594
1.12183
1.05773
0.993625
0.929521
0.865417
0.801312
0.737209
0.673103
0.609001
0.544893
0.480791
0.416681
0.35258
0.288467
0.224368
0.160256
0.0961588
0.0320475
2.36438
2.26055
2.22082
2.14188
2.08681
2.01721
1.95646
1.89031
1.82743
1.76261
1.69891
1.63458
1.5706
1.50644
1.44236
1.37824
1.31415
1.25004
1.18594
1.12183
1.05773
0.993625
0.929521
0.865417
0.801312
0.737209
0.673103
0.609001
0.544893
0.480791
0.416681
0.35258
0.288467
0.224368
0.160256
0.0961588
0.0320475
2.36442
2.26055
2.22082
2.14188
2.08681
2.01721
1.95646
1.89031
1.82743
1.76261
1.69891
1.63458
1.5706
1.50644
1.44236
1.37824
1.31415
1.25004
1.18594
1.12183
1.05773
0.993625
0.929521
0.865417
0.801312
0.737209
0.673103
0.609001
0.544893
0.480791
0.416681
0.35258
0.288467
0.224368
0.160256
0.0961588
0.0320475
2.36448
2.26055
2.22082
2.14188
2.08681
2.01721
1.95646
1.89031
1.82743
1.76261
1.69891
1.63458
1.5706
1.50644
1.44236
1.37824
1.31415
1.25004
1.18594
1.12183
1.05773
0.993625
0.929521
0.865417
0.801312
0.737209
0.673103
0.609001
0.544893
0.480791
0.416681
0.35258
0.288467
0.224368
0.160256
0.0961588
0.0320475
2.36457
2.26055
2.22082
2.14188
2.08681
2.01721
1.95646
1.89031
1.82743
1.76261
1.69891
1.63458
1.5706
1.50644
1.44236
1.37824
1.31415
1.25004
1.18594
1.12183
1.05773
0.993625
0.929521
0.865417
0.801312
0.737209
0.673103
0.609001
0.544893
0.480791
0.416681
0.35258
0.288467
0.224368
0.160256
0.0961588
0.0320475
2.3646
2.26056
2.22082
2.14188
2.08681
2.01721
1.95646
1.89031
1.82743
1.76261
1.69891
1.63458
1.5706
1.50644
1.44236
1.37824
1.31415
1.25004
1.18594
1.12183
1.05773
0.993625
0.929521
0.865417
0.801312
0.737209
0.673103
0.609001
0.544893
0.480791
0.416681
0.35258
0.288467
0.224368
0.160256
0.0961588
0.0320475
2.36452
2.26056
2.22082
2.14188
2.08681
2.01721
1.95646
1.89031
1.82743
1.76261
1.69891
1.63458
1.5706
1.50644
1.44236
1.37824
1.31415
1.25004
1.18594
1.12183
1.05773
0.993625
0.929521
0.865417
0.801312
0.737209
0.673103
0.609001
0.544893
0.480791
0.416681
0.35258
0.288467
0.224368
0.160256
0.0961588
0.0320475
2.36446
2.26055
2.22082
2.14188
2.08681
2.01721
1.95646
1.89031
1.82743
1.76261
1.69891
1.63458
1.5706
1.50644
1.44236
1.37824
1.31415
1.25004
1.18594
1.12183
1.05773
0.993625
0.929521
0.865417
0.801312
0.737209
0.673103
0.609001
0.544893
0.480791
0.416681
0.35258
0.288467
0.224368
0.160256
0.0961588
0.0320475
2.36442
2.26055
2.22082
2.14188
2.08681
2.01721
1.95646
1.89031
1.82743
1.76261
1.69891
1.63458
1.5706
1.50644
1.44236
1.37824
1.31415
1.25004
1.18594
1.12183
1.05773
0.993625
0.929521
0.865417
0.801312
0.737209
0.673103
0.609001
0.544893
0.480791
0.416681
0.35258
0.288467
0.224368
0.160256
0.0961588
0.0320475
2.3644
2.26055
2.22082
2.14188
2.08681
2.01721
1.95646
1.89031
1.82743
1.76261
1.69891
1.63458
1.5706
1.50644
1.44236
1.37824
1.31415
1.25004
1.18594
1.12183
1.05773
0.993625
0.929521
0.865417
0.801312
0.737209
0.673103
0.609001
0.544893
0.480791
0.416681
0.35258
0.288467
0.224368
0.160256
0.0961588
0.0320475
2.3644
2.26055
2.22082
2.14188
2.08681
2.01721
1.95646
1.89031
1.82743
1.76261
1.69891
1.63458
1.5706
1.50644
1.44236
1.37824
1.31415
1.25004
1.18594
1.12183
1.05773
0.993625
0.929521
0.865417
0.801312
0.737209
0.673103
0.609001
0.544893
0.480791
0.416681
0.35258
0.288467
0.224368
0.160256
0.0961588
0.0320475
2.36442
2.26055
2.22082
2.14188
2.08681
2.01721
1.95646
1.89031
1.82743
1.76261
1.69891
1.63458
1.5706
1.50644
1.44236
1.37824
1.31415
1.25004
1.18594
1.12183
1.05773
0.993625
0.929521
0.865417
0.801312
0.737209
0.673103
0.609001
0.544893
0.480791
0.416681
0.35258
0.288467
0.224368
0.160256
0.0961588
0.0320475
2.36446
2.26055
2.22082
2.14188
2.08681
2.01721
1.95646
1.89031
1.82743
1.76261
1.69891
1.63458
1.5706
1.50644
1.44236
1.37824
1.31415
1.25004
1.18594
1.12183
1.05773
0.993625
0.929521
0.865417
0.801312
0.737209
0.673103
0.609001
0.544893
0.480791
0.416681
0.35258
0.288467
0.224368
0.160256
0.0961588
0.0320475
2.36452
2.26056
2.22082
2.14188
2.08681
2.01721
1.95646
1.89031
1.82743
1.76261
1.69891
1.63458
1.5706
1.50644
1.44236
1.37824
1.31415
1.25004
1.18594
1.12183
1.05773
0.993625
0.929521
0.865417
0.801312
0.737209
0.673103
0.609001
0.544893
0.480791
0.416681
0.35258
0.288467
0.224368
0.160256
0.0961588
0.0320475
2.3646
2.26056
2.22082
2.14188
2.08681
2.01721
1.95646
1.89031
1.82743
1.76261
1.69891
1.63458
1.5706
1.50644
1.44236
1.37824
1.31415
1.25004
1.18594
1.12183
1.05773
0.993625
0.929521
0.865417
0.801312
0.737209
0.673103
0.609001
0.544893
0.480791
0.416681
0.35258
0.288467
0.224368
0.160256
0.0961588
0.0320475
2.36467
2.26056
2.22082
2.14188
2.08681
2.01721
1.95646
1.89031
1.82743
1.76261
1.69891
1.63458
1.5706
1.50644
1.44236
1.37824
1.31415
1.25004
1.18594
1.12183
1.05773
0.993625
0.929521
0.865417
0.801312
0.737209
0.673103
0.609001
0.544893
0.480791
0.416681
0.35258
0.288467
0.224368
0.160256
0.0961588
0.0320475
2.36459
2.26056
2.22082
2.14188
2.08681
2.01721
1.95646
1.89031
1.82743
1.76261
1.69891
1.63458
1.5706
1.50644
1.44236
1.37824
1.31415
1.25004
1.18594
1.12183
1.05773
0.993625
0.929521
0.865417
0.801312
0.737209
0.673103
0.609001
0.544893
0.480791
0.416681
0.35258
0.288467
0.224368
0.160256
0.0961588
0.0320475
2.36452
2.26056
2.22082
2.14188
2.08681
2.01721
1.95646
1.89031
1.82743
1.76261
1.69891
1.63458
1.5706
1.50644
1.44236
1.37824
1.31415
1.25004
1.18594
1.12183
1.05773
0.993625
0.929521
0.865417
0.801312
0.737209
0.673103
0.609001
0.544893
0.480791
0.416681
0.35258
0.288467
0.224368
0.160256
0.0961588
0.0320475
2.36448
2.26055
2.22082
2.14188
2.08681
2.01721
1.95646
1.89031
1.82743
1.76261
1.69891
1.63458
1.5706
1.50644
1.44236
1.37824
1.31415
1.25004
1.18594
1.12183
1.05773
0.993625
0.929521
0.865417
0.801312
0.737209
0.673103
0.609001
0.544893
0.480791
0.416681
0.35258
0.288467
0.224368
0.160256
0.0961588
0.0320475
2.36446
2.26055
2.22082
2.14188
2.08681
2.01721
1.95646
1.89031
1.82743
1.76261
1.69891
1.63458
1.5706
1.50644
1.44236
1.37824
1.31415
1.25004
1.18594
1.12183
1.05773
0.993625
0.929521
0.865417
0.801312
0.737209
0.673103
0.609001
0.544893
0.480791
0.416681
0.35258
0.288467
0.224368
0.160256
0.0961588
0.0320475
2.36446
2.26055
2.22082
2.14188
2.08681
2.01721
1.95646
1.89031
1.82743
1.76261
1.69891
1.63458
1.5706
1.50644
1.44236
1.37824
1.31415
1.25004
1.18594
1.12183
1.05773
0.993625
0.929521
0.865417
0.801312
0.737209
0.673103
0.609001
0.544893
0.480791
0.416681
0.35258
0.288467
0.224368
0.160256
0.0961588
0.0320475
2.36448
2.26055
2.22082
2.14188
2.08681
2.01721
1.95646
1.89031
1.82743
1.76261
1.69891
1.63458
1.5706
1.50644
1.44236
1.37824
1.31415
1.25004
1.18594
1.12183
1.05773
0.993625
0.929521
0.865417
0.801312
0.737209
0.673103
0.609001
0.544893
0.480791
0.416681
0.35258
0.288467
0.224368
0.160256
0.0961588
0.0320475
2.36452
2.26056
2.22082
2.14188
2.08681
2.01721
1.95646
1.89031
1.82743
1.76261
1.69891
1.63458
1.5706
1.50644
1.44236
1.37824
1.31415
1.25004
1.18594
1.12183
1.05773
0.993625
0.929521
0.865417
0.801312
0.737209
0.673103
0.609001
0.544893
0.480791
0.416681
0.35258
0.288467
0.224368
0.160256
0.0961588
0.0320475
2.36459
2.26056
2.22082
2.14188
2.08681
2.01721
1.95646
1.89031
1.82743
1.76261
1.69891
1.63458
1.5706
1.50644
1.44236
1.37824
1.31415
1.25004
1.18594
1.12183
1.05773
0.993625
0.929521
0.865417
0.801312
0.737209
0.673103
0.609001
0.544893
0.480791
0.416681
0.35258
0.288467
0.224368
0.160256
0.0961588
0.0320475
2.36467
2.26056
2.22082
2.14188
2.08681
2.01721
1.95646
1.89031
1.82743
1.76261
1.69891
1.63458
1.5706
1.50644
1.44236
1.37824
1.31415
1.25004
1.18594
1.12183
1.05773
0.993625
0.929521
0.865417
0.801312
0.737209
0.673103
0.609001
0.544893
0.480791
0.416681
0.35258
0.288467
0.224368
0.160256
0.0961588
0.0320475
2.36477
2.26056
2.22082
2.14188
2.08681
2.01721
1.95646
1.89031
1.82743
1.76261
1.69891
1.63458
1.5706
1.50644
1.44236
1.37824
1.31415
1.25004
1.18594
1.12183
1.05773
0.993625
0.929521
0.865417
0.801312
0.737209
0.673103
0.609001
0.544893
0.480791
0.416681
0.35258
0.288467
0.224368
0.160256
0.0961588
0.0320475
2.36467
2.26056
2.22082
2.14188
2.08681
2.01721
1.95646
1.89031
1.82743
1.76261
1.69891
1.63458
1.5706
1.50644
1.44236
1.37824
1.31415
1.25004
1.18594
1.12183
1.05773
0.993625
0.929521
0.865417
0.801312
0.737209
0.673103
0.609001
0.544893
0.480791
0.416681
0.35258
0.288467
0.224368
0.160256
0.0961588
0.0320475
2.3646
2.26056
2.22082
2.14188
2.08681
2.01721
1.95646
1.89031
1.82743
1.76261
1.69891
1.63458
1.5706
1.50644
1.44236
1.37824
1.31415
1.25004
1.18594
1.12183
1.05773
0.993625
0.929521
0.865417
0.801312
0.737209
0.673103
0.609001
0.544893
0.480791
0.416681
0.35258
0.288467
0.224368
0.160256
0.0961588
0.0320475
2.36457
2.26055
2.22082
2.14188
2.08681
2.01721
1.95646
1.89031
1.82743
1.76261
1.69891
1.63458
1.5706
1.50644
1.44236
1.37824
1.31415
1.25004
1.18594
1.12183
1.05773
0.993625
0.929521
0.865417
0.801312
0.737209
0.673103
0.609001
0.544893
0.480791
0.416681
0.35258
0.288467
0.224368
0.160256
0.0961588
0.0320475
2.36455
2.26055
2.22082
2.14188
2.08681
2.01721
1.95646
1.89031
1.82743
1.76261
1.69891
1.63458
1.5706
1.50644
1.44236
1.37824
1.31415
1.25004
1.18594
1.12183
1.05773
0.993625
0.929521
0.865417
0.801312
0.737209
0.673103
0.609001
0.544893
0.480791
0.416681
0.35258
0.288467
0.224368
0.160256
0.0961588
0.0320475
2.36455
2.26055
2.22082
2.14188
2.08681
2.01721
1.95646
1.89031
1.82743
1.76261
1.69891
1.63458
1.5706
1.50644
1.44236
1.37824
1.31415
1.25004
1.18594
1.12183
1.05773
0.993625
0.929521
0.865417
0.801312
0.737209
0.673103
0.609001
0.544893
0.480791
0.416681
0.35258
0.288467
0.224368
0.160256
0.0961588
0.0320475
2.36457
2.26055
2.22082
2.14188
2.08681
2.01721
1.95646
1.89031
1.82743
1.76261
1.69891
1.63458
1.5706
1.50644
1.44236
1.37824
1.31415
1.25004
1.18594
1.12183
1.05773
0.993625
0.929521
0.865417
0.801312
0.737209
0.673103
0.609001
0.544893
0.480791
0.416681
0.35258
0.288467
0.224368
0.160256
0.0961588
0.0320475
2.3646
2.26056
2.22082
2.14188
2.08681
2.01721
1.95646
1.89031
1.82743
1.76261
1.69891
1.63458
1.5706
1.50644
1.44236
1.37824
1.31415
1.25004
1.18594
1.12183
1.05773
0.993625
0.929521
0.865417
0.801312
0.737209
0.673103
0.609001
0.544893
0.480791
0.416681
0.35258
0.288467
0.224368
0.160256
0.0961588
0.0320475
2.36467
2.26056
2.22082
2.14188
2.08681
2.01721
1.95646
1.89031
1.82743
1.76261
1.69891
1.63458
1.5706
1.50644
1.44236
1.37824
1.31415
1.25004
1.18594
1.12183
1.05773
0.993625
0.929521
0.865417
0.801312
0.737209
0.673103
0.609001
0.544893
0.480791
0.416681
0.35258
0.288467
0.224368
0.160256
0.0961588
0.0320475
2.36477
2.26056
2.22082
2.14188
2.08681
2.01721
1.95646
1.89031
1.82743
1.76261
1.69891
1.63458
1.5706
1.50644
1.44236
1.37824
1.31415
1.25004
1.18594
1.12183
1.05773
0.993625
0.929521
0.865417
0.801312
0.737209
0.673103
0.609001
0.544893
0.480791
0.416681
0.35258
0.288467
0.224368
0.160256
0.0961588
0.0320475
)
;

boundaryField
{
    inlet
    {
        type            zeroGradient;
    }
    outlet
    {
        type            fixedValue;
        value           uniform 0;
    }
    Walls
    {
        type            zeroGradient;
    }
}


// ************************************************************************* //
