/*--------------------------------*- C++ -*----------------------------------*\
  =========                 |
  \\      /  F ield         | OpenFOAM: The Open Source CFD Toolbox
   \\    /   O peration     | Website:  https://openfoam.org
    \\  /    A nd           | Version:  13
     \\/     M anipulation  |
\*---------------------------------------------------------------------------*/
FoamFile
{
    format      ascii;
    class       labelList;
    note        "nPoints: 756 nCells: 500 nFaces: 1725 nInternalFaces: 1275";
    location    "constant/polyMesh";
    object      neighbour;
}
// * * * * * * * * * * * * * * * * * * * * * * * * * * * * * * * * * * * * * //


1275
(
1
20
100
2
21
101
3
22
102
4
23
103
5
24
104
6
25
105
7
26
106
8
27
107
9
28
108
10
29
109
11
30
110
12
31
111
13
32
112
14
33
113
15
34
114
16
35
115
17
36
116
18
37
117
19
38
118
39
119
21
40
120
22
41
121
23
42
122
24
43
123
25
44
124
26
45
125
27
46
126
28
47
127
29
48
128
30
49
129
31
50
130
32
51
131
33
52
132
34
53
133
35
54
134
36
55
135
37
56
136
38
57
137
39
58
138
59
139
41
60
140
42
61
141
43
62
142
44
63
143
45
64
144
46
65
145
47
66
146
48
67
147
49
68
148
50
69
149
51
70
150
52
71
151
53
72
152
54
73
153
55
74
154
56
75
155
57
76
156
58
77
157
59
78
158
79
159
61
80
160
62
81
161
63
82
162
64
83
163
65
84
164
66
85
165
67
86
166
68
87
167
69
88
168
70
89
169
71
90
170
72
91
171
73
92
172
74
93
173
75
94
174
76
95
175
77
96
176
78
97
177
79
98
178
99
179
81
180
82
181
83
182
84
183
85
184
86
185
87
186
88
187
89
188
90
189
91
190
92
191
93
192
94
193
95
194
96
195
97
196
98
197
99
198
199
101
120
200
102
121
201
103
122
202
104
123
203
105
124
204
106
125
205
107
126
206
108
127
207
109
128
208
110
129
209
111
130
210
112
131
211
113
132
212
114
133
213
115
134
214
116
135
215
117
136
216
118
137
217
119
138
218
139
219
121
140
220
122
141
221
123
142
222
124
143
223
125
144
224
126
145
225
127
146
226
128
147
227
129
148
228
130
149
229
131
150
230
132
151
231
133
152
232
134
153
233
135
154
234
136
155
235
137
156
236
138
157
237
139
158
238
159
239
141
160
240
142
161
241
143
162
242
144
163
243
145
164
244
146
165
245
147
166
246
148
167
247
149
168
248
150
169
249
151
170
250
152
171
251
153
172
252
154
173
253
155
174
254
156
175
255
157
176
256
158
177
257
159
178
258
179
259
161
180
260
162
181
261
163
182
262
164
183
263
165
184
264
166
185
265
167
186
266
168
187
267
169
188
268
170
189
269
171
190
270
172
191
271
173
192
272
174
193
273
175
194
274
176
195
275
177
196
276
178
197
277
179
198
278
199
279
181
280
182
281
183
282
184
283
185
284
186
285
187
286
188
287
189
288
190
289
191
290
192
291
193
292
194
293
195
294
196
295
197
296
198
297
199
298
299
201
220
300
202
221
301
203
222
302
204
223
303
205
224
304
206
225
305
207
226
306
208
227
307
209
228
308
210
229
309
211
230
310
212
231
311
213
232
312
214
233
313
215
234
314
216
235
315
217
236
316
218
237
317
219
238
318
239
319
221
240
320
222
241
321
223
242
322
224
243
323
225
244
324
226
245
325
227
246
326
228
247
327
229
248
328
230
249
329
231
250
330
232
251
331
233
252
332
234
253
333
235
254
334
236
255
335
237
256
336
238
257
337
239
258
338
259
339
241
260
340
242
261
341
243
262
342
244
263
343
245
264
344
246
265
345
247
266
346
248
267
347
249
268
348
250
269
349
251
270
350
252
271
351
253
272
352
254
273
353
255
274
354
256
275
355
257
276
356
258
277
357
259
278
358
279
359
261
280
360
262
281
361
263
282
362
264
283
363
265
284
364
266
285
365
267
286
366
268
287
367
269
288
368
270
289
369
271
290
370
272
291
371
273
292
372
274
293
373
275
294
374
276
295
375
277
296
376
278
297
377
279
298
378
299
379
281
380
282
381
283
382
284
383
285
384
286
385
287
386
288
387
289
388
290
389
291
390
292
391
293
392
294
393
295
394
296
395
297
396
298
397
299
398
399
301
320
400
302
321
401
303
322
402
304
323
403
305
324
404
306
325
405
307
326
406
308
327
407
309
328
408
310
329
409
311
330
410
312
331
411
313
332
412
314
333
413
315
334
414
316
335
415
317
336
416
318
337
417
319
338
418
339
419
321
340
420
322
341
421
323
342
422
324
343
423
325
344
424
326
345
425
327
346
426
328
347
427
329
348
428
330
349
429
331
350
430
332
351
431
333
352
432
334
353
433
335
354
434
336
355
435
337
356
436
338
357
437
339
358
438
359
439
341
360
440
342
361
441
343
362
442
344
363
443
345
364
444
346
365
445
347
366
446
348
367
447
349
368
448
350
369
449
351
370
450
352
371
451
353
372
452
354
373
453
355
374
454
356
375
455
357
376
456
358
377
457
359
378
458
379
459
361
380
460
362
381
461
363
382
462
364
383
463
365
384
464
366
385
465
367
386
466
368
387
467
369
388
468
370
389
469
371
390
470
372
391
471
373
392
472
374
393
473
375
394
474
376
395
475
377
396
476
378
397
477
379
398
478
399
479
381
480
382
481
383
482
384
483
385
484
386
485
387
486
388
487
389
488
390
489
391
490
392
491
393
492
394
493
395
494
396
495
397
496
398
497
399
498
499
401
420
402
421
403
422
404
423
405
424
406
425
407
426
408
427
409
428
410
429
411
430
412
431
413
432
414
433
415
434
416
435
417
436
418
437
419
438
439
421
440
422
441
423
442
424
443
425
444
426
445
427
446
428
447
429
448
430
449
431
450
432
451
433
452
434
453
435
454
436
455
437
456
438
457
439
458
459
441
460
442
461
443
462
444
463
445
464
446
465
447
466
448
467
449
468
450
469
451
470
452
471
453
472
454
473
455
474
456
475
457
476
458
477
459
478
479
461
480
462
481
463
482
464
483
465
484
466
485
467
486
468
487
469
488
470
489
471
490
472
491
473
492
474
493
475
494
476
495
477
496
478
497
479
498
499
481
482
483
484
485
486
487
488
489
490
491
492
493
494
495
496
497
498
499
)


// ************************************************************************* //
