/*--------------------------------*- C++ -*----------------------------------*\
  =========                 |
  \\      /  F ield         | OpenFOAM: The Open Source CFD Toolbox
   \\    /   O peration     | Website:  https://openfoam.org
    \\  /    A nd           | Version:  13
     \\/     M anipulation  |
\*---------------------------------------------------------------------------*/
FoamFile
{
    format      ascii;
    class       volScalarField;
    location    "29";
    object      p;
}
// * * * * * * * * * * * * * * * * * * * * * * * * * * * * * * * * * * * * * //

dimensions      [0 2 -2 0 0 0 0];

internalField   nonuniform List<scalar> 
3700
(
9.13139
8.69823
8.55801
8.2571
8.03751
7.77658
7.53653
7.28621
7.0407
6.79304
6.54628
6.29916
6.05218
5.80513
5.55813
5.3111
5.06408
4.81705
4.57004
4.32301
4.07598
3.82896
3.58194
3.33491
3.08788
2.84086
2.59383
2.34681
2.09977
1.85275
1.60571
1.35869
1.11163
0.864628
0.617558
0.370566
0.123495
9.13101
8.69821
8.55802
8.25709
8.03751
7.77658
7.53653
7.28621
7.0407
6.79304
6.54628
6.29916
6.05218
5.80513
5.55813
5.3111
5.06408
4.81705
4.57004
4.32301
4.07598
3.82896
3.58194
3.33491
3.08788
2.84086
2.59383
2.34681
2.09977
1.85275
1.60571
1.35869
1.11163
0.864628
0.617558
0.370566
0.123495
9.13075
8.6982
8.55802
8.25709
8.03751
7.77658
7.53653
7.28621
7.0407
6.79304
6.54628
6.29916
6.05218
5.80513
5.55813
5.3111
5.06408
4.81705
4.57004
4.32301
4.07598
3.82896
3.58194
3.33491
3.08788
2.84086
2.59383
2.34681
2.09977
1.85275
1.60571
1.35869
1.11163
0.864628
0.617558
0.370566
0.123495
9.13062
8.69819
8.55803
8.25709
8.03752
7.77657
7.53653
7.28621
7.0407
6.79304
6.54628
6.29916
6.05218
5.80513
5.55813
5.3111
5.06408
4.81705
4.57004
4.32301
4.07598
3.82896
3.58194
3.33491
3.08788
2.84086
2.59383
2.34681
2.09977
1.85275
1.60571
1.35869
1.11163
0.864628
0.617558
0.370566
0.123495
9.13055
8.69819
8.55803
8.25709
8.03752
7.77657
7.53653
7.28621
7.0407
6.79304
6.54628
6.29916
6.05218
5.80513
5.55813
5.3111
5.06408
4.81705
4.57004
4.32301
4.07598
3.82896
3.58194
3.33491
3.08788
2.84086
2.59383
2.34681
2.09977
1.85275
1.60571
1.35869
1.11163
0.864628
0.617558
0.370566
0.123495
9.13055
8.69819
8.55803
8.25709
8.03752
7.77657
7.53653
7.28621
7.0407
6.79304
6.54628
6.29916
6.05218
5.80513
5.55813
5.3111
5.06408
4.81705
4.57004
4.32301
4.07598
3.82896
3.58194
3.33491
3.08788
2.84086
2.59383
2.34681
2.09977
1.85275
1.60571
1.35869
1.11163
0.864628
0.617558
0.370566
0.123495
9.13062
8.69819
8.55803
8.25709
8.03752
7.77657
7.53653
7.28621
7.0407
6.79304
6.54628
6.29916
6.05218
5.80513
5.55813
5.3111
5.06408
4.81705
4.57004
4.32301
4.07598
3.82896
3.58194
3.33491
3.08788
2.84086
2.59383
2.34681
2.09977
1.85275
1.60571
1.35869
1.11163
0.864628
0.617558
0.370566
0.123495
9.13075
8.6982
8.55802
8.25709
8.03751
7.77658
7.53653
7.28621
7.0407
6.79304
6.54628
6.29916
6.05218
5.80513
5.55813
5.3111
5.06408
4.81705
4.57004
4.32301
4.07598
3.82896
3.58194
3.33491
3.08788
2.84086
2.59383
2.34681
2.09977
1.85275
1.60571
1.35869
1.11163
0.864628
0.617558
0.370566
0.123495
9.13101
8.69821
8.55802
8.25709
8.03751
7.77658
7.53653
7.28621
7.0407
6.79304
6.54628
6.29916
6.05218
5.80513
5.55813
5.3111
5.06408
4.81705
4.57004
4.32301
4.07598
3.82896
3.58194
3.33491
3.08788
2.84086
2.59383
2.34681
2.09977
1.85275
1.60571
1.35869
1.11163
0.864628
0.617558
0.370566
0.123495
9.13139
8.69823
8.55801
8.2571
8.03751
7.77658
7.53653
7.28621
7.0407
6.79304
6.54628
6.29916
6.05218
5.80513
5.55813
5.3111
5.06408
4.81705
4.57004
4.32301
4.07598
3.82896
3.58194
3.33491
3.08788
2.84086
2.59383
2.34681
2.09977
1.85275
1.60571
1.35869
1.11163
0.864628
0.617558
0.370566
0.123495
9.13101
8.69821
8.55802
8.25709
8.03751
7.77658
7.53653
7.28621
7.0407
6.79304
6.54628
6.29916
6.05218
5.80513
5.55813
5.3111
5.06408
4.81705
4.57004
4.32301
4.07598
3.82896
3.58194
3.33491
3.08788
2.84086
2.59383
2.34681
2.09977
1.85275
1.60571
1.35869
1.11163
0.864628
0.617558
0.370566
0.123495
9.13068
8.69821
8.55802
8.25709
8.03751
7.77658
7.53653
7.28621
7.0407
6.79304
6.54628
6.29916
6.05218
5.80513
5.55813
5.3111
5.06408
4.81705
4.57004
4.32301
4.07598
3.82896
3.58194
3.33491
3.08788
2.84086
2.59383
2.34681
2.09977
1.85275
1.60571
1.35869
1.11163
0.864628
0.617558
0.370566
0.123495
9.13042
8.6982
8.55803
8.25709
8.03751
7.77658
7.53653
7.28621
7.0407
6.79304
6.54628
6.29916
6.05218
5.80513
5.55813
5.3111
5.06408
4.81705
4.57004
4.32301
4.07598
3.82896
3.58194
3.33491
3.08788
2.84086
2.59383
2.34681
2.09977
1.85275
1.60571
1.35869
1.11163
0.864628
0.617558
0.370566
0.123495
9.13027
8.6982
8.55803
8.25709
8.03752
7.77657
7.53653
7.28621
7.0407
6.79304
6.54628
6.29916
6.05218
5.80513
5.55813
5.3111
5.06408
4.81705
4.57004
4.32301
4.07598
3.82896
3.58194
3.33491
3.08788
2.84086
2.59383
2.34681
2.09977
1.85275
1.60571
1.35869
1.11163
0.864628
0.617558
0.370566
0.123495
9.13021
8.6982
8.55803
8.25709
8.03752
7.77657
7.53653
7.28621
7.0407
6.79304
6.54628
6.29916
6.05218
5.80513
5.55813
5.3111
5.06408
4.81705
4.57004
4.32301
4.07598
3.82896
3.58194
3.33491
3.08788
2.84086
2.59383
2.34681
2.09977
1.85275
1.60571
1.35869
1.11163
0.864628
0.617558
0.370566
0.123495
9.13021
8.6982
8.55803
8.25709
8.03752
7.77657
7.53653
7.28621
7.0407
6.79304
6.54628
6.29916
6.05218
5.80513
5.55813
5.3111
5.06408
4.81705
4.57004
4.32301
4.07598
3.82896
3.58194
3.33491
3.08788
2.84086
2.59383
2.34681
2.09977
1.85275
1.60571
1.35869
1.11163
0.864628
0.617558
0.370566
0.123495
9.13027
8.6982
8.55803
8.25709
8.03752
7.77657
7.53653
7.28621
7.0407
6.79304
6.54628
6.29916
6.05218
5.80513
5.55813
5.3111
5.06408
4.81705
4.57004
4.32301
4.07598
3.82896
3.58194
3.33491
3.08788
2.84086
2.59383
2.34681
2.09977
1.85275
1.60571
1.35869
1.11163
0.864628
0.617558
0.370566
0.123495
9.13042
8.6982
8.55803
8.25709
8.03751
7.77658
7.53653
7.28621
7.0407
6.79304
6.54628
6.29916
6.05218
5.80513
5.55813
5.3111
5.06408
4.81705
4.57004
4.32301
4.07598
3.82896
3.58194
3.33491
3.08788
2.84086
2.59383
2.34681
2.09977
1.85275
1.60571
1.35869
1.11163
0.864628
0.617558
0.370566
0.123495
9.13068
8.69821
8.55802
8.25709
8.03751
7.77658
7.53653
7.28621
7.0407
6.79304
6.54628
6.29916
6.05218
5.80513
5.55813
5.3111
5.06408
4.81705
4.57004
4.32301
4.07598
3.82896
3.58194
3.33491
3.08788
2.84086
2.59383
2.34681
2.09977
1.85275
1.60571
1.35869
1.11163
0.864628
0.617558
0.370566
0.123495
9.13101
8.69821
8.55802
8.25709
8.03751
7.77658
7.53653
7.28621
7.0407
6.79304
6.54628
6.29916
6.05218
5.80513
5.55813
5.3111
5.06408
4.81705
4.57004
4.32301
4.07598
3.82896
3.58194
3.33491
3.08788
2.84086
2.59383
2.34681
2.09977
1.85275
1.60571
1.35869
1.11163
0.864628
0.617558
0.370566
0.123495
9.13075
8.6982
8.55802
8.25709
8.03751
7.77658
7.53653
7.28621
7.0407
6.79304
6.54628
6.29916
6.05218
5.80513
5.55813
5.3111
5.06408
4.81705
4.57004
4.32301
4.07598
3.82896
3.58194
3.33491
3.08788
2.84086
2.59383
2.34681
2.09977
1.85275
1.60571
1.35869
1.11163
0.864628
0.617558
0.370566
0.123495
9.13042
8.6982
8.55803
8.25709
8.03751
7.77658
7.53653
7.28621
7.0407
6.79304
6.54628
6.29916
6.05218
5.80513
5.55813
5.3111
5.06408
4.81705
4.57004
4.32301
4.07598
3.82896
3.58194
3.33491
3.08788
2.84086
2.59383
2.34681
2.09977
1.85275
1.60571
1.35869
1.11163
0.864628
0.617558
0.370566
0.123495
9.13017
8.6982
8.55803
8.25709
8.03752
7.77657
7.53653
7.28621
7.0407
6.79304
6.54628
6.29916
6.05218
5.80513
5.55813
5.3111
5.06408
4.81705
4.57004
4.32301
4.07598
3.82896
3.58194
3.33491
3.08788
2.84086
2.59383
2.34681
2.09977
1.85275
1.60571
1.35869
1.11163
0.864628
0.617558
0.370566
0.123495
9.13002
8.6982
8.55803
8.25708
8.03752
7.77657
7.53653
7.28621
7.0407
6.79304
6.54628
6.29916
6.05218
5.80513
5.55813
5.3111
5.06408
4.81705
4.57004
4.32301
4.07598
3.82896
3.58194
3.33491
3.08788
2.84086
2.59383
2.34681
2.09977
1.85275
1.60571
1.35869
1.11163
0.864628
0.617558
0.370566
0.123495
9.12995
8.6982
8.55804
8.25708
8.03752
7.77657
7.53653
7.28621
7.0407
6.79304
6.54628
6.29916
6.05218
5.80513
5.55813
5.3111
5.06408
4.81705
4.57004
4.32301
4.07598
3.82896
3.58194
3.33491
3.08788
2.84086
2.59383
2.34681
2.09977
1.85275
1.60571
1.35869
1.11163
0.864628
0.617558
0.370566
0.123495
9.12995
8.6982
8.55804
8.25708
8.03752
7.77657
7.53653
7.28621
7.0407
6.79304
6.54628
6.29916
6.05218
5.80513
5.55813
5.3111
5.06408
4.81705
4.57004
4.32301
4.07598
3.82896
3.58194
3.33491
3.08788
2.84086
2.59383
2.34681
2.09977
1.85275
1.60571
1.35869
1.11163
0.864628
0.617558
0.370566
0.123495
9.13002
8.6982
8.55803
8.25708
8.03752
7.77657
7.53653
7.28621
7.0407
6.79304
6.54628
6.29916
6.05218
5.80513
5.55813
5.3111
5.06408
4.81705
4.57004
4.32301
4.07598
3.82896
3.58194
3.33491
3.08788
2.84086
2.59383
2.34681
2.09977
1.85275
1.60571
1.35869
1.11163
0.864628
0.617558
0.370566
0.123495
9.13017
8.6982
8.55803
8.25709
8.03752
7.77657
7.53653
7.28621
7.0407
6.79304
6.54628
6.29916
6.05218
5.80513
5.55813
5.3111
5.06408
4.81705
4.57004
4.32301
4.07598
3.82896
3.58194
3.33491
3.08788
2.84086
2.59383
2.34681
2.09977
1.85275
1.60571
1.35869
1.11163
0.864628
0.617558
0.370566
0.123495
9.13042
8.6982
8.55803
8.25709
8.03751
7.77658
7.53653
7.28621
7.0407
6.79304
6.54628
6.29916
6.05218
5.80513
5.55813
5.3111
5.06408
4.81705
4.57004
4.32301
4.07598
3.82896
3.58194
3.33491
3.08788
2.84086
2.59383
2.34681
2.09977
1.85275
1.60571
1.35869
1.11163
0.864628
0.617558
0.370566
0.123495
9.13075
8.6982
8.55802
8.25709
8.03751
7.77658
7.53653
7.28621
7.0407
6.79304
6.54628
6.29916
6.05218
5.80513
5.55813
5.3111
5.06408
4.81705
4.57004
4.32301
4.07598
3.82896
3.58194
3.33491
3.08788
2.84086
2.59383
2.34681
2.09977
1.85275
1.60571
1.35869
1.11163
0.864628
0.617558
0.370566
0.123495
9.13062
8.69819
8.55803
8.25709
8.03752
7.77657
7.53653
7.28621
7.0407
6.79304
6.54628
6.29916
6.05218
5.80513
5.55813
5.3111
5.06408
4.81705
4.57004
4.32301
4.07598
3.82896
3.58194
3.33491
3.08788
2.84086
2.59383
2.34681
2.09977
1.85275
1.60571
1.35869
1.11163
0.864628
0.617558
0.370566
0.123495
9.13027
8.6982
8.55803
8.25709
8.03752
7.77657
7.53653
7.28621
7.0407
6.79304
6.54628
6.29916
6.05218
5.80513
5.55813
5.3111
5.06408
4.81705
4.57004
4.32301
4.07598
3.82896
3.58194
3.33491
3.08788
2.84086
2.59383
2.34681
2.09977
1.85275
1.60571
1.35869
1.11163
0.864628
0.617558
0.370566
0.123495
9.13002
8.6982
8.55803
8.25708
8.03752
7.77657
7.53653
7.28621
7.0407
6.79304
6.54628
6.29916
6.05218
5.80513
5.55813
5.3111
5.06408
4.81705
4.57004
4.32301
4.07598
3.82896
3.58194
3.33491
3.08788
2.84086
2.59383
2.34681
2.09977
1.85275
1.60571
1.35869
1.11163
0.864628
0.617558
0.370566
0.123495
9.12987
8.69821
8.55804
8.25708
8.03752
7.77657
7.53653
7.28621
7.0407
6.79304
6.54628
6.29916
6.05218
5.80513
5.55813
5.3111
5.06408
4.81705
4.57004
4.32301
4.07598
3.82896
3.58194
3.33491
3.08788
2.84086
2.59383
2.34681
2.09977
1.85275
1.60571
1.35869
1.11163
0.864628
0.617558
0.370566
0.123495
9.1298
8.69821
8.55804
8.25708
8.03752
7.77657
7.53653
7.28621
7.0407
6.79304
6.54628
6.29916
6.05218
5.80513
5.55813
5.3111
5.06408
4.81705
4.57004
4.32301
4.07598
3.82896
3.58194
3.33491
3.08788
2.84086
2.59383
2.34681
2.09977
1.85275
1.60571
1.35869
1.11163
0.864628
0.617558
0.370566
0.123495
9.1298
8.69821
8.55804
8.25708
8.03752
7.77657
7.53653
7.28621
7.0407
6.79304
6.54628
6.29916
6.05218
5.80513
5.55813
5.3111
5.06408
4.81705
4.57004
4.32301
4.07598
3.82896
3.58194
3.33491
3.08788
2.84086
2.59383
2.34681
2.09977
1.85275
1.60571
1.35869
1.11163
0.864628
0.617558
0.370566
0.123495
9.12987
8.69821
8.55804
8.25708
8.03752
7.77657
7.53653
7.28621
7.0407
6.79304
6.54628
6.29916
6.05218
5.80513
5.55813
5.3111
5.06408
4.81705
4.57004
4.32301
4.07598
3.82896
3.58194
3.33491
3.08788
2.84086
2.59383
2.34681
2.09977
1.85275
1.60571
1.35869
1.11163
0.864628
0.617558
0.370566
0.123495
9.13002
8.6982
8.55803
8.25708
8.03752
7.77657
7.53653
7.28621
7.0407
6.79304
6.54628
6.29916
6.05218
5.80513
5.55813
5.3111
5.06408
4.81705
4.57004
4.32301
4.07598
3.82896
3.58194
3.33491
3.08788
2.84086
2.59383
2.34681
2.09977
1.85275
1.60571
1.35869
1.11163
0.864628
0.617558
0.370566
0.123495
9.13027
8.6982
8.55803
8.25709
8.03752
7.77657
7.53653
7.28621
7.0407
6.79304
6.54628
6.29916
6.05218
5.80513
5.55813
5.3111
5.06408
4.81705
4.57004
4.32301
4.07598
3.82896
3.58194
3.33491
3.08788
2.84086
2.59383
2.34681
2.09977
1.85275
1.60571
1.35869
1.11163
0.864628
0.617558
0.370566
0.123495
9.13062
8.69819
8.55803
8.25709
8.03752
7.77657
7.53653
7.28621
7.0407
6.79304
6.54628
6.29916
6.05218
5.80513
5.55813
5.3111
5.06408
4.81705
4.57004
4.32301
4.07598
3.82896
3.58194
3.33491
3.08788
2.84086
2.59383
2.34681
2.09977
1.85275
1.60571
1.35869
1.11163
0.864628
0.617558
0.370566
0.123495
9.13055
8.69819
8.55803
8.25709
8.03752
7.77657
7.53653
7.28621
7.0407
6.79304
6.54628
6.29916
6.05218
5.80513
5.55813
5.3111
5.06408
4.81705
4.57004
4.32301
4.07598
3.82896
3.58194
3.33491
3.08788
2.84086
2.59383
2.34681
2.09977
1.85275
1.60571
1.35869
1.11163
0.864628
0.617558
0.370566
0.123495
9.13021
8.6982
8.55803
8.25709
8.03752
7.77657
7.53653
7.28621
7.0407
6.79304
6.54628
6.29916
6.05218
5.80513
5.55813
5.3111
5.06408
4.81705
4.57004
4.32301
4.07598
3.82896
3.58194
3.33491
3.08788
2.84086
2.59383
2.34681
2.09977
1.85275
1.60571
1.35869
1.11163
0.864628
0.617558
0.370566
0.123495
9.12995
8.6982
8.55804
8.25708
8.03752
7.77657
7.53653
7.28621
7.0407
6.79304
6.54628
6.29916
6.05218
5.80513
5.55813
5.3111
5.06408
4.81705
4.57004
4.32301
4.07598
3.82896
3.58194
3.33491
3.08788
2.84086
2.59383
2.34681
2.09977
1.85275
1.60571
1.35869
1.11163
0.864628
0.617558
0.370566
0.123495
9.1298
8.69821
8.55804
8.25708
8.03752
7.77657
7.53653
7.28621
7.0407
6.79304
6.54628
6.29916
6.05218
5.80513
5.55813
5.3111
5.06408
4.81705
4.57004
4.32301
4.07598
3.82896
3.58194
3.33491
3.08788
2.84086
2.59383
2.34681
2.09977
1.85275
1.60571
1.35869
1.11163
0.864628
0.617558
0.370566
0.123495
9.12973
8.69822
8.55804
8.25708
8.03752
7.77657
7.53653
7.28621
7.0407
6.79304
6.54628
6.29916
6.05218
5.80513
5.55813
5.3111
5.06408
4.81705
4.57004
4.32301
4.07598
3.82896
3.58194
3.33491
3.08788
2.84086
2.59383
2.34681
2.09977
1.85275
1.60571
1.35869
1.11163
0.864628
0.617558
0.370566
0.123495
9.12973
8.69822
8.55804
8.25708
8.03752
7.77657
7.53653
7.28621
7.0407
6.79304
6.54628
6.29916
6.05218
5.80513
5.55813
5.3111
5.06408
4.81705
4.57004
4.32301
4.07598
3.82896
3.58194
3.33491
3.08788
2.84086
2.59383
2.34681
2.09977
1.85275
1.60571
1.35869
1.11163
0.864628
0.617558
0.370566
0.123495
9.1298
8.69821
8.55804
8.25708
8.03752
7.77657
7.53653
7.28621
7.0407
6.79304
6.54628
6.29916
6.05218
5.80513
5.55813
5.3111
5.06408
4.81705
4.57004
4.32301
4.07598
3.82896
3.58194
3.33491
3.08788
2.84086
2.59383
2.34681
2.09977
1.85275
1.60571
1.35869
1.11163
0.864628
0.617558
0.370566
0.123495
9.12995
8.6982
8.55804
8.25708
8.03752
7.77657
7.53653
7.28621
7.0407
6.79304
6.54628
6.29916
6.05218
5.80513
5.55813
5.3111
5.06408
4.81705
4.57004
4.32301
4.07598
3.82896
3.58194
3.33491
3.08788
2.84086
2.59383
2.34681
2.09977
1.85275
1.60571
1.35869
1.11163
0.864628
0.617558
0.370566
0.123495
9.13021
8.6982
8.55803
8.25709
8.03752
7.77657
7.53653
7.28621
7.0407
6.79304
6.54628
6.29916
6.05218
5.80513
5.55813
5.3111
5.06408
4.81705
4.57004
4.32301
4.07598
3.82896
3.58194
3.33491
3.08788
2.84086
2.59383
2.34681
2.09977
1.85275
1.60571
1.35869
1.11163
0.864628
0.617558
0.370566
0.123495
9.13055
8.69819
8.55803
8.25709
8.03752
7.77657
7.53653
7.28621
7.0407
6.79304
6.54628
6.29916
6.05218
5.80513
5.55813
5.3111
5.06408
4.81705
4.57004
4.32301
4.07598
3.82896
3.58194
3.33491
3.08788
2.84086
2.59383
2.34681
2.09977
1.85275
1.60571
1.35869
1.11163
0.864628
0.617558
0.370566
0.123495
9.13055
8.69819
8.55803
8.25709
8.03752
7.77657
7.53653
7.28621
7.0407
6.79304
6.54628
6.29916
6.05218
5.80513
5.55813
5.3111
5.06408
4.81705
4.57004
4.32301
4.07598
3.82896
3.58194
3.33491
3.08788
2.84086
2.59383
2.34681
2.09977
1.85275
1.60571
1.35869
1.11163
0.864628
0.617558
0.370566
0.123495
9.13021
8.6982
8.55803
8.25709
8.03752
7.77657
7.53653
7.28621
7.0407
6.79304
6.54628
6.29916
6.05218
5.80513
5.55813
5.3111
5.06408
4.81705
4.57004
4.32301
4.07598
3.82896
3.58194
3.33491
3.08788
2.84086
2.59383
2.34681
2.09977
1.85275
1.60571
1.35869
1.11163
0.864628
0.617558
0.370566
0.123495
9.12995
8.6982
8.55804
8.25708
8.03752
7.77657
7.53653
7.28621
7.0407
6.79304
6.54628
6.29916
6.05218
5.80513
5.55813
5.3111
5.06408
4.81705
4.57004
4.32301
4.07598
3.82896
3.58194
3.33491
3.08788
2.84086
2.59383
2.34681
2.09977
1.85275
1.60571
1.35869
1.11163
0.864628
0.617558
0.370566
0.123495
9.1298
8.69821
8.55804
8.25708
8.03752
7.77657
7.53653
7.28621
7.0407
6.79304
6.54628
6.29916
6.05218
5.80513
5.55813
5.3111
5.06408
4.81705
4.57004
4.32301
4.07598
3.82896
3.58194
3.33491
3.08788
2.84086
2.59383
2.34681
2.09977
1.85275
1.60571
1.35869
1.11163
0.864628
0.617558
0.370566
0.123495
9.12973
8.69822
8.55804
8.25708
8.03752
7.77657
7.53653
7.28621
7.0407
6.79304
6.54628
6.29916
6.05218
5.80513
5.55813
5.3111
5.06408
4.81705
4.57004
4.32301
4.07598
3.82896
3.58194
3.33491
3.08788
2.84086
2.59383
2.34681
2.09977
1.85275
1.60571
1.35869
1.11163
0.864628
0.617558
0.370566
0.123495
9.12973
8.69822
8.55804
8.25708
8.03752
7.77657
7.53653
7.28621
7.0407
6.79304
6.54628
6.29916
6.05218
5.80513
5.55813
5.3111
5.06408
4.81705
4.57004
4.32301
4.07598
3.82896
3.58194
3.33491
3.08788
2.84086
2.59383
2.34681
2.09977
1.85275
1.60571
1.35869
1.11163
0.864628
0.617558
0.370566
0.123495
9.1298
8.69821
8.55804
8.25708
8.03752
7.77657
7.53653
7.28621
7.0407
6.79304
6.54628
6.29916
6.05218
5.80513
5.55813
5.3111
5.06408
4.81705
4.57004
4.32301
4.07598
3.82896
3.58194
3.33491
3.08788
2.84086
2.59383
2.34681
2.09977
1.85275
1.60571
1.35869
1.11163
0.864628
0.617558
0.370566
0.123495
9.12995
8.6982
8.55804
8.25708
8.03752
7.77657
7.53653
7.28621
7.0407
6.79304
6.54628
6.29916
6.05218
5.80513
5.55813
5.3111
5.06408
4.81705
4.57004
4.32301
4.07598
3.82896
3.58194
3.33491
3.08788
2.84086
2.59383
2.34681
2.09977
1.85275
1.60571
1.35869
1.11163
0.864628
0.617558
0.370566
0.123495
9.13021
8.6982
8.55803
8.25709
8.03752
7.77657
7.53653
7.28621
7.0407
6.79304
6.54628
6.29916
6.05218
5.80513
5.55813
5.3111
5.06408
4.81705
4.57004
4.32301
4.07598
3.82896
3.58194
3.33491
3.08788
2.84086
2.59383
2.34681
2.09977
1.85275
1.60571
1.35869
1.11163
0.864628
0.617558
0.370566
0.123495
9.13055
8.69819
8.55803
8.25709
8.03752
7.77657
7.53653
7.28621
7.0407
6.79304
6.54628
6.29916
6.05218
5.80513
5.55813
5.3111
5.06408
4.81705
4.57004
4.32301
4.07598
3.82896
3.58194
3.33491
3.08788
2.84086
2.59383
2.34681
2.09977
1.85275
1.60571
1.35869
1.11163
0.864628
0.617558
0.370566
0.123495
9.13062
8.69819
8.55803
8.25709
8.03752
7.77657
7.53653
7.28621
7.0407
6.79304
6.54628
6.29916
6.05218
5.80513
5.55813
5.3111
5.06408
4.81705
4.57004
4.32301
4.07598
3.82896
3.58194
3.33491
3.08788
2.84086
2.59383
2.34681
2.09977
1.85275
1.60571
1.35869
1.11163
0.864628
0.617558
0.370566
0.123495
9.13027
8.6982
8.55803
8.25709
8.03752
7.77657
7.53653
7.28621
7.0407
6.79304
6.54628
6.29916
6.05218
5.80513
5.55813
5.3111
5.06408
4.81705
4.57004
4.32301
4.07598
3.82896
3.58194
3.33491
3.08788
2.84086
2.59383
2.34681
2.09977
1.85275
1.60571
1.35869
1.11163
0.864628
0.617558
0.370566
0.123495
9.13002
8.6982
8.55803
8.25708
8.03752
7.77657
7.53653
7.28621
7.0407
6.79304
6.54628
6.29916
6.05218
5.80513
5.55813
5.3111
5.06408
4.81705
4.57004
4.32301
4.07598
3.82896
3.58194
3.33491
3.08788
2.84086
2.59383
2.34681
2.09977
1.85275
1.60571
1.35869
1.11163
0.864628
0.617558
0.370566
0.123495
9.12987
8.69821
8.55804
8.25708
8.03752
7.77657
7.53653
7.28621
7.0407
6.79304
6.54628
6.29916
6.05218
5.80513
5.55813
5.3111
5.06408
4.81705
4.57004
4.32301
4.07598
3.82896
3.58194
3.33491
3.08788
2.84086
2.59383
2.34681
2.09977
1.85275
1.60571
1.35869
1.11163
0.864628
0.617558
0.370566
0.123495
9.1298
8.69821
8.55804
8.25708
8.03752
7.77657
7.53653
7.28621
7.0407
6.79304
6.54628
6.29916
6.05218
5.80513
5.55813
5.3111
5.06408
4.81705
4.57004
4.32301
4.07598
3.82896
3.58194
3.33491
3.08788
2.84086
2.59383
2.34681
2.09977
1.85275
1.60571
1.35869
1.11163
0.864628
0.617558
0.370566
0.123495
9.1298
8.69821
8.55804
8.25708
8.03752
7.77657
7.53653
7.28621
7.0407
6.79304
6.54628
6.29916
6.05218
5.80513
5.55813
5.3111
5.06408
4.81705
4.57004
4.32301
4.07598
3.82896
3.58194
3.33491
3.08788
2.84086
2.59383
2.34681
2.09977
1.85275
1.60571
1.35869
1.11163
0.864628
0.617558
0.370566
0.123495
9.12987
8.69821
8.55804
8.25708
8.03752
7.77657
7.53653
7.28621
7.0407
6.79304
6.54628
6.29916
6.05218
5.80513
5.55813
5.3111
5.06408
4.81705
4.57004
4.32301
4.07598
3.82896
3.58194
3.33491
3.08788
2.84086
2.59383
2.34681
2.09977
1.85275
1.60571
1.35869
1.11163
0.864628
0.617558
0.370566
0.123495
9.13002
8.6982
8.55803
8.25708
8.03752
7.77657
7.53653
7.28621
7.0407
6.79304
6.54628
6.29916
6.05218
5.80513
5.55813
5.3111
5.06408
4.81705
4.57004
4.32301
4.07598
3.82896
3.58194
3.33491
3.08788
2.84086
2.59383
2.34681
2.09977
1.85275
1.60571
1.35869
1.11163
0.864628
0.617558
0.370566
0.123495
9.13027
8.6982
8.55803
8.25709
8.03752
7.77657
7.53653
7.28621
7.0407
6.79304
6.54628
6.29916
6.05218
5.80513
5.55813
5.3111
5.06408
4.81705
4.57004
4.32301
4.07598
3.82896
3.58194
3.33491
3.08788
2.84086
2.59383
2.34681
2.09977
1.85275
1.60571
1.35869
1.11163
0.864628
0.617558
0.370566
0.123495
9.13062
8.69819
8.55803
8.25709
8.03752
7.77657
7.53653
7.28621
7.0407
6.79304
6.54628
6.29916
6.05218
5.80513
5.55813
5.3111
5.06408
4.81705
4.57004
4.32301
4.07598
3.82896
3.58194
3.33491
3.08788
2.84086
2.59383
2.34681
2.09977
1.85275
1.60571
1.35869
1.11163
0.864628
0.617558
0.370566
0.123495
9.13075
8.6982
8.55802
8.25709
8.03751
7.77658
7.53653
7.28621
7.0407
6.79304
6.54628
6.29916
6.05218
5.80513
5.55813
5.3111
5.06408
4.81705
4.57004
4.32301
4.07598
3.82896
3.58194
3.33491
3.08788
2.84086
2.59383
2.34681
2.09977
1.85275
1.60571
1.35869
1.11163
0.864628
0.617558
0.370566
0.123495
9.13042
8.6982
8.55803
8.25709
8.03751
7.77658
7.53653
7.28621
7.0407
6.79304
6.54628
6.29916
6.05218
5.80513
5.55813
5.3111
5.06408
4.81705
4.57004
4.32301
4.07598
3.82896
3.58194
3.33491
3.08788
2.84086
2.59383
2.34681
2.09977
1.85275
1.60571
1.35869
1.11163
0.864628
0.617558
0.370566
0.123495
9.13017
8.6982
8.55803
8.25709
8.03752
7.77657
7.53653
7.28621
7.0407
6.79304
6.54628
6.29916
6.05218
5.80513
5.55813
5.3111
5.06408
4.81705
4.57004
4.32301
4.07598
3.82896
3.58194
3.33491
3.08788
2.84086
2.59383
2.34681
2.09977
1.85275
1.60571
1.35869
1.11163
0.864628
0.617558
0.370566
0.123495
9.13002
8.6982
8.55803
8.25708
8.03752
7.77657
7.53653
7.28621
7.0407
6.79304
6.54628
6.29916
6.05218
5.80513
5.55813
5.3111
5.06408
4.81705
4.57004
4.32301
4.07598
3.82896
3.58194
3.33491
3.08788
2.84086
2.59383
2.34681
2.09977
1.85275
1.60571
1.35869
1.11163
0.864628
0.617558
0.370566
0.123495
9.12995
8.6982
8.55804
8.25708
8.03752
7.77657
7.53653
7.28621
7.0407
6.79304
6.54628
6.29916
6.05218
5.80513
5.55813
5.3111
5.06408
4.81705
4.57004
4.32301
4.07598
3.82896
3.58194
3.33491
3.08788
2.84086
2.59383
2.34681
2.09977
1.85275
1.60571
1.35869
1.11163
0.864628
0.617558
0.370566
0.123495
9.12995
8.6982
8.55804
8.25708
8.03752
7.77657
7.53653
7.28621
7.0407
6.79304
6.54628
6.29916
6.05218
5.80513
5.55813
5.3111
5.06408
4.81705
4.57004
4.32301
4.07598
3.82896
3.58194
3.33491
3.08788
2.84086
2.59383
2.34681
2.09977
1.85275
1.60571
1.35869
1.11163
0.864628
0.617558
0.370566
0.123495
9.13002
8.6982
8.55803
8.25708
8.03752
7.77657
7.53653
7.28621
7.0407
6.79304
6.54628
6.29916
6.05218
5.80513
5.55813
5.3111
5.06408
4.81705
4.57004
4.32301
4.07598
3.82896
3.58194
3.33491
3.08788
2.84086
2.59383
2.34681
2.09977
1.85275
1.60571
1.35869
1.11163
0.864628
0.617558
0.370566
0.123495
9.13017
8.6982
8.55803
8.25709
8.03752
7.77657
7.53653
7.28621
7.0407
6.79304
6.54628
6.29916
6.05218
5.80513
5.55813
5.3111
5.06408
4.81705
4.57004
4.32301
4.07598
3.82896
3.58194
3.33491
3.08788
2.84086
2.59383
2.34681
2.09977
1.85275
1.60571
1.35869
1.11163
0.864628
0.617558
0.370566
0.123495
9.13042
8.6982
8.55803
8.25709
8.03751
7.77658
7.53653
7.28621
7.0407
6.79304
6.54628
6.29916
6.05218
5.80513
5.55813
5.3111
5.06408
4.81705
4.57004
4.32301
4.07598
3.82896
3.58194
3.33491
3.08788
2.84086
2.59383
2.34681
2.09977
1.85275
1.60571
1.35869
1.11163
0.864628
0.617558
0.370566
0.123495
9.13075
8.6982
8.55802
8.25709
8.03751
7.77658
7.53653
7.28621
7.0407
6.79304
6.54628
6.29916
6.05218
5.80513
5.55813
5.3111
5.06408
4.81705
4.57004
4.32301
4.07598
3.82896
3.58194
3.33491
3.08788
2.84086
2.59383
2.34681
2.09977
1.85275
1.60571
1.35869
1.11163
0.864628
0.617558
0.370566
0.123495
9.13101
8.69821
8.55802
8.25709
8.03751
7.77658
7.53653
7.28621
7.0407
6.79304
6.54628
6.29916
6.05218
5.80513
5.55813
5.3111
5.06408
4.81705
4.57004
4.32301
4.07598
3.82896
3.58194
3.33491
3.08788
2.84086
2.59383
2.34681
2.09977
1.85275
1.60571
1.35869
1.11163
0.864628
0.617558
0.370566
0.123495
9.13068
8.69821
8.55802
8.25709
8.03751
7.77658
7.53653
7.28621
7.0407
6.79304
6.54628
6.29916
6.05218
5.80513
5.55813
5.3111
5.06408
4.81705
4.57004
4.32301
4.07598
3.82896
3.58194
3.33491
3.08788
2.84086
2.59383
2.34681
2.09977
1.85275
1.60571
1.35869
1.11163
0.864628
0.617558
0.370566
0.123495
9.13042
8.6982
8.55803
8.25709
8.03751
7.77658
7.53653
7.28621
7.0407
6.79304
6.54628
6.29916
6.05218
5.80513
5.55813
5.3111
5.06408
4.81705
4.57004
4.32301
4.07598
3.82896
3.58194
3.33491
3.08788
2.84086
2.59383
2.34681
2.09977
1.85275
1.60571
1.35869
1.11163
0.864628
0.617558
0.370566
0.123495
9.13027
8.6982
8.55803
8.25709
8.03752
7.77657
7.53653
7.28621
7.0407
6.79304
6.54628
6.29916
6.05218
5.80513
5.55813
5.3111
5.06408
4.81705
4.57004
4.32301
4.07598
3.82896
3.58194
3.33491
3.08788
2.84086
2.59383
2.34681
2.09977
1.85275
1.60571
1.35869
1.11163
0.864628
0.617558
0.370566
0.123495
9.13021
8.6982
8.55803
8.25709
8.03752
7.77657
7.53653
7.28621
7.0407
6.79304
6.54628
6.29916
6.05218
5.80513
5.55813
5.3111
5.06408
4.81705
4.57004
4.32301
4.07598
3.82896
3.58194
3.33491
3.08788
2.84086
2.59383
2.34681
2.09977
1.85275
1.60571
1.35869
1.11163
0.864628
0.617558
0.370566
0.123495
9.13021
8.6982
8.55803
8.25709
8.03752
7.77657
7.53653
7.28621
7.0407
6.79304
6.54628
6.29916
6.05218
5.80513
5.55813
5.3111
5.06408
4.81705
4.57004
4.32301
4.07598
3.82896
3.58194
3.33491
3.08788
2.84086
2.59383
2.34681
2.09977
1.85275
1.60571
1.35869
1.11163
0.864628
0.617558
0.370566
0.123495
9.13027
8.6982
8.55803
8.25709
8.03752
7.77657
7.53653
7.28621
7.0407
6.79304
6.54628
6.29916
6.05218
5.80513
5.55813
5.3111
5.06408
4.81705
4.57004
4.32301
4.07598
3.82896
3.58194
3.33491
3.08788
2.84086
2.59383
2.34681
2.09977
1.85275
1.60571
1.35869
1.11163
0.864628
0.617558
0.370566
0.123495
9.13042
8.6982
8.55803
8.25709
8.03751
7.77658
7.53653
7.28621
7.0407
6.79304
6.54628
6.29916
6.05218
5.80513
5.55813
5.3111
5.06408
4.81705
4.57004
4.32301
4.07598
3.82896
3.58194
3.33491
3.08788
2.84086
2.59383
2.34681
2.09977
1.85275
1.60571
1.35869
1.11163
0.864628
0.617558
0.370566
0.123495
9.13068
8.69821
8.55802
8.25709
8.03751
7.77658
7.53653
7.28621
7.0407
6.79304
6.54628
6.29916
6.05218
5.80513
5.55813
5.3111
5.06408
4.81705
4.57004
4.32301
4.07598
3.82896
3.58194
3.33491
3.08788
2.84086
2.59383
2.34681
2.09977
1.85275
1.60571
1.35869
1.11163
0.864628
0.617558
0.370566
0.123495
9.13101
8.69821
8.55802
8.25709
8.03751
7.77658
7.53653
7.28621
7.0407
6.79304
6.54628
6.29916
6.05218
5.80513
5.55813
5.3111
5.06408
4.81705
4.57004
4.32301
4.07598
3.82896
3.58194
3.33491
3.08788
2.84086
2.59383
2.34681
2.09977
1.85275
1.60571
1.35869
1.11163
0.864628
0.617558
0.370566
0.123495
9.13139
8.69823
8.55801
8.2571
8.03751
7.77658
7.53653
7.28621
7.0407
6.79304
6.54628
6.29916
6.05218
5.80513
5.55813
5.3111
5.06408
4.81705
4.57004
4.32301
4.07598
3.82896
3.58194
3.33491
3.08788
2.84086
2.59383
2.34681
2.09977
1.85275
1.60571
1.35869
1.11163
0.864628
0.617558
0.370566
0.123495
9.13101
8.69821
8.55802
8.25709
8.03751
7.77658
7.53653
7.28621
7.0407
6.79304
6.54628
6.29916
6.05218
5.80513
5.55813
5.3111
5.06408
4.81705
4.57004
4.32301
4.07598
3.82896
3.58194
3.33491
3.08788
2.84086
2.59383
2.34681
2.09977
1.85275
1.60571
1.35869
1.11163
0.864628
0.617558
0.370566
0.123495
9.13075
8.6982
8.55802
8.25709
8.03751
7.77658
7.53653
7.28621
7.0407
6.79304
6.54628
6.29916
6.05218
5.80513
5.55813
5.3111
5.06408
4.81705
4.57004
4.32301
4.07598
3.82896
3.58194
3.33491
3.08788
2.84086
2.59383
2.34681
2.09977
1.85275
1.60571
1.35869
1.11163
0.864628
0.617558
0.370566
0.123495
9.13062
8.69819
8.55803
8.25709
8.03752
7.77657
7.53653
7.28621
7.0407
6.79304
6.54628
6.29916
6.05218
5.80513
5.55813
5.3111
5.06408
4.81705
4.57004
4.32301
4.07598
3.82896
3.58194
3.33491
3.08788
2.84086
2.59383
2.34681
2.09977
1.85275
1.60571
1.35869
1.11163
0.864628
0.617558
0.370566
0.123495
9.13055
8.69819
8.55803
8.25709
8.03752
7.77657
7.53653
7.28621
7.0407
6.79304
6.54628
6.29916
6.05218
5.80513
5.55813
5.3111
5.06408
4.81705
4.57004
4.32301
4.07598
3.82896
3.58194
3.33491
3.08788
2.84086
2.59383
2.34681
2.09977
1.85275
1.60571
1.35869
1.11163
0.864628
0.617558
0.370566
0.123495
9.13055
8.69819
8.55803
8.25709
8.03752
7.77657
7.53653
7.28621
7.0407
6.79304
6.54628
6.29916
6.05218
5.80513
5.55813
5.3111
5.06408
4.81705
4.57004
4.32301
4.07598
3.82896
3.58194
3.33491
3.08788
2.84086
2.59383
2.34681
2.09977
1.85275
1.60571
1.35869
1.11163
0.864628
0.617558
0.370566
0.123495
9.13062
8.69819
8.55803
8.25709
8.03752
7.77657
7.53653
7.28621
7.0407
6.79304
6.54628
6.29916
6.05218
5.80513
5.55813
5.3111
5.06408
4.81705
4.57004
4.32301
4.07598
3.82896
3.58194
3.33491
3.08788
2.84086
2.59383
2.34681
2.09977
1.85275
1.60571
1.35869
1.11163
0.864628
0.617558
0.370566
0.123495
9.13075
8.6982
8.55802
8.25709
8.03751
7.77658
7.53653
7.28621
7.0407
6.79304
6.54628
6.29916
6.05218
5.80513
5.55813
5.3111
5.06408
4.81705
4.57004
4.32301
4.07598
3.82896
3.58194
3.33491
3.08788
2.84086
2.59383
2.34681
2.09977
1.85275
1.60571
1.35869
1.11163
0.864628
0.617558
0.370566
0.123495
9.13101
8.69821
8.55802
8.25709
8.03751
7.77658
7.53653
7.28621
7.0407
6.79304
6.54628
6.29916
6.05218
5.80513
5.55813
5.3111
5.06408
4.81705
4.57004
4.32301
4.07598
3.82896
3.58194
3.33491
3.08788
2.84086
2.59383
2.34681
2.09977
1.85275
1.60571
1.35869
1.11163
0.864628
0.617558
0.370566
0.123495
9.13139
8.69823
8.55801
8.2571
8.03751
7.77658
7.53653
7.28621
7.0407
6.79304
6.54628
6.29916
6.05218
5.80513
5.55813
5.3111
5.06408
4.81705
4.57004
4.32301
4.07598
3.82896
3.58194
3.33491
3.08788
2.84086
2.59383
2.34681
2.09977
1.85275
1.60571
1.35869
1.11163
0.864628
0.617558
0.370566
0.123495
)
;

boundaryField
{
    inlet
    {
        type            zeroGradient;
    }
    outlet
    {
        type            fixedValue;
        value           uniform 0;
    }
    Walls
    {
        type            zeroGradient;
    }
}


// ************************************************************************* //
