/*--------------------------------*- C++ -*----------------------------------*\
  =========                 |
  \\      /  F ield         | OpenFOAM: The Open Source CFD Toolbox
   \\    /   O peration     | Website:  https://openfoam.org
    \\  /    A nd           | Version:  13
     \\/     M anipulation  |
\*---------------------------------------------------------------------------*/
FoamFile
{
    format      ascii;
    class       volScalarField;
    location    "30";
    object      p;
}
// * * * * * * * * * * * * * * * * * * * * * * * * * * * * * * * * * * * * * //

dimensions      [0 2 -2 0 0 0 0];

internalField   nonuniform List<scalar> 
3700
(
93.024
86.9122
85.1547
82.7733
80.2603
77.8131
75.3443
72.8724
70.4033
67.9327
65.4627
62.9924
60.5222
58.0519
55.5818
53.1115
50.6413
48.171
45.7007
43.2305
40.7602
38.2899
35.8197
33.3494
30.8791
28.4088
25.9386
23.4683
20.998
18.5278
16.0574
13.5873
11.1167
8.64658
6.1757
3.7057
1.23494
93.0198
86.9119
85.1547
82.7733
80.2603
77.8131
75.3443
72.8724
70.4033
67.9327
65.4627
62.9924
60.5222
58.0519
55.5818
53.1115
50.6413
48.171
45.7007
43.2305
40.7602
38.2899
35.8197
33.3494
30.8791
28.4088
25.9386
23.4683
20.998
18.5278
16.0574
13.5873
11.1167
8.64658
6.1757
3.7057
1.23494
93.0168
86.912
85.1547
82.7733
80.2603
77.8131
75.3443
72.8724
70.4033
67.9327
65.4627
62.9924
60.5222
58.0519
55.5818
53.1115
50.6413
48.171
45.7007
43.2305
40.7602
38.2899
35.8197
33.3494
30.8791
28.4088
25.9386
23.4683
20.998
18.5278
16.0574
13.5873
11.1167
8.64658
6.1757
3.7057
1.23494
93.0153
86.9122
85.1547
82.7734
80.2603
77.8131
75.3443
72.8724
70.4033
67.9327
65.4627
62.9924
60.5222
58.0519
55.5818
53.1115
50.6413
48.171
45.7007
43.2305
40.7602
38.2899
35.8197
33.3494
30.8791
28.4088
25.9386
23.4683
20.998
18.5278
16.0574
13.5873
11.1167
8.64658
6.1757
3.7057
1.23494
93.0145
86.9123
85.1547
82.7734
80.2603
77.8131
75.3443
72.8724
70.4033
67.9327
65.4627
62.9924
60.5222
58.0519
55.5818
53.1115
50.6413
48.171
45.7007
43.2305
40.7602
38.2899
35.8197
33.3494
30.8791
28.4088
25.9386
23.4683
20.998
18.5278
16.0574
13.5873
11.1167
8.64658
6.1757
3.7057
1.23494
93.0145
86.9123
85.1547
82.7734
80.2603
77.8131
75.3443
72.8724
70.4033
67.9327
65.4627
62.9924
60.5222
58.0519
55.5818
53.1115
50.6413
48.171
45.7007
43.2305
40.7602
38.2899
35.8197
33.3494
30.8791
28.4088
25.9386
23.4683
20.998
18.5278
16.0574
13.5873
11.1167
8.64658
6.1757
3.7057
1.23494
93.0153
86.9122
85.1547
82.7734
80.2603
77.8131
75.3443
72.8724
70.4033
67.9327
65.4627
62.9924
60.5222
58.0519
55.5818
53.1115
50.6413
48.171
45.7007
43.2305
40.7602
38.2899
35.8197
33.3494
30.8791
28.4088
25.9386
23.4683
20.998
18.5278
16.0574
13.5873
11.1167
8.64658
6.1757
3.7057
1.23494
93.0168
86.912
85.1547
82.7733
80.2603
77.8131
75.3443
72.8724
70.4033
67.9327
65.4627
62.9924
60.5222
58.0519
55.5818
53.1115
50.6413
48.171
45.7007
43.2305
40.7602
38.2899
35.8197
33.3494
30.8791
28.4088
25.9386
23.4683
20.998
18.5278
16.0574
13.5873
11.1167
8.64658
6.1757
3.7057
1.23494
93.0198
86.9119
85.1547
82.7733
80.2603
77.8131
75.3443
72.8724
70.4033
67.9327
65.4627
62.9924
60.5222
58.0519
55.5818
53.1115
50.6413
48.171
45.7007
43.2305
40.7602
38.2899
35.8197
33.3494
30.8791
28.4088
25.9386
23.4683
20.998
18.5278
16.0574
13.5873
11.1167
8.64658
6.1757
3.7057
1.23494
93.024
86.9122
85.1547
82.7733
80.2603
77.8131
75.3443
72.8724
70.4033
67.9327
65.4627
62.9924
60.5222
58.0519
55.5818
53.1115
50.6413
48.171
45.7007
43.2305
40.7602
38.2899
35.8197
33.3494
30.8791
28.4088
25.9386
23.4683
20.998
18.5278
16.0574
13.5873
11.1167
8.64658
6.1757
3.7057
1.23494
93.0198
86.9119
85.1547
82.7733
80.2603
77.8131
75.3443
72.8724
70.4033
67.9327
65.4627
62.9924
60.5222
58.0519
55.5818
53.1115
50.6413
48.171
45.7007
43.2305
40.7602
38.2899
35.8197
33.3494
30.8791
28.4088
25.9386
23.4683
20.998
18.5278
16.0574
13.5873
11.1167
8.64658
6.1757
3.7057
1.23494
93.0157
86.912
85.1547
82.7733
80.2603
77.8131
75.3443
72.8724
70.4033
67.9327
65.4627
62.9924
60.5222
58.0519
55.5818
53.1115
50.6413
48.171
45.7007
43.2305
40.7602
38.2899
35.8197
33.3494
30.8791
28.4088
25.9386
23.4683
20.998
18.5278
16.0574
13.5873
11.1167
8.64658
6.1757
3.7057
1.23494
93.0127
86.9123
85.1547
82.7734
80.2603
77.8131
75.3443
72.8724
70.4033
67.9327
65.4627
62.9924
60.5222
58.0519
55.5818
53.1115
50.6413
48.171
45.7007
43.2305
40.7602
38.2899
35.8197
33.3494
30.8791
28.4088
25.9386
23.4683
20.998
18.5278
16.0574
13.5873
11.1167
8.64658
6.1757
3.7057
1.23494
93.011
86.9127
85.1547
82.7734
80.2603
77.8131
75.3443
72.8724
70.4033
67.9327
65.4627
62.9924
60.5222
58.0519
55.5818
53.1115
50.6413
48.171
45.7007
43.2305
40.7602
38.2899
35.8197
33.3494
30.8791
28.4088
25.9386
23.4683
20.998
18.5278
16.0574
13.5873
11.1167
8.64658
6.1757
3.7057
1.23494
93.0103
86.9129
85.1547
82.7734
80.2603
77.8131
75.3443
72.8724
70.4033
67.9327
65.4627
62.9924
60.5222
58.0519
55.5818
53.1115
50.6413
48.171
45.7007
43.2305
40.7602
38.2899
35.8197
33.3494
30.8791
28.4088
25.9386
23.4683
20.998
18.5278
16.0574
13.5873
11.1167
8.64658
6.1757
3.7057
1.23494
93.0103
86.9129
85.1547
82.7734
80.2603
77.8131
75.3443
72.8724
70.4033
67.9327
65.4627
62.9924
60.5222
58.0519
55.5818
53.1115
50.6413
48.171
45.7007
43.2305
40.7602
38.2899
35.8197
33.3494
30.8791
28.4088
25.9386
23.4683
20.998
18.5278
16.0574
13.5873
11.1167
8.64658
6.1757
3.7057
1.23494
93.011
86.9127
85.1547
82.7734
80.2603
77.8131
75.3443
72.8724
70.4033
67.9327
65.4627
62.9924
60.5222
58.0519
55.5818
53.1115
50.6413
48.171
45.7007
43.2305
40.7602
38.2899
35.8197
33.3494
30.8791
28.4088
25.9386
23.4683
20.998
18.5278
16.0574
13.5873
11.1167
8.64658
6.1757
3.7057
1.23494
93.0127
86.9123
85.1547
82.7734
80.2603
77.8131
75.3443
72.8724
70.4033
67.9327
65.4627
62.9924
60.5222
58.0519
55.5818
53.1115
50.6413
48.171
45.7007
43.2305
40.7602
38.2899
35.8197
33.3494
30.8791
28.4088
25.9386
23.4683
20.998
18.5278
16.0574
13.5873
11.1167
8.64658
6.1757
3.7057
1.23494
93.0157
86.912
85.1547
82.7733
80.2603
77.8131
75.3443
72.8724
70.4033
67.9327
65.4627
62.9924
60.5222
58.0519
55.5818
53.1115
50.6413
48.171
45.7007
43.2305
40.7602
38.2899
35.8197
33.3494
30.8791
28.4088
25.9386
23.4683
20.998
18.5278
16.0574
13.5873
11.1167
8.64658
6.1757
3.7057
1.23494
93.0198
86.9119
85.1547
82.7733
80.2603
77.8131
75.3443
72.8724
70.4033
67.9327
65.4627
62.9924
60.5222
58.0519
55.5818
53.1115
50.6413
48.171
45.7007
43.2305
40.7602
38.2899
35.8197
33.3494
30.8791
28.4088
25.9386
23.4683
20.998
18.5278
16.0574
13.5873
11.1167
8.64658
6.1757
3.7057
1.23494
93.0168
86.912
85.1547
82.7733
80.2603
77.8131
75.3443
72.8724
70.4033
67.9327
65.4627
62.9924
60.5222
58.0519
55.5818
53.1115
50.6413
48.171
45.7007
43.2305
40.7602
38.2899
35.8197
33.3494
30.8791
28.4088
25.9386
23.4683
20.998
18.5278
16.0574
13.5873
11.1167
8.64658
6.1757
3.7057
1.23494
93.0127
86.9123
85.1547
82.7734
80.2603
77.8131
75.3443
72.8724
70.4033
67.9327
65.4627
62.9924
60.5222
58.0519
55.5818
53.1115
50.6413
48.171
45.7007
43.2305
40.7602
38.2899
35.8197
33.3494
30.8791
28.4088
25.9386
23.4683
20.998
18.5278
16.0574
13.5873
11.1167
8.64658
6.1757
3.7057
1.23494
93.0097
86.9129
85.1547
82.7734
80.2603
77.8131
75.3443
72.8724
70.4033
67.9327
65.4627
62.9924
60.5222
58.0519
55.5818
53.1115
50.6413
48.171
45.7007
43.2305
40.7602
38.2899
35.8197
33.3494
30.8791
28.4088
25.9386
23.4683
20.998
18.5278
16.0574
13.5873
11.1167
8.64658
6.1757
3.7057
1.23494
93.0081
86.9135
85.1547
82.7734
80.2602
77.8131
75.3443
72.8724
70.4033
67.9327
65.4627
62.9924
60.5222
58.0519
55.5818
53.1115
50.6413
48.171
45.7007
43.2305
40.7602
38.2899
35.8197
33.3494
30.8791
28.4088
25.9386
23.4683
20.998
18.5278
16.0574
13.5873
11.1167
8.64658
6.1757
3.7057
1.23494
93.0074
86.9139
85.1547
82.7734
80.2602
77.8131
75.3443
72.8724
70.4033
67.9327
65.4627
62.9924
60.5222
58.0519
55.5818
53.1115
50.6413
48.171
45.7007
43.2305
40.7602
38.2899
35.8197
33.3494
30.8791
28.4088
25.9386
23.4683
20.998
18.5278
16.0574
13.5873
11.1167
8.64658
6.1757
3.7057
1.23494
93.0074
86.9139
85.1547
82.7734
80.2602
77.8131
75.3443
72.8724
70.4033
67.9327
65.4627
62.9924
60.5222
58.0519
55.5818
53.1115
50.6413
48.171
45.7007
43.2305
40.7602
38.2899
35.8197
33.3494
30.8791
28.4088
25.9386
23.4683
20.998
18.5278
16.0574
13.5873
11.1167
8.64658
6.1757
3.7057
1.23494
93.0081
86.9135
85.1547
82.7734
80.2602
77.8131
75.3443
72.8724
70.4033
67.9327
65.4627
62.9924
60.5222
58.0519
55.5818
53.1115
50.6413
48.171
45.7007
43.2305
40.7602
38.2899
35.8197
33.3494
30.8791
28.4088
25.9386
23.4683
20.998
18.5278
16.0574
13.5873
11.1167
8.64658
6.1757
3.7057
1.23494
93.0097
86.9129
85.1547
82.7734
80.2603
77.8131
75.3443
72.8724
70.4033
67.9327
65.4627
62.9924
60.5222
58.0519
55.5818
53.1115
50.6413
48.171
45.7007
43.2305
40.7602
38.2899
35.8197
33.3494
30.8791
28.4088
25.9386
23.4683
20.998
18.5278
16.0574
13.5873
11.1167
8.64658
6.1757
3.7057
1.23494
93.0127
86.9123
85.1547
82.7734
80.2603
77.8131
75.3443
72.8724
70.4033
67.9327
65.4627
62.9924
60.5222
58.0519
55.5818
53.1115
50.6413
48.171
45.7007
43.2305
40.7602
38.2899
35.8197
33.3494
30.8791
28.4088
25.9386
23.4683
20.998
18.5278
16.0574
13.5873
11.1167
8.64658
6.1757
3.7057
1.23494
93.0168
86.912
85.1547
82.7733
80.2603
77.8131
75.3443
72.8724
70.4033
67.9327
65.4627
62.9924
60.5222
58.0519
55.5818
53.1115
50.6413
48.171
45.7007
43.2305
40.7602
38.2899
35.8197
33.3494
30.8791
28.4088
25.9386
23.4683
20.998
18.5278
16.0574
13.5873
11.1167
8.64658
6.1757
3.7057
1.23494
93.0153
86.9122
85.1547
82.7734
80.2603
77.8131
75.3443
72.8724
70.4033
67.9327
65.4627
62.9924
60.5222
58.0519
55.5818
53.1115
50.6413
48.171
45.7007
43.2305
40.7602
38.2899
35.8197
33.3494
30.8791
28.4088
25.9386
23.4683
20.998
18.5278
16.0574
13.5873
11.1167
8.64658
6.1757
3.7057
1.23494
93.011
86.9127
85.1547
82.7734
80.2603
77.8131
75.3443
72.8724
70.4033
67.9327
65.4627
62.9924
60.5222
58.0519
55.5818
53.1115
50.6413
48.171
45.7007
43.2305
40.7602
38.2899
35.8197
33.3494
30.8791
28.4088
25.9386
23.4683
20.998
18.5278
16.0574
13.5873
11.1167
8.64658
6.1757
3.7057
1.23494
93.0081
86.9135
85.1547
82.7734
80.2602
77.8131
75.3443
72.8724
70.4033
67.9327
65.4627
62.9924
60.5222
58.0519
55.5818
53.1115
50.6413
48.171
45.7007
43.2305
40.7602
38.2899
35.8197
33.3494
30.8791
28.4088
25.9386
23.4683
20.998
18.5278
16.0574
13.5873
11.1167
8.64658
6.1757
3.7057
1.23494
93.0065
86.9144
85.1547
82.7734
80.2602
77.8131
75.3443
72.8724
70.4033
67.9327
65.4627
62.9924
60.5222
58.0519
55.5818
53.1115
50.6413
48.171
45.7007
43.2305
40.7602
38.2899
35.8197
33.3494
30.8791
28.4088
25.9386
23.4683
20.998
18.5278
16.0574
13.5873
11.1167
8.64658
6.1757
3.7057
1.23494
93.0058
86.9149
85.1547
82.7734
80.2602
77.8131
75.3443
72.8723
70.4033
67.9327
65.4627
62.9924
60.5222
58.0519
55.5818
53.1115
50.6413
48.171
45.7007
43.2305
40.7602
38.2899
35.8197
33.3494
30.8791
28.4088
25.9386
23.4683
20.998
18.5278
16.0574
13.5873
11.1167
8.64658
6.1757
3.7057
1.23494
93.0058
86.9149
85.1547
82.7734
80.2602
77.8131
75.3443
72.8723
70.4033
67.9327
65.4627
62.9924
60.5222
58.0519
55.5818
53.1115
50.6413
48.171
45.7007
43.2305
40.7602
38.2899
35.8197
33.3494
30.8791
28.4088
25.9386
23.4683
20.998
18.5278
16.0574
13.5873
11.1167
8.64658
6.1757
3.7057
1.23494
93.0065
86.9144
85.1547
82.7734
80.2602
77.8131
75.3443
72.8724
70.4033
67.9327
65.4627
62.9924
60.5222
58.0519
55.5818
53.1115
50.6413
48.171
45.7007
43.2305
40.7602
38.2899
35.8197
33.3494
30.8791
28.4088
25.9386
23.4683
20.998
18.5278
16.0574
13.5873
11.1167
8.64658
6.1757
3.7057
1.23494
93.0081
86.9135
85.1547
82.7734
80.2602
77.8131
75.3443
72.8724
70.4033
67.9327
65.4627
62.9924
60.5222
58.0519
55.5818
53.1115
50.6413
48.171
45.7007
43.2305
40.7602
38.2899
35.8197
33.3494
30.8791
28.4088
25.9386
23.4683
20.998
18.5278
16.0574
13.5873
11.1167
8.64658
6.1757
3.7057
1.23494
93.011
86.9127
85.1547
82.7734
80.2603
77.8131
75.3443
72.8724
70.4033
67.9327
65.4627
62.9924
60.5222
58.0519
55.5818
53.1115
50.6413
48.171
45.7007
43.2305
40.7602
38.2899
35.8197
33.3494
30.8791
28.4088
25.9386
23.4683
20.998
18.5278
16.0574
13.5873
11.1167
8.64658
6.1757
3.7057
1.23494
93.0153
86.9122
85.1547
82.7734
80.2603
77.8131
75.3443
72.8724
70.4033
67.9327
65.4627
62.9924
60.5222
58.0519
55.5818
53.1115
50.6413
48.171
45.7007
43.2305
40.7602
38.2899
35.8197
33.3494
30.8791
28.4088
25.9386
23.4683
20.998
18.5278
16.0574
13.5873
11.1167
8.64658
6.1757
3.7057
1.23494
93.0145
86.9123
85.1547
82.7734
80.2603
77.8131
75.3443
72.8724
70.4033
67.9327
65.4627
62.9924
60.5222
58.0519
55.5818
53.1115
50.6413
48.171
45.7007
43.2305
40.7602
38.2899
35.8197
33.3494
30.8791
28.4088
25.9386
23.4683
20.998
18.5278
16.0574
13.5873
11.1167
8.64658
6.1757
3.7057
1.23494
93.0103
86.9129
85.1547
82.7734
80.2603
77.8131
75.3443
72.8724
70.4033
67.9327
65.4627
62.9924
60.5222
58.0519
55.5818
53.1115
50.6413
48.171
45.7007
43.2305
40.7602
38.2899
35.8197
33.3494
30.8791
28.4088
25.9386
23.4683
20.998
18.5278
16.0574
13.5873
11.1167
8.64658
6.1757
3.7057
1.23494
93.0074
86.9139
85.1547
82.7734
80.2602
77.8131
75.3443
72.8724
70.4033
67.9327
65.4627
62.9924
60.5222
58.0519
55.5818
53.1115
50.6413
48.171
45.7007
43.2305
40.7602
38.2899
35.8197
33.3494
30.8791
28.4088
25.9386
23.4683
20.998
18.5278
16.0574
13.5873
11.1167
8.64658
6.1757
3.7057
1.23494
93.0058
86.9149
85.1547
82.7734
80.2602
77.8131
75.3443
72.8723
70.4033
67.9327
65.4627
62.9924
60.5222
58.0519
55.5818
53.1115
50.6413
48.171
45.7007
43.2305
40.7602
38.2899
35.8197
33.3494
30.8791
28.4088
25.9386
23.4683
20.998
18.5278
16.0574
13.5873
11.1167
8.64658
6.1757
3.7057
1.23494
93.0051
86.9155
85.1548
82.7735
80.2602
77.8131
75.3443
72.8723
70.4033
67.9327
65.4627
62.9924
60.5222
58.0519
55.5818
53.1115
50.6413
48.171
45.7007
43.2305
40.7602
38.2899
35.8197
33.3494
30.8791
28.4088
25.9386
23.4683
20.998
18.5278
16.0574
13.5873
11.1167
8.64658
6.1757
3.7057
1.23494
93.0051
86.9155
85.1548
82.7735
80.2602
77.8131
75.3443
72.8723
70.4033
67.9327
65.4627
62.9924
60.5222
58.0519
55.5818
53.1115
50.6413
48.171
45.7007
43.2305
40.7602
38.2899
35.8197
33.3494
30.8791
28.4088
25.9386
23.4683
20.998
18.5278
16.0574
13.5873
11.1167
8.64658
6.1757
3.7057
1.23494
93.0058
86.9149
85.1547
82.7734
80.2602
77.8131
75.3443
72.8723
70.4033
67.9327
65.4627
62.9924
60.5222
58.0519
55.5818
53.1115
50.6413
48.171
45.7007
43.2305
40.7602
38.2899
35.8197
33.3494
30.8791
28.4088
25.9386
23.4683
20.998
18.5278
16.0574
13.5873
11.1167
8.64658
6.1757
3.7057
1.23494
93.0074
86.9139
85.1547
82.7734
80.2602
77.8131
75.3443
72.8724
70.4033
67.9327
65.4627
62.9924
60.5222
58.0519
55.5818
53.1115
50.6413
48.171
45.7007
43.2305
40.7602
38.2899
35.8197
33.3494
30.8791
28.4088
25.9386
23.4683
20.998
18.5278
16.0574
13.5873
11.1167
8.64658
6.1757
3.7057
1.23494
93.0103
86.9129
85.1547
82.7734
80.2603
77.8131
75.3443
72.8724
70.4033
67.9327
65.4627
62.9924
60.5222
58.0519
55.5818
53.1115
50.6413
48.171
45.7007
43.2305
40.7602
38.2899
35.8197
33.3494
30.8791
28.4088
25.9386
23.4683
20.998
18.5278
16.0574
13.5873
11.1167
8.64658
6.1757
3.7057
1.23494
93.0145
86.9123
85.1547
82.7734
80.2603
77.8131
75.3443
72.8724
70.4033
67.9327
65.4627
62.9924
60.5222
58.0519
55.5818
53.1115
50.6413
48.171
45.7007
43.2305
40.7602
38.2899
35.8197
33.3494
30.8791
28.4088
25.9386
23.4683
20.998
18.5278
16.0574
13.5873
11.1167
8.64658
6.1757
3.7057
1.23494
93.0145
86.9123
85.1547
82.7734
80.2603
77.8131
75.3443
72.8724
70.4033
67.9327
65.4627
62.9924
60.5222
58.0519
55.5818
53.1115
50.6413
48.171
45.7007
43.2305
40.7602
38.2899
35.8197
33.3494
30.8791
28.4088
25.9386
23.4683
20.998
18.5278
16.0574
13.5873
11.1167
8.64658
6.1757
3.7057
1.23494
93.0103
86.9129
85.1547
82.7734
80.2603
77.8131
75.3443
72.8724
70.4033
67.9327
65.4627
62.9924
60.5222
58.0519
55.5818
53.1115
50.6413
48.171
45.7007
43.2305
40.7602
38.2899
35.8197
33.3494
30.8791
28.4088
25.9386
23.4683
20.998
18.5278
16.0574
13.5873
11.1167
8.64658
6.1757
3.7057
1.23494
93.0074
86.9139
85.1547
82.7734
80.2602
77.8131
75.3443
72.8724
70.4033
67.9327
65.4627
62.9924
60.5222
58.0519
55.5818
53.1115
50.6413
48.171
45.7007
43.2305
40.7602
38.2899
35.8197
33.3494
30.8791
28.4088
25.9386
23.4683
20.998
18.5278
16.0574
13.5873
11.1167
8.64658
6.1757
3.7057
1.23494
93.0058
86.9149
85.1547
82.7734
80.2602
77.8131
75.3443
72.8723
70.4033
67.9327
65.4627
62.9924
60.5222
58.0519
55.5818
53.1115
50.6413
48.171
45.7007
43.2305
40.7602
38.2899
35.8197
33.3494
30.8791
28.4088
25.9386
23.4683
20.998
18.5278
16.0574
13.5873
11.1167
8.64658
6.1757
3.7057
1.23494
93.0051
86.9155
85.1548
82.7735
80.2602
77.8131
75.3443
72.8723
70.4033
67.9327
65.4627
62.9924
60.5222
58.0519
55.5818
53.1115
50.6413
48.171
45.7007
43.2305
40.7602
38.2899
35.8197
33.3494
30.8791
28.4088
25.9386
23.4683
20.998
18.5278
16.0574
13.5873
11.1167
8.64658
6.1757
3.7057
1.23494
93.0051
86.9155
85.1548
82.7735
80.2602
77.8131
75.3443
72.8723
70.4033
67.9327
65.4627
62.9924
60.5222
58.0519
55.5818
53.1115
50.6413
48.171
45.7007
43.2305
40.7602
38.2899
35.8197
33.3494
30.8791
28.4088
25.9386
23.4683
20.998
18.5278
16.0574
13.5873
11.1167
8.64658
6.1757
3.7057
1.23494
93.0058
86.9149
85.1547
82.7734
80.2602
77.8131
75.3443
72.8723
70.4033
67.9327
65.4627
62.9924
60.5222
58.0519
55.5818
53.1115
50.6413
48.171
45.7007
43.2305
40.7602
38.2899
35.8197
33.3494
30.8791
28.4088
25.9386
23.4683
20.998
18.5278
16.0574
13.5873
11.1167
8.64658
6.1757
3.7057
1.23494
93.0074
86.9139
85.1547
82.7734
80.2602
77.8131
75.3443
72.8724
70.4033
67.9327
65.4627
62.9924
60.5222
58.0519
55.5818
53.1115
50.6413
48.171
45.7007
43.2305
40.7602
38.2899
35.8197
33.3494
30.8791
28.4088
25.9386
23.4683
20.998
18.5278
16.0574
13.5873
11.1167
8.64658
6.1757
3.7057
1.23494
93.0103
86.9129
85.1547
82.7734
80.2603
77.8131
75.3443
72.8724
70.4033
67.9327
65.4627
62.9924
60.5222
58.0519
55.5818
53.1115
50.6413
48.171
45.7007
43.2305
40.7602
38.2899
35.8197
33.3494
30.8791
28.4088
25.9386
23.4683
20.998
18.5278
16.0574
13.5873
11.1167
8.64658
6.1757
3.7057
1.23494
93.0145
86.9123
85.1547
82.7734
80.2603
77.8131
75.3443
72.8724
70.4033
67.9327
65.4627
62.9924
60.5222
58.0519
55.5818
53.1115
50.6413
48.171
45.7007
43.2305
40.7602
38.2899
35.8197
33.3494
30.8791
28.4088
25.9386
23.4683
20.998
18.5278
16.0574
13.5873
11.1167
8.64658
6.1757
3.7057
1.23494
93.0153
86.9122
85.1547
82.7734
80.2603
77.8131
75.3443
72.8724
70.4033
67.9327
65.4627
62.9924
60.5222
58.0519
55.5818
53.1115
50.6413
48.171
45.7007
43.2305
40.7602
38.2899
35.8197
33.3494
30.8791
28.4088
25.9386
23.4683
20.998
18.5278
16.0574
13.5873
11.1167
8.64658
6.1757
3.7057
1.23494
93.011
86.9127
85.1547
82.7734
80.2603
77.8131
75.3443
72.8724
70.4033
67.9327
65.4627
62.9924
60.5222
58.0519
55.5818
53.1115
50.6413
48.171
45.7007
43.2305
40.7602
38.2899
35.8197
33.3494
30.8791
28.4088
25.9386
23.4683
20.998
18.5278
16.0574
13.5873
11.1167
8.64658
6.1757
3.7057
1.23494
93.0081
86.9135
85.1547
82.7734
80.2602
77.8131
75.3443
72.8724
70.4033
67.9327
65.4627
62.9924
60.5222
58.0519
55.5818
53.1115
50.6413
48.171
45.7007
43.2305
40.7602
38.2899
35.8197
33.3494
30.8791
28.4088
25.9386
23.4683
20.998
18.5278
16.0574
13.5873
11.1167
8.64658
6.1757
3.7057
1.23494
93.0065
86.9144
85.1547
82.7734
80.2602
77.8131
75.3443
72.8724
70.4033
67.9327
65.4627
62.9924
60.5222
58.0519
55.5818
53.1115
50.6413
48.171
45.7007
43.2305
40.7602
38.2899
35.8197
33.3494
30.8791
28.4088
25.9386
23.4683
20.998
18.5278
16.0574
13.5873
11.1167
8.64658
6.1757
3.7057
1.23494
93.0058
86.9149
85.1547
82.7734
80.2602
77.8131
75.3443
72.8723
70.4033
67.9327
65.4627
62.9924
60.5222
58.0519
55.5818
53.1115
50.6413
48.171
45.7007
43.2305
40.7602
38.2899
35.8197
33.3494
30.8791
28.4088
25.9386
23.4683
20.998
18.5278
16.0574
13.5873
11.1167
8.64658
6.1757
3.7057
1.23494
93.0058
86.9149
85.1547
82.7734
80.2602
77.8131
75.3443
72.8723
70.4033
67.9327
65.4627
62.9924
60.5222
58.0519
55.5818
53.1115
50.6413
48.171
45.7007
43.2305
40.7602
38.2899
35.8197
33.3494
30.8791
28.4088
25.9386
23.4683
20.998
18.5278
16.0574
13.5873
11.1167
8.64658
6.1757
3.7057
1.23494
93.0065
86.9144
85.1547
82.7734
80.2602
77.8131
75.3443
72.8724
70.4033
67.9327
65.4627
62.9924
60.5222
58.0519
55.5818
53.1115
50.6413
48.171
45.7007
43.2305
40.7602
38.2899
35.8197
33.3494
30.8791
28.4088
25.9386
23.4683
20.998
18.5278
16.0574
13.5873
11.1167
8.64658
6.1757
3.7057
1.23494
93.0081
86.9135
85.1547
82.7734
80.2602
77.8131
75.3443
72.8724
70.4033
67.9327
65.4627
62.9924
60.5222
58.0519
55.5818
53.1115
50.6413
48.171
45.7007
43.2305
40.7602
38.2899
35.8197
33.3494
30.8791
28.4088
25.9386
23.4683
20.998
18.5278
16.0574
13.5873
11.1167
8.64658
6.1757
3.7057
1.23494
93.011
86.9127
85.1547
82.7734
80.2603
77.8131
75.3443
72.8724
70.4033
67.9327
65.4627
62.9924
60.5222
58.0519
55.5818
53.1115
50.6413
48.171
45.7007
43.2305
40.7602
38.2899
35.8197
33.3494
30.8791
28.4088
25.9386
23.4683
20.998
18.5278
16.0574
13.5873
11.1167
8.64658
6.1757
3.7057
1.23494
93.0153
86.9122
85.1547
82.7734
80.2603
77.8131
75.3443
72.8724
70.4033
67.9327
65.4627
62.9924
60.5222
58.0519
55.5818
53.1115
50.6413
48.171
45.7007
43.2305
40.7602
38.2899
35.8197
33.3494
30.8791
28.4088
25.9386
23.4683
20.998
18.5278
16.0574
13.5873
11.1167
8.64658
6.1757
3.7057
1.23494
93.0168
86.912
85.1547
82.7733
80.2603
77.8131
75.3443
72.8724
70.4033
67.9327
65.4627
62.9924
60.5222
58.0519
55.5818
53.1115
50.6413
48.171
45.7007
43.2305
40.7602
38.2899
35.8197
33.3494
30.8791
28.4088
25.9386
23.4683
20.998
18.5278
16.0574
13.5873
11.1167
8.64658
6.1757
3.7057
1.23494
93.0127
86.9123
85.1547
82.7734
80.2603
77.8131
75.3443
72.8724
70.4033
67.9327
65.4627
62.9924
60.5222
58.0519
55.5818
53.1115
50.6413
48.171
45.7007
43.2305
40.7602
38.2899
35.8197
33.3494
30.8791
28.4088
25.9386
23.4683
20.998
18.5278
16.0574
13.5873
11.1167
8.64658
6.1757
3.7057
1.23494
93.0097
86.9129
85.1547
82.7734
80.2603
77.8131
75.3443
72.8724
70.4033
67.9327
65.4627
62.9924
60.5222
58.0519
55.5818
53.1115
50.6413
48.171
45.7007
43.2305
40.7602
38.2899
35.8197
33.3494
30.8791
28.4088
25.9386
23.4683
20.998
18.5278
16.0574
13.5873
11.1167
8.64658
6.1757
3.7057
1.23494
93.0081
86.9135
85.1547
82.7734
80.2602
77.8131
75.3443
72.8724
70.4033
67.9327
65.4627
62.9924
60.5222
58.0519
55.5818
53.1115
50.6413
48.171
45.7007
43.2305
40.7602
38.2899
35.8197
33.3494
30.8791
28.4088
25.9386
23.4683
20.998
18.5278
16.0574
13.5873
11.1167
8.64658
6.1757
3.7057
1.23494
93.0074
86.9139
85.1547
82.7734
80.2602
77.8131
75.3443
72.8724
70.4033
67.9327
65.4627
62.9924
60.5222
58.0519
55.5818
53.1115
50.6413
48.171
45.7007
43.2305
40.7602
38.2899
35.8197
33.3494
30.8791
28.4088
25.9386
23.4683
20.998
18.5278
16.0574
13.5873
11.1167
8.64658
6.1757
3.7057
1.23494
93.0074
86.9139
85.1547
82.7734
80.2602
77.8131
75.3443
72.8724
70.4033
67.9327
65.4627
62.9924
60.5222
58.0519
55.5818
53.1115
50.6413
48.171
45.7007
43.2305
40.7602
38.2899
35.8197
33.3494
30.8791
28.4088
25.9386
23.4683
20.998
18.5278
16.0574
13.5873
11.1167
8.64658
6.1757
3.7057
1.23494
93.0081
86.9135
85.1547
82.7734
80.2602
77.8131
75.3443
72.8724
70.4033
67.9327
65.4627
62.9924
60.5222
58.0519
55.5818
53.1115
50.6413
48.171
45.7007
43.2305
40.7602
38.2899
35.8197
33.3494
30.8791
28.4088
25.9386
23.4683
20.998
18.5278
16.0574
13.5873
11.1167
8.64658
6.1757
3.7057
1.23494
93.0097
86.9129
85.1547
82.7734
80.2603
77.8131
75.3443
72.8724
70.4033
67.9327
65.4627
62.9924
60.5222
58.0519
55.5818
53.1115
50.6413
48.171
45.7007
43.2305
40.7602
38.2899
35.8197
33.3494
30.8791
28.4088
25.9386
23.4683
20.998
18.5278
16.0574
13.5873
11.1167
8.64658
6.1757
3.7057
1.23494
93.0127
86.9123
85.1547
82.7734
80.2603
77.8131
75.3443
72.8724
70.4033
67.9327
65.4627
62.9924
60.5222
58.0519
55.5818
53.1115
50.6413
48.171
45.7007
43.2305
40.7602
38.2899
35.8197
33.3494
30.8791
28.4088
25.9386
23.4683
20.998
18.5278
16.0574
13.5873
11.1167
8.64658
6.1757
3.7057
1.23494
93.0168
86.912
85.1547
82.7733
80.2603
77.8131
75.3443
72.8724
70.4033
67.9327
65.4627
62.9924
60.5222
58.0519
55.5818
53.1115
50.6413
48.171
45.7007
43.2305
40.7602
38.2899
35.8197
33.3494
30.8791
28.4088
25.9386
23.4683
20.998
18.5278
16.0574
13.5873
11.1167
8.64658
6.1757
3.7057
1.23494
93.0198
86.9119
85.1547
82.7733
80.2603
77.8131
75.3443
72.8724
70.4033
67.9327
65.4627
62.9924
60.5222
58.0519
55.5818
53.1115
50.6413
48.171
45.7007
43.2305
40.7602
38.2899
35.8197
33.3494
30.8791
28.4088
25.9386
23.4683
20.998
18.5278
16.0574
13.5873
11.1167
8.64658
6.1757
3.7057
1.23494
93.0157
86.912
85.1547
82.7733
80.2603
77.8131
75.3443
72.8724
70.4033
67.9327
65.4627
62.9924
60.5222
58.0519
55.5818
53.1115
50.6413
48.171
45.7007
43.2305
40.7602
38.2899
35.8197
33.3494
30.8791
28.4088
25.9386
23.4683
20.998
18.5278
16.0574
13.5873
11.1167
8.64658
6.1757
3.7057
1.23494
93.0127
86.9123
85.1547
82.7734
80.2603
77.8131
75.3443
72.8724
70.4033
67.9327
65.4627
62.9924
60.5222
58.0519
55.5818
53.1115
50.6413
48.171
45.7007
43.2305
40.7602
38.2899
35.8197
33.3494
30.8791
28.4088
25.9386
23.4683
20.998
18.5278
16.0574
13.5873
11.1167
8.64658
6.1757
3.7057
1.23494
93.011
86.9127
85.1547
82.7734
80.2603
77.8131
75.3443
72.8724
70.4033
67.9327
65.4627
62.9924
60.5222
58.0519
55.5818
53.1115
50.6413
48.171
45.7007
43.2305
40.7602
38.2899
35.8197
33.3494
30.8791
28.4088
25.9386
23.4683
20.998
18.5278
16.0574
13.5873
11.1167
8.64658
6.1757
3.7057
1.23494
93.0103
86.9129
85.1547
82.7734
80.2603
77.8131
75.3443
72.8724
70.4033
67.9327
65.4627
62.9924
60.5222
58.0519
55.5818
53.1115
50.6413
48.171
45.7007
43.2305
40.7602
38.2899
35.8197
33.3494
30.8791
28.4088
25.9386
23.4683
20.998
18.5278
16.0574
13.5873
11.1167
8.64658
6.1757
3.7057
1.23494
93.0103
86.9129
85.1547
82.7734
80.2603
77.8131
75.3443
72.8724
70.4033
67.9327
65.4627
62.9924
60.5222
58.0519
55.5818
53.1115
50.6413
48.171
45.7007
43.2305
40.7602
38.2899
35.8197
33.3494
30.8791
28.4088
25.9386
23.4683
20.998
18.5278
16.0574
13.5873
11.1167
8.64658
6.1757
3.7057
1.23494
93.011
86.9127
85.1547
82.7734
80.2603
77.8131
75.3443
72.8724
70.4033
67.9327
65.4627
62.9924
60.5222
58.0519
55.5818
53.1115
50.6413
48.171
45.7007
43.2305
40.7602
38.2899
35.8197
33.3494
30.8791
28.4088
25.9386
23.4683
20.998
18.5278
16.0574
13.5873
11.1167
8.64658
6.1757
3.7057
1.23494
93.0127
86.9123
85.1547
82.7734
80.2603
77.8131
75.3443
72.8724
70.4033
67.9327
65.4627
62.9924
60.5222
58.0519
55.5818
53.1115
50.6413
48.171
45.7007
43.2305
40.7602
38.2899
35.8197
33.3494
30.8791
28.4088
25.9386
23.4683
20.998
18.5278
16.0574
13.5873
11.1167
8.64658
6.1757
3.7057
1.23494
93.0157
86.912
85.1547
82.7733
80.2603
77.8131
75.3443
72.8724
70.4033
67.9327
65.4627
62.9924
60.5222
58.0519
55.5818
53.1115
50.6413
48.171
45.7007
43.2305
40.7602
38.2899
35.8197
33.3494
30.8791
28.4088
25.9386
23.4683
20.998
18.5278
16.0574
13.5873
11.1167
8.64658
6.1757
3.7057
1.23494
93.0198
86.9119
85.1547
82.7733
80.2603
77.8131
75.3443
72.8724
70.4033
67.9327
65.4627
62.9924
60.5222
58.0519
55.5818
53.1115
50.6413
48.171
45.7007
43.2305
40.7602
38.2899
35.8197
33.3494
30.8791
28.4088
25.9386
23.4683
20.998
18.5278
16.0574
13.5873
11.1167
8.64658
6.1757
3.7057
1.23494
93.024
86.9122
85.1547
82.7733
80.2603
77.8131
75.3443
72.8724
70.4033
67.9327
65.4627
62.9924
60.5222
58.0519
55.5818
53.1115
50.6413
48.171
45.7007
43.2305
40.7602
38.2899
35.8197
33.3494
30.8791
28.4088
25.9386
23.4683
20.998
18.5278
16.0574
13.5873
11.1167
8.64658
6.1757
3.7057
1.23494
93.0198
86.9119
85.1547
82.7733
80.2603
77.8131
75.3443
72.8724
70.4033
67.9327
65.4627
62.9924
60.5222
58.0519
55.5818
53.1115
50.6413
48.171
45.7007
43.2305
40.7602
38.2899
35.8197
33.3494
30.8791
28.4088
25.9386
23.4683
20.998
18.5278
16.0574
13.5873
11.1167
8.64658
6.1757
3.7057
1.23494
93.0168
86.912
85.1547
82.7733
80.2603
77.8131
75.3443
72.8724
70.4033
67.9327
65.4627
62.9924
60.5222
58.0519
55.5818
53.1115
50.6413
48.171
45.7007
43.2305
40.7602
38.2899
35.8197
33.3494
30.8791
28.4088
25.9386
23.4683
20.998
18.5278
16.0574
13.5873
11.1167
8.64658
6.1757
3.7057
1.23494
93.0153
86.9122
85.1547
82.7734
80.2603
77.8131
75.3443
72.8724
70.4033
67.9327
65.4627
62.9924
60.5222
58.0519
55.5818
53.1115
50.6413
48.171
45.7007
43.2305
40.7602
38.2899
35.8197
33.3494
30.8791
28.4088
25.9386
23.4683
20.998
18.5278
16.0574
13.5873
11.1167
8.64658
6.1757
3.7057
1.23494
93.0145
86.9123
85.1547
82.7734
80.2603
77.8131
75.3443
72.8724
70.4033
67.9327
65.4627
62.9924
60.5222
58.0519
55.5818
53.1115
50.6413
48.171
45.7007
43.2305
40.7602
38.2899
35.8197
33.3494
30.8791
28.4088
25.9386
23.4683
20.998
18.5278
16.0574
13.5873
11.1167
8.64658
6.1757
3.7057
1.23494
93.0145
86.9123
85.1547
82.7734
80.2603
77.8131
75.3443
72.8724
70.4033
67.9327
65.4627
62.9924
60.5222
58.0519
55.5818
53.1115
50.6413
48.171
45.7007
43.2305
40.7602
38.2899
35.8197
33.3494
30.8791
28.4088
25.9386
23.4683
20.998
18.5278
16.0574
13.5873
11.1167
8.64658
6.1757
3.7057
1.23494
93.0153
86.9122
85.1547
82.7734
80.2603
77.8131
75.3443
72.8724
70.4033
67.9327
65.4627
62.9924
60.5222
58.0519
55.5818
53.1115
50.6413
48.171
45.7007
43.2305
40.7602
38.2899
35.8197
33.3494
30.8791
28.4088
25.9386
23.4683
20.998
18.5278
16.0574
13.5873
11.1167
8.64658
6.1757
3.7057
1.23494
93.0168
86.912
85.1547
82.7733
80.2603
77.8131
75.3443
72.8724
70.4033
67.9327
65.4627
62.9924
60.5222
58.0519
55.5818
53.1115
50.6413
48.171
45.7007
43.2305
40.7602
38.2899
35.8197
33.3494
30.8791
28.4088
25.9386
23.4683
20.998
18.5278
16.0574
13.5873
11.1167
8.64658
6.1757
3.7057
1.23494
93.0198
86.9119
85.1547
82.7733
80.2603
77.8131
75.3443
72.8724
70.4033
67.9327
65.4627
62.9924
60.5222
58.0519
55.5818
53.1115
50.6413
48.171
45.7007
43.2305
40.7602
38.2899
35.8197
33.3494
30.8791
28.4088
25.9386
23.4683
20.998
18.5278
16.0574
13.5873
11.1167
8.64658
6.1757
3.7057
1.23494
93.024
86.9122
85.1547
82.7733
80.2603
77.8131
75.3443
72.8724
70.4033
67.9327
65.4627
62.9924
60.5222
58.0519
55.5818
53.1115
50.6413
48.171
45.7007
43.2305
40.7602
38.2899
35.8197
33.3494
30.8791
28.4088
25.9386
23.4683
20.998
18.5278
16.0574
13.5873
11.1167
8.64658
6.1757
3.7057
1.23494
)
;

boundaryField
{
    inlet
    {
        type            zeroGradient;
    }
    outlet
    {
        type            fixedValue;
        value           uniform 0;
    }
    Walls
    {
        type            zeroGradient;
    }
}


// ************************************************************************* //
