/*--------------------------------*- C++ -*----------------------------------*\
  =========                 |
  \\      /  F ield         | OpenFOAM: The Open Source CFD Toolbox
   \\    /   O peration     | Website:  https://openfoam.org
    \\  /    A nd           | Version:  13
     \\/     M anipulation  |
\*---------------------------------------------------------------------------*/
FoamFile
{
    format      ascii;
    class       volScalarField;
    location    "29";
    object      p;
}
// * * * * * * * * * * * * * * * * * * * * * * * * * * * * * * * * * * * * * //

dimensions      [0 2 -2 0 0 0 0];

internalField   nonuniform List<scalar> 
3700
(
238.393
225.231
221.748
214.563
208.377
201.915
195.509
189.103
182.693
176.283
169.873
163.463
157.053
150.642
144.233
137.822
131.412
125.002
118.592
112.181
105.771
99.3605
92.9505
86.54
80.1299
73.7194
67.3093
60.8989
54.4886
48.0785
41.6677
35.258
28.8466
22.4373
16.0254
9.61645
3.20445
238.383
225.23
221.748
214.563
208.377
201.915
195.509
189.103
182.693
176.283
169.873
163.463
157.053
150.642
144.233
137.822
131.412
125.002
118.592
112.181
105.771
99.3605
92.9505
86.54
80.1299
73.7194
67.3093
60.8989
54.4886
48.0785
41.6677
35.258
28.8466
22.4373
16.0254
9.61645
3.20445
238.376
225.23
221.748
214.563
208.377
201.915
195.509
189.103
182.693
176.283
169.873
163.463
157.053
150.642
144.233
137.822
131.412
125.002
118.592
112.181
105.771
99.3605
92.9505
86.54
80.1299
73.7194
67.3093
60.8989
54.4886
48.0785
41.6677
35.258
28.8466
22.4373
16.0254
9.61645
3.20445
238.372
225.23
221.748
214.563
208.377
201.915
195.509
189.103
182.693
176.283
169.873
163.463
157.053
150.642
144.233
137.822
131.412
125.002
118.592
112.181
105.771
99.3605
92.9505
86.54
80.1299
73.7194
67.3093
60.8989
54.4886
48.0785
41.6677
35.258
28.8466
22.4373
16.0254
9.61645
3.20445
238.37
225.23
221.748
214.563
208.377
201.915
195.509
189.103
182.693
176.283
169.873
163.463
157.053
150.642
144.233
137.822
131.412
125.002
118.592
112.181
105.771
99.3605
92.9505
86.54
80.1299
73.7194
67.3093
60.8989
54.4886
48.0785
41.6677
35.258
28.8466
22.4373
16.0254
9.61645
3.20445
238.37
225.23
221.748
214.563
208.377
201.915
195.509
189.103
182.693
176.283
169.873
163.463
157.053
150.642
144.233
137.822
131.412
125.002
118.592
112.181
105.771
99.3605
92.9505
86.54
80.1299
73.7194
67.3093
60.8989
54.4886
48.0785
41.6677
35.258
28.8466
22.4373
16.0254
9.61645
3.20445
238.372
225.23
221.748
214.563
208.377
201.915
195.509
189.103
182.693
176.283
169.873
163.463
157.053
150.642
144.233
137.822
131.412
125.002
118.592
112.181
105.771
99.3605
92.9505
86.54
80.1299
73.7194
67.3093
60.8989
54.4886
48.0785
41.6677
35.258
28.8466
22.4373
16.0254
9.61645
3.20445
238.376
225.23
221.748
214.563
208.377
201.915
195.509
189.103
182.693
176.283
169.873
163.463
157.053
150.642
144.233
137.822
131.412
125.002
118.592
112.181
105.771
99.3605
92.9505
86.54
80.1299
73.7194
67.3093
60.8989
54.4886
48.0785
41.6677
35.258
28.8466
22.4373
16.0254
9.61645
3.20445
238.383
225.23
221.748
214.563
208.377
201.915
195.509
189.103
182.693
176.283
169.873
163.463
157.053
150.642
144.233
137.822
131.412
125.002
118.592
112.181
105.771
99.3605
92.9505
86.54
80.1299
73.7194
67.3093
60.8989
54.4886
48.0785
41.6677
35.258
28.8466
22.4373
16.0254
9.61645
3.20445
238.393
225.231
221.748
214.563
208.377
201.915
195.509
189.103
182.693
176.283
169.873
163.463
157.053
150.642
144.233
137.822
131.412
125.002
118.592
112.181
105.771
99.3605
92.9505
86.54
80.1299
73.7194
67.3093
60.8989
54.4886
48.0785
41.6677
35.258
28.8466
22.4373
16.0254
9.61645
3.20445
238.383
225.23
221.748
214.563
208.377
201.915
195.509
189.103
182.693
176.283
169.873
163.463
157.053
150.642
144.233
137.822
131.412
125.002
118.592
112.181
105.771
99.3605
92.9505
86.54
80.1299
73.7194
67.3093
60.8989
54.4886
48.0785
41.6677
35.258
28.8466
22.4373
16.0254
9.61645
3.20445
238.373
225.23
221.748
214.563
208.377
201.915
195.509
189.103
182.693
176.283
169.873
163.463
157.053
150.642
144.233
137.822
131.412
125.002
118.592
112.181
105.771
99.3605
92.9505
86.54
80.1299
73.7194
67.3093
60.8989
54.4886
48.0785
41.6677
35.258
28.8466
22.4373
16.0254
9.61645
3.20445
238.366
225.23
221.748
214.563
208.377
201.915
195.509
189.103
182.693
176.283
169.873
163.463
157.053
150.642
144.233
137.822
131.412
125.002
118.592
112.181
105.771
99.3605
92.9505
86.54
80.1299
73.7194
67.3093
60.8989
54.4886
48.0785
41.6677
35.258
28.8466
22.4373
16.0254
9.61645
3.20445
238.362
225.231
221.748
214.563
208.377
201.915
195.509
189.103
182.693
176.283
169.873
163.463
157.053
150.642
144.233
137.822
131.412
125.002
118.592
112.181
105.771
99.3605
92.9505
86.54
80.1299
73.7194
67.3093
60.8989
54.4886
48.0785
41.6677
35.258
28.8466
22.4373
16.0254
9.61645
3.20445
238.36
225.231
221.748
214.563
208.377
201.915
195.509
189.103
182.693
176.283
169.873
163.463
157.053
150.642
144.233
137.822
131.412
125.002
118.592
112.181
105.771
99.3605
92.9505
86.54
80.1299
73.7194
67.3093
60.8989
54.4886
48.0785
41.6677
35.258
28.8466
22.4373
16.0254
9.61645
3.20445
238.36
225.231
221.748
214.563
208.377
201.915
195.509
189.103
182.693
176.283
169.873
163.463
157.053
150.642
144.233
137.822
131.412
125.002
118.592
112.181
105.771
99.3605
92.9505
86.54
80.1299
73.7194
67.3093
60.8989
54.4886
48.0785
41.6677
35.258
28.8466
22.4373
16.0254
9.61645
3.20445
238.362
225.231
221.748
214.563
208.377
201.915
195.509
189.103
182.693
176.283
169.873
163.463
157.053
150.642
144.233
137.822
131.412
125.002
118.592
112.181
105.771
99.3605
92.9505
86.54
80.1299
73.7194
67.3093
60.8989
54.4886
48.0785
41.6677
35.258
28.8466
22.4373
16.0254
9.61645
3.20445
238.366
225.23
221.748
214.563
208.377
201.915
195.509
189.103
182.693
176.283
169.873
163.463
157.053
150.642
144.233
137.822
131.412
125.002
118.592
112.181
105.771
99.3605
92.9505
86.54
80.1299
73.7194
67.3093
60.8989
54.4886
48.0785
41.6677
35.258
28.8466
22.4373
16.0254
9.61645
3.20445
238.373
225.23
221.748
214.563
208.377
201.915
195.509
189.103
182.693
176.283
169.873
163.463
157.053
150.642
144.233
137.822
131.412
125.002
118.592
112.181
105.771
99.3605
92.9505
86.54
80.1299
73.7194
67.3093
60.8989
54.4886
48.0785
41.6677
35.258
28.8466
22.4373
16.0254
9.61645
3.20445
238.383
225.23
221.748
214.563
208.377
201.915
195.509
189.103
182.693
176.283
169.873
163.463
157.053
150.642
144.233
137.822
131.412
125.002
118.592
112.181
105.771
99.3605
92.9505
86.54
80.1299
73.7194
67.3093
60.8989
54.4886
48.0785
41.6677
35.258
28.8466
22.4373
16.0254
9.61645
3.20445
238.376
225.23
221.748
214.563
208.377
201.915
195.509
189.103
182.693
176.283
169.873
163.463
157.053
150.642
144.233
137.822
131.412
125.002
118.592
112.181
105.771
99.3605
92.9505
86.54
80.1299
73.7194
67.3093
60.8989
54.4886
48.0785
41.6677
35.258
28.8466
22.4373
16.0254
9.61645
3.20445
238.366
225.23
221.748
214.563
208.377
201.915
195.509
189.103
182.693
176.283
169.873
163.463
157.053
150.642
144.233
137.822
131.412
125.002
118.592
112.181
105.771
99.3605
92.9505
86.54
80.1299
73.7194
67.3093
60.8989
54.4886
48.0785
41.6677
35.258
28.8466
22.4373
16.0254
9.61645
3.20445
238.359
225.231
221.748
214.563
208.377
201.915
195.509
189.103
182.693
176.283
169.873
163.463
157.053
150.642
144.233
137.822
131.412
125.002
118.592
112.181
105.771
99.3605
92.9505
86.54
80.1299
73.7194
67.3093
60.8989
54.4886
48.0785
41.6677
35.258
28.8466
22.4373
16.0254
9.61645
3.20445
238.355
225.232
221.748
214.563
208.377
201.915
195.509
189.103
182.693
176.283
169.873
163.463
157.053
150.642
144.233
137.822
131.412
125.002
118.592
112.181
105.771
99.3605
92.9505
86.54
80.1299
73.7194
67.3093
60.8989
54.4886
48.0785
41.6677
35.258
28.8466
22.4373
16.0254
9.61645
3.20445
238.354
225.232
221.748
214.563
208.377
201.915
195.509
189.103
182.693
176.283
169.873
163.463
157.053
150.642
144.233
137.822
131.412
125.002
118.592
112.181
105.771
99.3605
92.9505
86.54
80.1299
73.7194
67.3093
60.8989
54.4886
48.0785
41.6677
35.258
28.8466
22.4373
16.0254
9.61645
3.20445
238.354
225.232
221.748
214.563
208.377
201.915
195.509
189.103
182.693
176.283
169.873
163.463
157.053
150.642
144.233
137.822
131.412
125.002
118.592
112.181
105.771
99.3605
92.9505
86.54
80.1299
73.7194
67.3093
60.8989
54.4886
48.0785
41.6677
35.258
28.8466
22.4373
16.0254
9.61645
3.20445
238.355
225.232
221.748
214.563
208.377
201.915
195.509
189.103
182.693
176.283
169.873
163.463
157.053
150.642
144.233
137.822
131.412
125.002
118.592
112.181
105.771
99.3605
92.9505
86.54
80.1299
73.7194
67.3093
60.8989
54.4886
48.0785
41.6677
35.258
28.8466
22.4373
16.0254
9.61645
3.20445
238.359
225.231
221.748
214.563
208.377
201.915
195.509
189.103
182.693
176.283
169.873
163.463
157.053
150.642
144.233
137.822
131.412
125.002
118.592
112.181
105.771
99.3605
92.9505
86.54
80.1299
73.7194
67.3093
60.8989
54.4886
48.0785
41.6677
35.258
28.8466
22.4373
16.0254
9.61645
3.20445
238.366
225.23
221.748
214.563
208.377
201.915
195.509
189.103
182.693
176.283
169.873
163.463
157.053
150.642
144.233
137.822
131.412
125.002
118.592
112.181
105.771
99.3605
92.9505
86.54
80.1299
73.7194
67.3093
60.8989
54.4886
48.0785
41.6677
35.258
28.8466
22.4373
16.0254
9.61645
3.20445
238.376
225.23
221.748
214.563
208.377
201.915
195.509
189.103
182.693
176.283
169.873
163.463
157.053
150.642
144.233
137.822
131.412
125.002
118.592
112.181
105.771
99.3605
92.9505
86.54
80.1299
73.7194
67.3093
60.8989
54.4886
48.0785
41.6677
35.258
28.8466
22.4373
16.0254
9.61645
3.20445
238.372
225.23
221.748
214.563
208.377
201.915
195.509
189.103
182.693
176.283
169.873
163.463
157.053
150.642
144.233
137.822
131.412
125.002
118.592
112.181
105.771
99.3605
92.9505
86.54
80.1299
73.7194
67.3093
60.8989
54.4886
48.0785
41.6677
35.258
28.8466
22.4373
16.0254
9.61645
3.20445
238.362
225.231
221.748
214.563
208.377
201.915
195.509
189.103
182.693
176.283
169.873
163.463
157.053
150.642
144.233
137.822
131.412
125.002
118.592
112.181
105.771
99.3605
92.9505
86.54
80.1299
73.7194
67.3093
60.8989
54.4886
48.0785
41.6677
35.258
28.8466
22.4373
16.0254
9.61645
3.20445
238.355
225.232
221.748
214.563
208.377
201.915
195.509
189.103
182.693
176.283
169.873
163.463
157.053
150.642
144.233
137.822
131.412
125.002
118.592
112.181
105.771
99.3605
92.9505
86.54
80.1299
73.7194
67.3093
60.8989
54.4886
48.0785
41.6677
35.258
28.8466
22.4373
16.0254
9.61645
3.20445
238.351
225.233
221.749
214.563
208.377
201.915
195.509
189.103
182.693
176.283
169.873
163.463
157.053
150.642
144.233
137.822
131.412
125.002
118.592
112.181
105.771
99.3605
92.9505
86.54
80.1299
73.7194
67.3093
60.8989
54.4886
48.0785
41.6677
35.258
28.8466
22.4373
16.0254
9.61645
3.20445
238.35
225.233
221.749
214.563
208.377
201.915
195.509
189.103
182.693
176.283
169.873
163.463
157.053
150.642
144.233
137.822
131.412
125.002
118.592
112.181
105.771
99.3605
92.9505
86.54
80.1299
73.7194
67.3093
60.8989
54.4886
48.0785
41.6677
35.258
28.8466
22.4373
16.0254
9.61645
3.20445
238.35
225.233
221.749
214.563
208.377
201.915
195.509
189.103
182.693
176.283
169.873
163.463
157.053
150.642
144.233
137.822
131.412
125.002
118.592
112.181
105.771
99.3605
92.9505
86.54
80.1299
73.7194
67.3093
60.8989
54.4886
48.0785
41.6677
35.258
28.8466
22.4373
16.0254
9.61645
3.20445
238.351
225.233
221.749
214.563
208.377
201.915
195.509
189.103
182.693
176.283
169.873
163.463
157.053
150.642
144.233
137.822
131.412
125.002
118.592
112.181
105.771
99.3605
92.9505
86.54
80.1299
73.7194
67.3093
60.8989
54.4886
48.0785
41.6677
35.258
28.8466
22.4373
16.0254
9.61645
3.20445
238.355
225.232
221.748
214.563
208.377
201.915
195.509
189.103
182.693
176.283
169.873
163.463
157.053
150.642
144.233
137.822
131.412
125.002
118.592
112.181
105.771
99.3605
92.9505
86.54
80.1299
73.7194
67.3093
60.8989
54.4886
48.0785
41.6677
35.258
28.8466
22.4373
16.0254
9.61645
3.20445
238.362
225.231
221.748
214.563
208.377
201.915
195.509
189.103
182.693
176.283
169.873
163.463
157.053
150.642
144.233
137.822
131.412
125.002
118.592
112.181
105.771
99.3605
92.9505
86.54
80.1299
73.7194
67.3093
60.8989
54.4886
48.0785
41.6677
35.258
28.8466
22.4373
16.0254
9.61645
3.20445
238.372
225.23
221.748
214.563
208.377
201.915
195.509
189.103
182.693
176.283
169.873
163.463
157.053
150.642
144.233
137.822
131.412
125.002
118.592
112.181
105.771
99.3605
92.9505
86.54
80.1299
73.7194
67.3093
60.8989
54.4886
48.0785
41.6677
35.258
28.8466
22.4373
16.0254
9.61645
3.20445
238.37
225.23
221.748
214.563
208.377
201.915
195.509
189.103
182.693
176.283
169.873
163.463
157.053
150.642
144.233
137.822
131.412
125.002
118.592
112.181
105.771
99.3605
92.9505
86.54
80.1299
73.7194
67.3093
60.8989
54.4886
48.0785
41.6677
35.258
28.8466
22.4373
16.0254
9.61645
3.20445
238.36
225.231
221.748
214.563
208.377
201.915
195.509
189.103
182.693
176.283
169.873
163.463
157.053
150.642
144.233
137.822
131.412
125.002
118.592
112.181
105.771
99.3605
92.9505
86.54
80.1299
73.7194
67.3093
60.8989
54.4886
48.0785
41.6677
35.258
28.8466
22.4373
16.0254
9.61645
3.20445
238.354
225.232
221.748
214.563
208.377
201.915
195.509
189.103
182.693
176.283
169.873
163.463
157.053
150.642
144.233
137.822
131.412
125.002
118.592
112.181
105.771
99.3605
92.9505
86.54
80.1299
73.7194
67.3093
60.8989
54.4886
48.0785
41.6677
35.258
28.8466
22.4373
16.0254
9.61645
3.20445
238.35
225.233
221.749
214.563
208.377
201.915
195.509
189.103
182.693
176.283
169.873
163.463
157.053
150.642
144.233
137.822
131.412
125.002
118.592
112.181
105.771
99.3605
92.9505
86.54
80.1299
73.7194
67.3093
60.8989
54.4886
48.0785
41.6677
35.258
28.8466
22.4373
16.0254
9.61645
3.20445
238.348
225.234
221.749
214.563
208.377
201.915
195.509
189.103
182.693
176.283
169.873
163.463
157.053
150.642
144.233
137.822
131.412
125.002
118.592
112.181
105.771
99.3605
92.9505
86.54
80.1299
73.7194
67.3093
60.8989
54.4886
48.0785
41.6677
35.258
28.8466
22.4373
16.0254
9.61645
3.20445
238.348
225.234
221.749
214.563
208.377
201.915
195.509
189.103
182.693
176.283
169.873
163.463
157.053
150.642
144.233
137.822
131.412
125.002
118.592
112.181
105.771
99.3605
92.9505
86.54
80.1299
73.7194
67.3093
60.8989
54.4886
48.0785
41.6677
35.258
28.8466
22.4373
16.0254
9.61645
3.20445
238.35
225.233
221.749
214.563
208.377
201.915
195.509
189.103
182.693
176.283
169.873
163.463
157.053
150.642
144.233
137.822
131.412
125.002
118.592
112.181
105.771
99.3605
92.9505
86.54
80.1299
73.7194
67.3093
60.8989
54.4886
48.0785
41.6677
35.258
28.8466
22.4373
16.0254
9.61645
3.20445
238.354
225.232
221.748
214.563
208.377
201.915
195.509
189.103
182.693
176.283
169.873
163.463
157.053
150.642
144.233
137.822
131.412
125.002
118.592
112.181
105.771
99.3605
92.9505
86.54
80.1299
73.7194
67.3093
60.8989
54.4886
48.0785
41.6677
35.258
28.8466
22.4373
16.0254
9.61645
3.20445
238.36
225.231
221.748
214.563
208.377
201.915
195.509
189.103
182.693
176.283
169.873
163.463
157.053
150.642
144.233
137.822
131.412
125.002
118.592
112.181
105.771
99.3605
92.9505
86.54
80.1299
73.7194
67.3093
60.8989
54.4886
48.0785
41.6677
35.258
28.8466
22.4373
16.0254
9.61645
3.20445
238.37
225.23
221.748
214.563
208.377
201.915
195.509
189.103
182.693
176.283
169.873
163.463
157.053
150.642
144.233
137.822
131.412
125.002
118.592
112.181
105.771
99.3605
92.9505
86.54
80.1299
73.7194
67.3093
60.8989
54.4886
48.0785
41.6677
35.258
28.8466
22.4373
16.0254
9.61645
3.20445
238.37
225.23
221.748
214.563
208.377
201.915
195.509
189.103
182.693
176.283
169.873
163.463
157.053
150.642
144.233
137.822
131.412
125.002
118.592
112.181
105.771
99.3605
92.9505
86.54
80.1299
73.7194
67.3093
60.8989
54.4886
48.0785
41.6677
35.258
28.8466
22.4373
16.0254
9.61645
3.20445
238.36
225.231
221.748
214.563
208.377
201.915
195.509
189.103
182.693
176.283
169.873
163.463
157.053
150.642
144.233
137.822
131.412
125.002
118.592
112.181
105.771
99.3605
92.9505
86.54
80.1299
73.7194
67.3093
60.8989
54.4886
48.0785
41.6677
35.258
28.8466
22.4373
16.0254
9.61645
3.20445
238.354
225.232
221.748
214.563
208.377
201.915
195.509
189.103
182.693
176.283
169.873
163.463
157.053
150.642
144.233
137.822
131.412
125.002
118.592
112.181
105.771
99.3605
92.9505
86.54
80.1299
73.7194
67.3093
60.8989
54.4886
48.0785
41.6677
35.258
28.8466
22.4373
16.0254
9.61645
3.20445
238.35
225.233
221.749
214.563
208.377
201.915
195.509
189.103
182.693
176.283
169.873
163.463
157.053
150.642
144.233
137.822
131.412
125.002
118.592
112.181
105.771
99.3605
92.9505
86.54
80.1299
73.7194
67.3093
60.8989
54.4886
48.0785
41.6677
35.258
28.8466
22.4373
16.0254
9.61645
3.20445
238.348
225.234
221.749
214.563
208.377
201.915
195.509
189.103
182.693
176.283
169.873
163.463
157.053
150.642
144.233
137.822
131.412
125.002
118.592
112.181
105.771
99.3605
92.9505
86.54
80.1299
73.7194
67.3093
60.8989
54.4886
48.0785
41.6677
35.258
28.8466
22.4373
16.0254
9.61645
3.20445
238.348
225.234
221.749
214.563
208.377
201.915
195.509
189.103
182.693
176.283
169.873
163.463
157.053
150.642
144.233
137.822
131.412
125.002
118.592
112.181
105.771
99.3605
92.9505
86.54
80.1299
73.7194
67.3093
60.8989
54.4886
48.0785
41.6677
35.258
28.8466
22.4373
16.0254
9.61645
3.20445
238.35
225.233
221.749
214.563
208.377
201.915
195.509
189.103
182.693
176.283
169.873
163.463
157.053
150.642
144.233
137.822
131.412
125.002
118.592
112.181
105.771
99.3605
92.9505
86.54
80.1299
73.7194
67.3093
60.8989
54.4886
48.0785
41.6677
35.258
28.8466
22.4373
16.0254
9.61645
3.20445
238.354
225.232
221.748
214.563
208.377
201.915
195.509
189.103
182.693
176.283
169.873
163.463
157.053
150.642
144.233
137.822
131.412
125.002
118.592
112.181
105.771
99.3605
92.9505
86.54
80.1299
73.7194
67.3093
60.8989
54.4886
48.0785
41.6677
35.258
28.8466
22.4373
16.0254
9.61645
3.20445
238.36
225.231
221.748
214.563
208.377
201.915
195.509
189.103
182.693
176.283
169.873
163.463
157.053
150.642
144.233
137.822
131.412
125.002
118.592
112.181
105.771
99.3605
92.9505
86.54
80.1299
73.7194
67.3093
60.8989
54.4886
48.0785
41.6677
35.258
28.8466
22.4373
16.0254
9.61645
3.20445
238.37
225.23
221.748
214.563
208.377
201.915
195.509
189.103
182.693
176.283
169.873
163.463
157.053
150.642
144.233
137.822
131.412
125.002
118.592
112.181
105.771
99.3605
92.9505
86.54
80.1299
73.7194
67.3093
60.8989
54.4886
48.0785
41.6677
35.258
28.8466
22.4373
16.0254
9.61645
3.20445
238.372
225.23
221.748
214.563
208.377
201.915
195.509
189.103
182.693
176.283
169.873
163.463
157.053
150.642
144.233
137.822
131.412
125.002
118.592
112.181
105.771
99.3605
92.9505
86.54
80.1299
73.7194
67.3093
60.8989
54.4886
48.0785
41.6677
35.258
28.8466
22.4373
16.0254
9.61645
3.20445
238.362
225.231
221.748
214.563
208.377
201.915
195.509
189.103
182.693
176.283
169.873
163.463
157.053
150.642
144.233
137.822
131.412
125.002
118.592
112.181
105.771
99.3605
92.9505
86.54
80.1299
73.7194
67.3093
60.8989
54.4886
48.0785
41.6677
35.258
28.8466
22.4373
16.0254
9.61645
3.20445
238.355
225.232
221.748
214.563
208.377
201.915
195.509
189.103
182.693
176.283
169.873
163.463
157.053
150.642
144.233
137.822
131.412
125.002
118.592
112.181
105.771
99.3605
92.9505
86.54
80.1299
73.7194
67.3093
60.8989
54.4886
48.0785
41.6677
35.258
28.8466
22.4373
16.0254
9.61645
3.20445
238.351
225.233
221.749
214.563
208.377
201.915
195.509
189.103
182.693
176.283
169.873
163.463
157.053
150.642
144.233
137.822
131.412
125.002
118.592
112.181
105.771
99.3605
92.9505
86.54
80.1299
73.7194
67.3093
60.8989
54.4886
48.0785
41.6677
35.258
28.8466
22.4373
16.0254
9.61645
3.20445
238.35
225.233
221.749
214.563
208.377
201.915
195.509
189.103
182.693
176.283
169.873
163.463
157.053
150.642
144.233
137.822
131.412
125.002
118.592
112.181
105.771
99.3605
92.9505
86.54
80.1299
73.7194
67.3093
60.8989
54.4886
48.0785
41.6677
35.258
28.8466
22.4373
16.0254
9.61645
3.20445
238.35
225.233
221.749
214.563
208.377
201.915
195.509
189.103
182.693
176.283
169.873
163.463
157.053
150.642
144.233
137.822
131.412
125.002
118.592
112.181
105.771
99.3605
92.9505
86.54
80.1299
73.7194
67.3093
60.8989
54.4886
48.0785
41.6677
35.258
28.8466
22.4373
16.0254
9.61645
3.20445
238.351
225.233
221.749
214.563
208.377
201.915
195.509
189.103
182.693
176.283
169.873
163.463
157.053
150.642
144.233
137.822
131.412
125.002
118.592
112.181
105.771
99.3605
92.9505
86.54
80.1299
73.7194
67.3093
60.8989
54.4886
48.0785
41.6677
35.258
28.8466
22.4373
16.0254
9.61645
3.20445
238.355
225.232
221.748
214.563
208.377
201.915
195.509
189.103
182.693
176.283
169.873
163.463
157.053
150.642
144.233
137.822
131.412
125.002
118.592
112.181
105.771
99.3605
92.9505
86.54
80.1299
73.7194
67.3093
60.8989
54.4886
48.0785
41.6677
35.258
28.8466
22.4373
16.0254
9.61645
3.20445
238.362
225.231
221.748
214.563
208.377
201.915
195.509
189.103
182.693
176.283
169.873
163.463
157.053
150.642
144.233
137.822
131.412
125.002
118.592
112.181
105.771
99.3605
92.9505
86.54
80.1299
73.7194
67.3093
60.8989
54.4886
48.0785
41.6677
35.258
28.8466
22.4373
16.0254
9.61645
3.20445
238.372
225.23
221.748
214.563
208.377
201.915
195.509
189.103
182.693
176.283
169.873
163.463
157.053
150.642
144.233
137.822
131.412
125.002
118.592
112.181
105.771
99.3605
92.9505
86.54
80.1299
73.7194
67.3093
60.8989
54.4886
48.0785
41.6677
35.258
28.8466
22.4373
16.0254
9.61645
3.20445
238.376
225.23
221.748
214.563
208.377
201.915
195.509
189.103
182.693
176.283
169.873
163.463
157.053
150.642
144.233
137.822
131.412
125.002
118.592
112.181
105.771
99.3605
92.9505
86.54
80.1299
73.7194
67.3093
60.8989
54.4886
48.0785
41.6677
35.258
28.8466
22.4373
16.0254
9.61645
3.20445
238.366
225.23
221.748
214.563
208.377
201.915
195.509
189.103
182.693
176.283
169.873
163.463
157.053
150.642
144.233
137.822
131.412
125.002
118.592
112.181
105.771
99.3605
92.9505
86.54
80.1299
73.7194
67.3093
60.8989
54.4886
48.0785
41.6677
35.258
28.8466
22.4373
16.0254
9.61645
3.20445
238.359
225.231
221.748
214.563
208.377
201.915
195.509
189.103
182.693
176.283
169.873
163.463
157.053
150.642
144.233
137.822
131.412
125.002
118.592
112.181
105.771
99.3605
92.9505
86.54
80.1299
73.7194
67.3093
60.8989
54.4886
48.0785
41.6677
35.258
28.8466
22.4373
16.0254
9.61645
3.20445
238.355
225.232
221.748
214.563
208.377
201.915
195.509
189.103
182.693
176.283
169.873
163.463
157.053
150.642
144.233
137.822
131.412
125.002
118.592
112.181
105.771
99.3605
92.9505
86.54
80.1299
73.7194
67.3093
60.8989
54.4886
48.0785
41.6677
35.258
28.8466
22.4373
16.0254
9.61645
3.20445
238.354
225.232
221.748
214.563
208.377
201.915
195.509
189.103
182.693
176.283
169.873
163.463
157.053
150.642
144.233
137.822
131.412
125.002
118.592
112.181
105.771
99.3605
92.9505
86.54
80.1299
73.7194
67.3093
60.8989
54.4886
48.0785
41.6677
35.258
28.8466
22.4373
16.0254
9.61645
3.20445
238.354
225.232
221.748
214.563
208.377
201.915
195.509
189.103
182.693
176.283
169.873
163.463
157.053
150.642
144.233
137.822
131.412
125.002
118.592
112.181
105.771
99.3605
92.9505
86.54
80.1299
73.7194
67.3093
60.8989
54.4886
48.0785
41.6677
35.258
28.8466
22.4373
16.0254
9.61645
3.20445
238.355
225.232
221.748
214.563
208.377
201.915
195.509
189.103
182.693
176.283
169.873
163.463
157.053
150.642
144.233
137.822
131.412
125.002
118.592
112.181
105.771
99.3605
92.9505
86.54
80.1299
73.7194
67.3093
60.8989
54.4886
48.0785
41.6677
35.258
28.8466
22.4373
16.0254
9.61645
3.20445
238.359
225.231
221.748
214.563
208.377
201.915
195.509
189.103
182.693
176.283
169.873
163.463
157.053
150.642
144.233
137.822
131.412
125.002
118.592
112.181
105.771
99.3605
92.9505
86.54
80.1299
73.7194
67.3093
60.8989
54.4886
48.0785
41.6677
35.258
28.8466
22.4373
16.0254
9.61645
3.20445
238.366
225.23
221.748
214.563
208.377
201.915
195.509
189.103
182.693
176.283
169.873
163.463
157.053
150.642
144.233
137.822
131.412
125.002
118.592
112.181
105.771
99.3605
92.9505
86.54
80.1299
73.7194
67.3093
60.8989
54.4886
48.0785
41.6677
35.258
28.8466
22.4373
16.0254
9.61645
3.20445
238.376
225.23
221.748
214.563
208.377
201.915
195.509
189.103
182.693
176.283
169.873
163.463
157.053
150.642
144.233
137.822
131.412
125.002
118.592
112.181
105.771
99.3605
92.9505
86.54
80.1299
73.7194
67.3093
60.8989
54.4886
48.0785
41.6677
35.258
28.8466
22.4373
16.0254
9.61645
3.20445
238.383
225.23
221.748
214.563
208.377
201.915
195.509
189.103
182.693
176.283
169.873
163.463
157.053
150.642
144.233
137.822
131.412
125.002
118.592
112.181
105.771
99.3605
92.9505
86.54
80.1299
73.7194
67.3093
60.8989
54.4886
48.0785
41.6677
35.258
28.8466
22.4373
16.0254
9.61645
3.20445
238.373
225.23
221.748
214.563
208.377
201.915
195.509
189.103
182.693
176.283
169.873
163.463
157.053
150.642
144.233
137.822
131.412
125.002
118.592
112.181
105.771
99.3605
92.9505
86.54
80.1299
73.7194
67.3093
60.8989
54.4886
48.0785
41.6677
35.258
28.8466
22.4373
16.0254
9.61645
3.20445
238.366
225.23
221.748
214.563
208.377
201.915
195.509
189.103
182.693
176.283
169.873
163.463
157.053
150.642
144.233
137.822
131.412
125.002
118.592
112.181
105.771
99.3605
92.9505
86.54
80.1299
73.7194
67.3093
60.8989
54.4886
48.0785
41.6677
35.258
28.8466
22.4373
16.0254
9.61645
3.20445
238.362
225.231
221.748
214.563
208.377
201.915
195.509
189.103
182.693
176.283
169.873
163.463
157.053
150.642
144.233
137.822
131.412
125.002
118.592
112.181
105.771
99.3605
92.9505
86.54
80.1299
73.7194
67.3093
60.8989
54.4886
48.0785
41.6677
35.258
28.8466
22.4373
16.0254
9.61645
3.20445
238.36
225.231
221.748
214.563
208.377
201.915
195.509
189.103
182.693
176.283
169.873
163.463
157.053
150.642
144.233
137.822
131.412
125.002
118.592
112.181
105.771
99.3605
92.9505
86.54
80.1299
73.7194
67.3093
60.8989
54.4886
48.0785
41.6677
35.258
28.8466
22.4373
16.0254
9.61645
3.20445
238.36
225.231
221.748
214.563
208.377
201.915
195.509
189.103
182.693
176.283
169.873
163.463
157.053
150.642
144.233
137.822
131.412
125.002
118.592
112.181
105.771
99.3605
92.9505
86.54
80.1299
73.7194
67.3093
60.8989
54.4886
48.0785
41.6677
35.258
28.8466
22.4373
16.0254
9.61645
3.20445
238.362
225.231
221.748
214.563
208.377
201.915
195.509
189.103
182.693
176.283
169.873
163.463
157.053
150.642
144.233
137.822
131.412
125.002
118.592
112.181
105.771
99.3605
92.9505
86.54
80.1299
73.7194
67.3093
60.8989
54.4886
48.0785
41.6677
35.258
28.8466
22.4373
16.0254
9.61645
3.20445
238.366
225.23
221.748
214.563
208.377
201.915
195.509
189.103
182.693
176.283
169.873
163.463
157.053
150.642
144.233
137.822
131.412
125.002
118.592
112.181
105.771
99.3605
92.9505
86.54
80.1299
73.7194
67.3093
60.8989
54.4886
48.0785
41.6677
35.258
28.8466
22.4373
16.0254
9.61645
3.20445
238.373
225.23
221.748
214.563
208.377
201.915
195.509
189.103
182.693
176.283
169.873
163.463
157.053
150.642
144.233
137.822
131.412
125.002
118.592
112.181
105.771
99.3605
92.9505
86.54
80.1299
73.7194
67.3093
60.8989
54.4886
48.0785
41.6677
35.258
28.8466
22.4373
16.0254
9.61645
3.20445
238.383
225.23
221.748
214.563
208.377
201.915
195.509
189.103
182.693
176.283
169.873
163.463
157.053
150.642
144.233
137.822
131.412
125.002
118.592
112.181
105.771
99.3605
92.9505
86.54
80.1299
73.7194
67.3093
60.8989
54.4886
48.0785
41.6677
35.258
28.8466
22.4373
16.0254
9.61645
3.20445
238.393
225.231
221.748
214.563
208.377
201.915
195.509
189.103
182.693
176.283
169.873
163.463
157.053
150.642
144.233
137.822
131.412
125.002
118.592
112.181
105.771
99.3605
92.9505
86.54
80.1299
73.7194
67.3093
60.8989
54.4886
48.0785
41.6677
35.258
28.8466
22.4373
16.0254
9.61645
3.20445
238.383
225.23
221.748
214.563
208.377
201.915
195.509
189.103
182.693
176.283
169.873
163.463
157.053
150.642
144.233
137.822
131.412
125.002
118.592
112.181
105.771
99.3605
92.9505
86.54
80.1299
73.7194
67.3093
60.8989
54.4886
48.0785
41.6677
35.258
28.8466
22.4373
16.0254
9.61645
3.20445
238.376
225.23
221.748
214.563
208.377
201.915
195.509
189.103
182.693
176.283
169.873
163.463
157.053
150.642
144.233
137.822
131.412
125.002
118.592
112.181
105.771
99.3605
92.9505
86.54
80.1299
73.7194
67.3093
60.8989
54.4886
48.0785
41.6677
35.258
28.8466
22.4373
16.0254
9.61645
3.20445
238.372
225.23
221.748
214.563
208.377
201.915
195.509
189.103
182.693
176.283
169.873
163.463
157.053
150.642
144.233
137.822
131.412
125.002
118.592
112.181
105.771
99.3605
92.9505
86.54
80.1299
73.7194
67.3093
60.8989
54.4886
48.0785
41.6677
35.258
28.8466
22.4373
16.0254
9.61645
3.20445
238.37
225.23
221.748
214.563
208.377
201.915
195.509
189.103
182.693
176.283
169.873
163.463
157.053
150.642
144.233
137.822
131.412
125.002
118.592
112.181
105.771
99.3605
92.9505
86.54
80.1299
73.7194
67.3093
60.8989
54.4886
48.0785
41.6677
35.258
28.8466
22.4373
16.0254
9.61645
3.20445
238.37
225.23
221.748
214.563
208.377
201.915
195.509
189.103
182.693
176.283
169.873
163.463
157.053
150.642
144.233
137.822
131.412
125.002
118.592
112.181
105.771
99.3605
92.9505
86.54
80.1299
73.7194
67.3093
60.8989
54.4886
48.0785
41.6677
35.258
28.8466
22.4373
16.0254
9.61645
3.20445
238.372
225.23
221.748
214.563
208.377
201.915
195.509
189.103
182.693
176.283
169.873
163.463
157.053
150.642
144.233
137.822
131.412
125.002
118.592
112.181
105.771
99.3605
92.9505
86.54
80.1299
73.7194
67.3093
60.8989
54.4886
48.0785
41.6677
35.258
28.8466
22.4373
16.0254
9.61645
3.20445
238.376
225.23
221.748
214.563
208.377
201.915
195.509
189.103
182.693
176.283
169.873
163.463
157.053
150.642
144.233
137.822
131.412
125.002
118.592
112.181
105.771
99.3605
92.9505
86.54
80.1299
73.7194
67.3093
60.8989
54.4886
48.0785
41.6677
35.258
28.8466
22.4373
16.0254
9.61645
3.20445
238.383
225.23
221.748
214.563
208.377
201.915
195.509
189.103
182.693
176.283
169.873
163.463
157.053
150.642
144.233
137.822
131.412
125.002
118.592
112.181
105.771
99.3605
92.9505
86.54
80.1299
73.7194
67.3093
60.8989
54.4886
48.0785
41.6677
35.258
28.8466
22.4373
16.0254
9.61645
3.20445
238.393
225.231
221.748
214.563
208.377
201.915
195.509
189.103
182.693
176.283
169.873
163.463
157.053
150.642
144.233
137.822
131.412
125.002
118.592
112.181
105.771
99.3605
92.9505
86.54
80.1299
73.7194
67.3093
60.8989
54.4886
48.0785
41.6677
35.258
28.8466
22.4373
16.0254
9.61645
3.20445
)
;

boundaryField
{
    inlet
    {
        type            zeroGradient;
    }
    outlet
    {
        type            fixedValue;
        value           uniform 0;
    }
    Walls
    {
        type            zeroGradient;
    }
}


// ************************************************************************* //
