/*--------------------------------*- C++ -*----------------------------------*\
  =========                 |
  \\      /  F ield         | OpenFOAM: The Open Source CFD Toolbox
   \\    /   O peration     | Website:  https://openfoam.org
    \\  /    A nd           | Version:  13
     \\/     M anipulation  |
\*---------------------------------------------------------------------------*/
FoamFile
{
    format      ascii;
    class       volScalarField;
    location    "33";
    object      p;
}
// * * * * * * * * * * * * * * * * * * * * * * * * * * * * * * * * * * * * * //

dimensions      [0 2 -2 0 0 0 0];

internalField   nonuniform List<scalar> 
1372
(
0.876514
0.828797
0.805391
0.769945
0.740411
0.70798
0.676963
0.645261
0.613887
0.582358
0.550901
0.519411
0.487937
0.456454
0.424977
0.393495
0.362018
0.330535
0.299058
0.267576
0.236099
0.204617
0.17314
0.141658
0.11018
0.0786986
0.0472208
0.015739
0.876485
0.828795
0.805391
0.769945
0.740411
0.70798
0.676963
0.645261
0.613887
0.582358
0.550901
0.519411
0.487937
0.456454
0.424977
0.393495
0.362018
0.330535
0.299058
0.267576
0.236099
0.204617
0.17314
0.141658
0.11018
0.0786986
0.0472208
0.015739
0.876469
0.828794
0.805392
0.769945
0.740412
0.70798
0.676963
0.645261
0.613887
0.582358
0.550901
0.519411
0.487937
0.456454
0.424977
0.393495
0.362018
0.330535
0.299058
0.267576
0.236099
0.204617
0.17314
0.141658
0.11018
0.0786986
0.0472208
0.015739
0.876464
0.828794
0.805392
0.769945
0.740412
0.70798
0.676963
0.645261
0.613887
0.582358
0.550901
0.519411
0.487937
0.456454
0.424977
0.393495
0.362018
0.330535
0.299058
0.267576
0.236099
0.204617
0.17314
0.141658
0.11018
0.0786986
0.0472208
0.015739
0.876469
0.828794
0.805392
0.769945
0.740412
0.70798
0.676963
0.645261
0.613887
0.582358
0.550901
0.519411
0.487937
0.456454
0.424977
0.393495
0.362018
0.330535
0.299058
0.267576
0.236099
0.204617
0.17314
0.141658
0.11018
0.0786986
0.0472208
0.015739
0.876485
0.828795
0.805391
0.769945
0.740411
0.70798
0.676963
0.645261
0.613887
0.582358
0.550901
0.519411
0.487937
0.456454
0.424977
0.393495
0.362018
0.330535
0.299058
0.267576
0.236099
0.204617
0.17314
0.141658
0.11018
0.0786986
0.0472208
0.015739
0.876514
0.828797
0.805391
0.769945
0.740411
0.70798
0.676963
0.645261
0.613887
0.582358
0.550901
0.519411
0.487937
0.456454
0.424977
0.393495
0.362018
0.330535
0.299058
0.267576
0.236099
0.204617
0.17314
0.141658
0.11018
0.0786986
0.0472208
0.015739
0.876485
0.828795
0.805391
0.769945
0.740411
0.70798
0.676963
0.645261
0.613887
0.582358
0.550901
0.519411
0.487937
0.456454
0.424977
0.393495
0.362018
0.330535
0.299058
0.267576
0.236099
0.204617
0.17314
0.141658
0.11018
0.0786986
0.0472208
0.015739
0.876457
0.828795
0.805391
0.769945
0.740411
0.70798
0.676963
0.645261
0.613887
0.582358
0.550901
0.519411
0.487937
0.456454
0.424977
0.393495
0.362018
0.330535
0.299058
0.267576
0.236099
0.204617
0.17314
0.141658
0.11018
0.0786986
0.0472208
0.015739
0.876439
0.828794
0.805392
0.769945
0.740412
0.70798
0.676963
0.645261
0.613887
0.582358
0.550901
0.519411
0.487937
0.456454
0.424977
0.393495
0.362018
0.330535
0.299058
0.267576
0.236099
0.204617
0.17314
0.141658
0.11018
0.0786986
0.0472208
0.015739
0.876434
0.828793
0.805392
0.769945
0.740412
0.70798
0.676963
0.645261
0.613887
0.582358
0.550901
0.519411
0.487937
0.456454
0.424977
0.393495
0.362018
0.330535
0.299058
0.267576
0.236099
0.204617
0.17314
0.141658
0.11018
0.0786986
0.0472208
0.015739
0.876439
0.828794
0.805392
0.769945
0.740412
0.70798
0.676963
0.645261
0.613887
0.582358
0.550901
0.519411
0.487937
0.456454
0.424977
0.393495
0.362018
0.330535
0.299058
0.267576
0.236099
0.204617
0.17314
0.141658
0.11018
0.0786986
0.0472208
0.015739
0.876457
0.828795
0.805391
0.769945
0.740411
0.70798
0.676963
0.645261
0.613887
0.582358
0.550901
0.519411
0.487937
0.456454
0.424977
0.393495
0.362018
0.330535
0.299058
0.267576
0.236099
0.204617
0.17314
0.141658
0.11018
0.0786986
0.0472208
0.015739
0.876485
0.828795
0.805391
0.769945
0.740411
0.70798
0.676963
0.645261
0.613887
0.582358
0.550901
0.519411
0.487937
0.456454
0.424977
0.393495
0.362018
0.330535
0.299058
0.267576
0.236099
0.204617
0.17314
0.141658
0.11018
0.0786986
0.0472208
0.015739
0.876469
0.828794
0.805392
0.769945
0.740412
0.70798
0.676963
0.645261
0.613887
0.582358
0.550901
0.519411
0.487937
0.456454
0.424977
0.393495
0.362018
0.330535
0.299058
0.267576
0.236099
0.204617
0.17314
0.141658
0.11018
0.0786986
0.0472208
0.015739
0.876439
0.828794
0.805392
0.769945
0.740412
0.70798
0.676963
0.645261
0.613887
0.582358
0.550901
0.519411
0.487937
0.456454
0.424977
0.393495
0.362018
0.330535
0.299058
0.267576
0.236099
0.204617
0.17314
0.141658
0.11018
0.0786986
0.0472208
0.015739
0.876421
0.828793
0.805392
0.769944
0.740412
0.70798
0.676963
0.645261
0.613887
0.582358
0.550901
0.519411
0.487937
0.456454
0.424977
0.393495
0.362018
0.330535
0.299058
0.267576
0.236099
0.204617
0.17314
0.141658
0.11018
0.0786986
0.0472208
0.015739
0.876415
0.828792
0.805393
0.769944
0.740412
0.70798
0.676963
0.645261
0.613887
0.582358
0.550901
0.519411
0.487937
0.456454
0.424977
0.393495
0.362018
0.330535
0.299058
0.267576
0.236099
0.204617
0.17314
0.141658
0.11018
0.0786986
0.0472208
0.015739
0.876421
0.828793
0.805392
0.769944
0.740412
0.70798
0.676963
0.645261
0.613887
0.582358
0.550901
0.519411
0.487937
0.456454
0.424977
0.393495
0.362018
0.330535
0.299058
0.267576
0.236099
0.204617
0.17314
0.141658
0.11018
0.0786986
0.0472208
0.015739
0.876439
0.828794
0.805392
0.769945
0.740412
0.70798
0.676963
0.645261
0.613887
0.582358
0.550901
0.519411
0.487937
0.456454
0.424977
0.393495
0.362018
0.330535
0.299058
0.267576
0.236099
0.204617
0.17314
0.141658
0.11018
0.0786986
0.0472208
0.015739
0.876469
0.828794
0.805392
0.769945
0.740412
0.70798
0.676963
0.645261
0.613887
0.582358
0.550901
0.519411
0.487937
0.456454
0.424977
0.393495
0.362018
0.330535
0.299058
0.267576
0.236099
0.204617
0.17314
0.141658
0.11018
0.0786986
0.0472208
0.015739
0.876464
0.828794
0.805392
0.769945
0.740412
0.70798
0.676963
0.645261
0.613887
0.582358
0.550901
0.519411
0.487937
0.456454
0.424977
0.393495
0.362018
0.330535
0.299058
0.267576
0.236099
0.204617
0.17314
0.141658
0.11018
0.0786986
0.0472208
0.015739
0.876434
0.828793
0.805392
0.769945
0.740412
0.70798
0.676963
0.645261
0.613887
0.582358
0.550901
0.519411
0.487937
0.456454
0.424977
0.393495
0.362018
0.330535
0.299058
0.267576
0.236099
0.204617
0.17314
0.141658
0.11018
0.0786986
0.0472208
0.015739
0.876415
0.828792
0.805393
0.769944
0.740412
0.70798
0.676963
0.645261
0.613887
0.582358
0.550901
0.519411
0.487937
0.456454
0.424977
0.393495
0.362018
0.330535
0.299058
0.267576
0.236099
0.204617
0.17314
0.141658
0.11018
0.0786986
0.0472208
0.015739
0.87641
0.828792
0.805393
0.769944
0.740412
0.70798
0.676963
0.645261
0.613887
0.582358
0.550901
0.519411
0.487937
0.456454
0.424977
0.393495
0.362018
0.330535
0.299058
0.267576
0.236099
0.204617
0.17314
0.141658
0.11018
0.0786986
0.0472208
0.015739
0.876415
0.828792
0.805393
0.769944
0.740412
0.70798
0.676963
0.645261
0.613887
0.582358
0.550901
0.519411
0.487937
0.456454
0.424977
0.393495
0.362018
0.330535
0.299058
0.267576
0.236099
0.204617
0.17314
0.141658
0.11018
0.0786986
0.0472208
0.015739
0.876434
0.828793
0.805392
0.769945
0.740412
0.70798
0.676963
0.645261
0.613887
0.582358
0.550901
0.519411
0.487937
0.456454
0.424977
0.393495
0.362018
0.330535
0.299058
0.267576
0.236099
0.204617
0.17314
0.141658
0.11018
0.0786986
0.0472208
0.015739
0.876464
0.828794
0.805392
0.769945
0.740412
0.70798
0.676963
0.645261
0.613887
0.582358
0.550901
0.519411
0.487937
0.456454
0.424977
0.393495
0.362018
0.330535
0.299058
0.267576
0.236099
0.204617
0.17314
0.141658
0.11018
0.0786986
0.0472208
0.015739
0.876469
0.828794
0.805392
0.769945
0.740412
0.70798
0.676963
0.645261
0.613887
0.582358
0.550901
0.519411
0.487937
0.456454
0.424977
0.393495
0.362018
0.330535
0.299058
0.267576
0.236099
0.204617
0.17314
0.141658
0.11018
0.0786986
0.0472208
0.015739
0.876439
0.828794
0.805392
0.769945
0.740412
0.70798
0.676963
0.645261
0.613887
0.582358
0.550901
0.519411
0.487937
0.456454
0.424977
0.393495
0.362018
0.330535
0.299058
0.267576
0.236099
0.204617
0.17314
0.141658
0.11018
0.0786986
0.0472208
0.015739
0.876421
0.828793
0.805392
0.769944
0.740412
0.70798
0.676963
0.645261
0.613887
0.582358
0.550901
0.519411
0.487937
0.456454
0.424977
0.393495
0.362018
0.330535
0.299058
0.267576
0.236099
0.204617
0.17314
0.141658
0.11018
0.0786986
0.0472208
0.015739
0.876415
0.828792
0.805393
0.769944
0.740412
0.70798
0.676963
0.645261
0.613887
0.582358
0.550901
0.519411
0.487937
0.456454
0.424977
0.393495
0.362018
0.330535
0.299058
0.267576
0.236099
0.204617
0.17314
0.141658
0.11018
0.0786986
0.0472208
0.015739
0.876421
0.828793
0.805392
0.769944
0.740412
0.70798
0.676963
0.645261
0.613887
0.582358
0.550901
0.519411
0.487937
0.456454
0.424977
0.393495
0.362018
0.330535
0.299058
0.267576
0.236099
0.204617
0.17314
0.141658
0.11018
0.0786986
0.0472208
0.015739
0.876439
0.828794
0.805392
0.769945
0.740412
0.70798
0.676963
0.645261
0.613887
0.582358
0.550901
0.519411
0.487937
0.456454
0.424977
0.393495
0.362018
0.330535
0.299058
0.267576
0.236099
0.204617
0.17314
0.141658
0.11018
0.0786986
0.0472208
0.015739
0.876469
0.828794
0.805392
0.769945
0.740412
0.70798
0.676963
0.645261
0.613887
0.582358
0.550901
0.519411
0.487937
0.456454
0.424977
0.393495
0.362018
0.330535
0.299058
0.267576
0.236099
0.204617
0.17314
0.141658
0.11018
0.0786986
0.0472208
0.015739
0.876485
0.828795
0.805391
0.769945
0.740411
0.70798
0.676963
0.645261
0.613887
0.582358
0.550901
0.519411
0.487937
0.456454
0.424977
0.393495
0.362018
0.330535
0.299058
0.267576
0.236099
0.204617
0.17314
0.141658
0.11018
0.0786986
0.0472208
0.015739
0.876457
0.828795
0.805391
0.769945
0.740411
0.70798
0.676963
0.645261
0.613887
0.582358
0.550901
0.519411
0.487937
0.456454
0.424977
0.393495
0.362018
0.330535
0.299058
0.267576
0.236099
0.204617
0.17314
0.141658
0.11018
0.0786986
0.0472208
0.015739
0.876439
0.828794
0.805392
0.769945
0.740412
0.70798
0.676963
0.645261
0.613887
0.582358
0.550901
0.519411
0.487937
0.456454
0.424977
0.393495
0.362018
0.330535
0.299058
0.267576
0.236099
0.204617
0.17314
0.141658
0.11018
0.0786986
0.0472208
0.015739
0.876434
0.828793
0.805392
0.769945
0.740412
0.70798
0.676963
0.645261
0.613887
0.582358
0.550901
0.519411
0.487937
0.456454
0.424977
0.393495
0.362018
0.330535
0.299058
0.267576
0.236099
0.204617
0.17314
0.141658
0.11018
0.0786986
0.0472208
0.015739
0.876439
0.828794
0.805392
0.769945
0.740412
0.70798
0.676963
0.645261
0.613887
0.582358
0.550901
0.519411
0.487937
0.456454
0.424977
0.393495
0.362018
0.330535
0.299058
0.267576
0.236099
0.204617
0.17314
0.141658
0.11018
0.0786986
0.0472208
0.015739
0.876457
0.828795
0.805391
0.769945
0.740411
0.70798
0.676963
0.645261
0.613887
0.582358
0.550901
0.519411
0.487937
0.456454
0.424977
0.393495
0.362018
0.330535
0.299058
0.267576
0.236099
0.204617
0.17314
0.141658
0.11018
0.0786986
0.0472208
0.015739
0.876485
0.828795
0.805391
0.769945
0.740411
0.70798
0.676963
0.645261
0.613887
0.582358
0.550901
0.519411
0.487937
0.456454
0.424977
0.393495
0.362018
0.330535
0.299058
0.267576
0.236099
0.204617
0.17314
0.141658
0.11018
0.0786986
0.0472208
0.015739
0.876514
0.828797
0.805391
0.769945
0.740411
0.70798
0.676963
0.645261
0.613887
0.582358
0.550901
0.519411
0.487937
0.456454
0.424977
0.393495
0.362018
0.330535
0.299058
0.267576
0.236099
0.204617
0.17314
0.141658
0.11018
0.0786986
0.0472208
0.015739
0.876485
0.828795
0.805391
0.769945
0.740411
0.70798
0.676963
0.645261
0.613887
0.582358
0.550901
0.519411
0.487937
0.456454
0.424977
0.393495
0.362018
0.330535
0.299058
0.267576
0.236099
0.204617
0.17314
0.141658
0.11018
0.0786986
0.0472208
0.015739
0.876469
0.828794
0.805392
0.769945
0.740412
0.70798
0.676963
0.645261
0.613887
0.582358
0.550901
0.519411
0.487937
0.456454
0.424977
0.393495
0.362018
0.330535
0.299058
0.267576
0.236099
0.204617
0.17314
0.141658
0.11018
0.0786986
0.0472208
0.015739
0.876464
0.828794
0.805392
0.769945
0.740412
0.70798
0.676963
0.645261
0.613887
0.582358
0.550901
0.519411
0.487937
0.456454
0.424977
0.393495
0.362018
0.330535
0.299058
0.267576
0.236099
0.204617
0.17314
0.141658
0.11018
0.0786986
0.0472208
0.015739
0.876469
0.828794
0.805392
0.769945
0.740412
0.70798
0.676963
0.645261
0.613887
0.582358
0.550901
0.519411
0.487937
0.456454
0.424977
0.393495
0.362018
0.330535
0.299058
0.267576
0.236099
0.204617
0.17314
0.141658
0.11018
0.0786986
0.0472208
0.015739
0.876485
0.828795
0.805391
0.769945
0.740411
0.70798
0.676963
0.645261
0.613887
0.582358
0.550901
0.519411
0.487937
0.456454
0.424977
0.393495
0.362018
0.330535
0.299058
0.267576
0.236099
0.204617
0.17314
0.141658
0.11018
0.0786986
0.0472208
0.015739
0.876514
0.828797
0.805391
0.769945
0.740411
0.70798
0.676963
0.645261
0.613887
0.582358
0.550901
0.519411
0.487937
0.456454
0.424977
0.393495
0.362018
0.330535
0.299058
0.267576
0.236099
0.204617
0.17314
0.141658
0.11018
0.0786986
0.0472208
0.015739
)
;

boundaryField
{
    inlet
    {
        type            zeroGradient;
    }
    outlet
    {
        type            fixedValue;
        value           uniform 0;
    }
    Walls
    {
        type            zeroGradient;
    }
}


// ************************************************************************* //
