/*--------------------------------*- C++ -*----------------------------------*\
  =========                 |
  \\      /  F ield         | OpenFOAM: The Open Source CFD Toolbox
   \\    /   O peration     | Website:  https://openfoam.org
    \\  /    A nd           | Version:  13
     \\/     M anipulation  |
\*---------------------------------------------------------------------------*/
FoamFile
{
    format      ascii;
    class       surfaceScalarField;
    location    "33";
    object      phi;
}
// * * * * * * * * * * * * * * * * * * * * * * * * * * * * * * * * * * * * * //

dimensions      [0 3 -1 0 0 0 0];

internalField   nonuniform List<scalar> 
3675
(
9.66793e-13
1.21762e-12
1.21762e-12
8.05308e-13
8.07455e-14
8.07459e-14
8.83323e-13
-3.90174e-14
-3.90181e-14
8.45415e-13
1.89619e-14
1.8962e-14
8.63977e-13
-9.29255e-15
-9.29268e-15
8.54943e-13
4.52922e-15
4.5302e-15
8.59296e-13
-2.18751e-15
-2.18839e-15
8.57236e-13
1.04387e-15
1.04397e-15
8.58199e-13
-4.88816e-16
-4.88241e-16
8.57753e-13
2.28821e-16
2.28393e-16
8.57965e-13
-1.06569e-16
-1.0634e-16
8.5786e-13
5.42391e-17
5.40972e-17
8.57926e-13
-3.15093e-17
-3.1546e-17
8.57876e-13
2.41407e-17
2.39155e-17
8.57922e-13
-2.09747e-17
-2.07395e-17
8.57879e-13
2.0135e-17
2.0261e-17
8.57923e-13
-1.97552e-17
-1.9737e-17
8.57879e-13
1.95548e-17
1.96553e-17
8.57922e-13
-1.94275e-17
-1.94172e-17
8.57879e-13
1.92322e-17
1.93043e-17
8.57921e-13
-1.90408e-17
-1.90665e-17
8.57877e-13
1.96622e-17
1.8579e-17
8.57919e-13
-1.89882e-17
-1.78813e-17
8.57885e-13
1.51102e-17
1.51196e-17
8.57917e-13
-1.46034e-17
-1.4702e-17
8.57887e-13
1.29225e-17
1.29516e-17
8.57918e-13
-1.32732e-17
-1.34239e-17
1.43801e-17
1.44713e-17
1.74715e-12
1.02576e-12
1.84673e-12
1.61216e-12
8.16087e-14
1.34143e-13
1.67675e-12
-3.93456e-14
-6.43156e-14
1.64568e-12
1.90557e-14
3.10129e-14
1.66087e-12
-9.37031e-15
-1.51707e-14
1.65351e-12
4.58776e-15
7.36732e-15
1.65703e-12
-2.22923e-15
-3.53785e-15
1.65539e-12
1.08731e-15
1.66902e-15
1.65615e-12
-5.10356e-16
-7.72884e-16
1.6558e-12
2.44271e-16
3.58032e-16
1.65597e-12
-1.0633e-16
-1.69311e-16
1.65589e-12
5.43831e-17
9.00684e-17
1.65595e-12
-2.43778e-17
-5.83225e-17
1.6559e-12
1.80122e-17
4.85614e-17
1.65595e-12
-1.14215e-17
-4.5602e-17
1.6559e-12
1.18075e-17
4.55214e-17
1.65595e-12
-9.70283e-18
-4.55408e-17
1.6559e-12
9.36801e-18
4.57465e-17
1.65595e-12
-9.54981e-18
-4.53432e-17
1.6559e-12
9.06503e-18
4.49758e-17
1.65595e-12
-9.72997e-18
-4.41239e-17
1.6559e-12
1.20481e-17
4.27077e-17
1.65595e-12
-1.34047e-17
-4.0013e-17
1.65591e-12
6.7995e-18
3.5095e-17
1.65594e-12
-8.6566e-18
-3.22493e-17
1.65591e-12
6.43832e-18
2.69997e-17
1.65594e-12
-8.17687e-18
-2.65042e-17
7.92777e-18
3.41586e-17
2.10047e-12
3.81156e-13
1.94614e-12
2.00186e-12
3.18197e-14
1.48417e-13
2.04904e-12
-1.53353e-14
-7.12384e-14
2.02647e-12
7.42198e-15
3.42428e-14
2.03747e-12
-3.66861e-15
-1.67603e-14
2.03217e-12
1.80404e-15
8.14515e-15
2.03468e-12
-8.83725e-16
-3.91056e-15
2.03354e-12
4.49205e-16
1.84714e-15
2.03406e-12
-2.1234e-16
-8.50154e-16
2.03383e-12
1.06335e-16
3.94361e-16
2.03395e-12
-4.15831e-17
-1.82012e-16
2.03389e-12
2.19766e-17
9.77656e-17
2.03394e-12
-5.34944e-18
-6.12163e-17
2.03389e-12
3.80784e-18
5.23527e-17
2.03394e-12
7.31199e-19
-4.77156e-17
2.0339e-12
-2.4824e-19
4.91067e-17
2.03395e-12
2.06685e-18
-4.81966e-17
2.0339e-12
-2.18703e-18
4.8394e-17
2.03394e-12
1.91048e-18
-4.79749e-17
2.0339e-12
-2.27846e-18
4.75206e-17
2.03394e-12
1.44025e-18
-4.67004e-17
2.03389e-12
2.50516e-18
4.45825e-17
2.03394e-12
-3.75759e-18
-4.32363e-17
2.0339e-12
-1.81223e-18
3.59109e-17
2.03394e-12
5.07418e-19
-3.53502e-17
2.0339e-12
-1.72052e-18
2.81528e-17
2.03394e-12
6.56971e-19
-2.90724e-17
-8.02501e-19
3.70964e-17
2.20626e-12
-3.81172e-13
1.95809e-12
2.11878e-12
-3.18178e-14
1.51129e-13
2.16075e-12
1.53081e-14
-7.26643e-14
2.14068e-12
-7.38073e-15
3.49107e-14
2.15045e-12
3.61398e-15
-1.71019e-14
2.14576e-12
-1.76737e-15
8.32018e-15
2.14797e-12
8.52171e-16
-3.9978e-15
2.14698e-12
-3.89059e-16
1.8916e-15
2.14742e-12
1.78905e-16
-8.68603e-16
2.14723e-12
-7.80044e-17
4.02655e-16
2.14733e-12
3.92818e-17
-1.83004e-16
2.14728e-12
-1.75615e-17
9.72444e-17
2.14733e-12
1.29982e-17
-5.90448e-17
2.14728e-12
-8.93366e-18
5.0391e-17
2.14733e-12
8.86348e-18
-4.48592e-17
2.14729e-12
-8.95737e-18
4.69257e-17
2.14733e-12
9.13663e-18
-4.53379e-17
2.14729e-12
-9.05511e-18
4.55552e-17
2.14733e-12
8.55317e-18
-4.49532e-17
2.14729e-12
-8.95856e-18
4.47083e-17
2.14733e-12
8.24589e-18
-4.38743e-17
2.14728e-12
-3.98079e-18
4.20669e-17
2.14733e-12
4.33994e-18
-4.1791e-17
2.14729e-12
-6.28212e-18
3.3091e-17
2.14732e-12
7.7356e-18
-3.43864e-17
2.14729e-12
-7.18123e-18
2.64285e-17
2.14732e-12
8.32816e-18
-2.85501e-17
-7.89709e-18
3.69582e-17
2.10047e-12
-1.02577e-12
1.94614e-12
2.00186e-12
-8.16032e-14
1.48415e-13
2.04904e-12
3.93182e-14
-7.12335e-14
2.02647e-12
-1.90234e-14
3.42407e-14
2.03747e-12
9.32786e-15
-1.67582e-14
2.03217e-12
-4.55411e-15
8.14135e-15
2.03468e-12
2.2007e-15
-3.90715e-15
2.03354e-12
-1.0404e-15
1.84513e-15
2.03406e-12
4.85329e-16
-8.49746e-16
2.03383e-12
-2.2325e-16
3.93251e-16
2.03395e-12
1.05614e-16
-1.82679e-16
2.03389e-12
-5.1158e-17
9.78143e-17
2.03394e-12
3.09622e-17
-6.21255e-17
2.03389e-12
-2.22622e-17
5.28162e-17
2.03394e-12
1.97359e-17
-4.87397e-17
2.0339e-12
-1.90431e-17
4.98433e-17
2.03395e-12
1.87603e-17
-4.91425e-17
2.0339e-12
-1.85207e-17
4.94139e-17
2.03394e-12
1.80243e-17
-4.89411e-17
2.0339e-12
-1.82338e-17
4.84844e-17
2.03394e-12
1.77371e-17
-4.77126e-17
2.03389e-12
-1.53788e-17
4.56076e-17
2.03394e-12
1.53152e-17
-4.36067e-17
2.0339e-12
-1.39352e-17
3.7207e-17
2.03394e-12
1.49075e-17
-3.57015e-17
2.0339e-12
-1.36684e-17
2.88535e-17
2.03394e-12
1.50564e-17
-2.94185e-17
-1.47013e-17
3.77083e-17
1.74715e-12
-1.21763e-12
1.84674e-12
1.61216e-12
-8.0739e-14
1.34145e-13
1.67675e-12
3.89986e-14
-6.43201e-14
1.64568e-12
-1.89486e-14
3.10159e-14
1.66087e-12
9.27358e-15
-1.51738e-14
1.65351e-12
-4.50683e-15
7.3721e-15
1.65703e-12
2.16843e-15
-3.54113e-15
1.65539e-12
-1.0215e-15
1.67209e-15
1.65615e-12
4.77682e-16
-7.73926e-16
1.6558e-12
-2.20184e-16
3.58061e-16
1.65597e-12
1.06384e-16
-1.68384e-16
1.65589e-12
-5.22072e-17
8.97094e-17
1.65595e-12
3.42027e-17
-5.73083e-17
1.6559e-12
-2.5821e-17
4.78472e-17
1.65595e-12
2.49814e-17
-4.43797e-17
1.6559e-12
-2.25716e-17
4.48228e-17
1.65595e-12
2.33856e-17
-4.45886e-17
1.6559e-12
-2.31129e-17
4.47362e-17
1.65595e-12
2.26985e-17
-4.44457e-17
1.6559e-12
-2.29077e-17
4.39229e-17
1.65595e-12
2.21853e-17
-4.31807e-17
1.6559e-12
-2.38906e-17
4.09214e-17
1.65595e-12
2.21787e-17
-3.85528e-17
1.65591e-12
-1.81012e-17
3.41909e-17
1.65594e-12
1.69261e-17
-3.18086e-17
1.65591e-12
-1.60187e-17
2.60157e-17
1.65594e-12
1.61093e-17
-2.57983e-17
-1.72244e-17
3.44348e-17
9.66793e-13
1.21762e-12
8.05308e-13
8.07495e-14
8.83323e-13
-3.90252e-14
8.45415e-13
1.89637e-14
8.63977e-13
-9.29551e-15
8.54943e-13
4.53762e-15
8.59296e-13
-2.19389e-15
8.57236e-13
1.04799e-15
8.58199e-13
-4.89395e-16
8.57753e-13
2.28713e-16
8.57965e-13
-1.0593e-16
8.5786e-13
5.45689e-17
8.57926e-13
-3.11374e-17
8.57876e-13
2.37942e-17
8.57922e-13
-1.98625e-17
8.57879e-13
2.0392e-17
8.57923e-13
-1.93853e-17
8.57879e-13
1.93944e-17
8.57922e-13
-1.91737e-17
8.57879e-13
1.89519e-17
8.57921e-13
-1.8772e-17
8.57878e-13
1.66103e-17
8.57919e-13
-1.64643e-17
8.57885e-13
1.46281e-17
8.57917e-13
-1.47548e-17
8.57887e-13
1.27457e-17
8.57918e-13
-1.35036e-17
1.37231e-17
1.74715e-12
1.84673e-12
1.02576e-12
1.61216e-12
1.34139e-13
8.16129e-14
1.67675e-12
-6.43111e-14
-3.93508e-14
1.64568e-12
3.1014e-14
1.90545e-14
1.66087e-12
-1.51718e-14
-9.36919e-15
1.65351e-12
7.36272e-15
4.59345e-15
1.65703e-12
-3.53337e-15
-2.23463e-15
1.65539e-12
1.6698e-15
1.08653e-15
1.65615e-12
-7.74468e-16
-5.08453e-16
1.6558e-12
3.59394e-16
2.42442e-16
1.65597e-12
-1.69633e-16
-1.05801e-16
1.65589e-12
9.00906e-17
5.42237e-17
1.65595e-12
-5.79019e-17
-2.47627e-17
1.6559e-12
4.85938e-17
1.78064e-17
1.65595e-12
-4.57599e-17
-1.10801e-17
1.6559e-12
4.47352e-17
1.26322e-17
1.65595e-12
-4.5117e-17
-1.01185e-17
1.6559e-12
4.50451e-17
1.00796e-17
1.65595e-12
-4.49054e-17
-9.98918e-18
1.6559e-12
4.43315e-17
9.692e-18
1.65595e-12
-4.37903e-17
-1.00955e-17
1.6559e-12
4.51455e-17
8.55664e-18
1.65595e-12
-4.219e-17
-1.01397e-17
1.65591e-12
3.49615e-17
6.95687e-18
1.65594e-12
-3.16739e-17
-9.26747e-18
1.65591e-12
2.6641e-17
6.76567e-18
1.65594e-12
-2.589e-17
-8.79506e-18
3.40013e-17
8.32372e-18
3.57123e-12
1.7621e-12
1.7621e-12
3.54358e-12
1.47985e-13
1.47994e-13
3.55582e-12
-7.04955e-14
-7.05058e-14
3.55037e-12
3.37887e-14
3.37848e-14
3.55311e-12
-1.66153e-14
-1.66113e-14
3.55174e-12
8.12888e-15
8.14059e-15
3.55244e-12
-3.95451e-15
-3.96599e-15
3.5521e-12
1.93296e-15
1.92961e-15
3.55228e-12
-9.15439e-16
-9.11074e-16
3.5522e-12
4.4002e-16
4.35735e-16
3.55225e-12
-1.96739e-16
-1.95726e-16
3.55224e-12
1.01784e-16
1.01594e-16
3.55224e-12
-4.75698e-17
-4.85824e-17
3.55226e-12
3.42273e-17
3.42418e-17
3.55225e-12
-2.29489e-17
-2.28048e-17
3.55227e-12
2.26097e-17
2.45815e-17
3.55225e-12
-1.94306e-17
-2.0816e-17
3.55227e-12
1.90595e-17
2.08439e-17
3.55225e-12
-1.94748e-17
-2.08949e-17
3.55227e-12
1.84145e-17
2.00355e-17
3.55225e-12
-1.97472e-17
-2.08889e-17
3.55226e-12
2.35579e-17
1.6879e-17
3.55225e-12
-2.38456e-17
-1.76754e-17
3.55226e-12
1.55543e-17
1.62838e-17
3.55225e-12
-1.51327e-17
-1.65252e-17
3.55225e-12
1.18278e-17
1.3287e-17
3.55225e-12
-1.25519e-17
-1.45147e-17
1.51536e-17
1.52497e-17
4.48528e-12
6.86389e-13
1.93857e-12
4.55286e-12
5.98853e-14
1.6897e-13
4.51983e-12
-2.84237e-14
-8.04085e-14
4.53606e-12
1.35764e-14
3.83235e-14
4.5281e-12
-6.703e-15
-1.88548e-14
4.532e-12
3.28837e-15
9.24639e-15
4.53011e-12
-1.61138e-15
-4.50442e-15
4.53105e-12
8.19559e-16
2.19302e-15
4.53062e-12
-3.92534e-16
-1.03094e-15
4.53083e-12
1.97633e-16
4.92609e-16
4.53075e-12
-8.14303e-17
-2.18131e-16
4.53081e-12
4.46623e-17
1.13586e-16
4.53078e-12
-1.36116e-17
-5.25982e-17
4.53081e-12
9.89102e-18
3.74436e-17
4.5308e-12
-1.71849e-18
-2.33436e-17
4.53082e-12
2.10848e-18
2.69569e-17
4.5308e-12
6.97337e-19
-2.17257e-17
4.53082e-12
-8.87813e-19
2.19033e-17
4.5308e-12
1.45912e-19
-2.18044e-17
4.53082e-12
-1.14004e-18
2.09268e-17
4.5308e-12
-4.48879e-19
-2.18695e-17
4.53081e-12
7.53197e-18
1.60883e-17
4.5308e-12
-8.51819e-18
-1.83825e-17
4.53081e-12
-1.05977e-19
1.60969e-17
4.5308e-12
1.81655e-20
-1.8642e-17
4.5308e-12
-2.23763e-18
1.37857e-17
4.5308e-12
2.06333e-18
-1.65571e-17
3.13009e-19
1.68476e-17
4.76721e-12
-6.86422e-13
1.96568e-12
4.86478e-12
-5.98812e-14
1.73378e-13
4.81777e-12
2.83712e-14
-8.25863e-14
4.84055e-12
-1.35059e-14
3.92968e-14
4.82936e-12
6.60646e-15
-1.934e-14
4.83485e-12
-3.22205e-15
9.48991e-15
4.83218e-12
1.55242e-15
-4.62391e-15
4.83351e-12
-7.09482e-16
2.24866e-15
4.8329e-12
3.3076e-16
-1.05569e-15
4.83319e-12
-1.44608e-16
5.02562e-16
4.83308e-12
7.66262e-17
-2.22175e-16
4.83315e-12
-3.43165e-17
1.15029e-16
4.83312e-12
2.73529e-17
-5.28914e-17
4.83315e-12
-1.82145e-17
3.74432e-17
4.83314e-12
1.95774e-17
-2.28288e-17
4.83316e-12
-1.81844e-17
2.69946e-17
4.83314e-12
1.94075e-17
-2.14951e-17
4.83316e-12
-1.92675e-17
2.15842e-17
4.83314e-12
1.84743e-17
-2.14834e-17
4.83316e-12
-1.90474e-17
2.05596e-17
4.83314e-12
1.79773e-17
-2.15283e-17
4.83315e-12
-1.04795e-17
1.42081e-17
4.83314e-12
9.30925e-18
-1.71021e-17
4.83315e-12
-1.51502e-17
1.5594e-17
4.83314e-12
1.45768e-17
-1.90847e-17
4.83314e-12
-1.60362e-17
1.39089e-17
4.83314e-12
1.67222e-17
-1.72537e-17
-1.23846e-17
1.75847e-17
4.48528e-12
-1.76214e-12
1.93858e-12
4.55286e-12
-1.47978e-13
1.68971e-13
4.51983e-12
7.04467e-14
-8.04038e-14
4.53606e-12
-3.37339e-14
3.83142e-14
4.5281e-12
1.65373e-14
-1.88421e-14
4.532e-12
-8.0653e-15
9.23915e-15
4.53011e-12
3.89755e-15
-4.49717e-15
4.53105e-12
-1.84132e-15
2.17892e-15
4.53062e-12
8.64249e-16
-1.0237e-15
4.53083e-12
-3.98197e-16
4.84839e-16
4.53075e-12
1.92732e-16
-2.1754e-16
4.53081e-12
-9.25517e-17
1.12555e-16
4.53078e-12
5.82739e-17
-5.4338e-17
4.53081e-12
-4.07925e-17
3.88323e-17
4.5308e-12
3.7752e-17
-2.57114e-17
4.53082e-12
-3.4596e-17
2.92181e-17
4.5308e-12
3.50643e-17
-2.46466e-17
4.53082e-12
-3.46284e-17
2.45899e-17
4.5308e-12
3.37095e-17
-2.46037e-17
4.53082e-12
-3.4219e-17
2.35472e-17
4.5308e-12
3.31528e-17
-2.43654e-17
4.53081e-12
-3.04198e-17
1.61713e-17
4.5308e-12
2.89136e-17
-1.81721e-17
4.53081e-12
-2.71133e-17
1.83251e-17
4.5308e-12
2.65992e-17
-2.06447e-17
4.5308e-12
-2.70839e-17
1.59768e-17
4.5308e-12
2.84555e-17
-1.84971e-17
-2.30633e-17
1.94214e-17
3.57123e-12
-1.84675e-12
1.76212e-12
3.54358e-12
-1.34133e-13
1.47994e-13
3.55582e-12
6.42854e-14
-7.04975e-14
3.55037e-12
-3.09931e-14
3.37714e-14
3.55311e-12
1.51401e-14
-1.65928e-14
3.55174e-12
-7.32953e-15
8.12856e-15
3.55244e-12
3.50314e-15
-3.95349e-15
3.5521e-12
-1.63025e-15
1.90911e-15
3.55228e-12
7.52737e-16
-8.99654e-16
3.5522e-12
-3.43138e-16
4.24262e-16
3.55225e-12
1.68225e-16
-1.94206e-16
3.55224e-12
-8.56163e-17
9.97763e-17
3.55224e-12
6.22219e-17
-5.0738e-17
3.55226e-12
-5.12967e-17
3.6007e-17
3.55225e-12
5.25116e-17
-2.5789e-17
3.55227e-12
-4.89837e-17
2.77368e-17
3.55225e-12
5.12951e-17
-2.46425e-17
3.55227e-12
-5.10758e-17
2.44846e-17
3.55225e-12
5.03473e-17
-2.45174e-17
3.55227e-12
-5.06183e-17
2.35882e-17
3.55225e-12
4.90499e-17
-2.41522e-17
3.55226e-12
-5.13699e-17
1.71243e-17
3.55225e-12
4.74526e-17
-1.77281e-17
3.55226e-12
-3.95309e-17
1.90019e-17
3.55225e-12
3.61791e-17
-1.95147e-17
3.55225e-12
-3.37686e-17
1.60371e-17
3.55225e-12
3.32523e-17
-1.72381e-17
-3.53271e-17
1.91669e-17
1.74715e-12
1.02576e-12
1.61216e-12
8.16111e-14
1.67675e-12
-3.93426e-14
1.64568e-12
1.90421e-14
1.66087e-12
-9.35403e-15
1.65351e-12
4.58342e-15
1.65703e-12
-2.22584e-15
1.65539e-12
1.07148e-15
1.65615e-12
-5.00933e-16
1.6558e-12
2.35002e-16
1.65597e-12
-1.05742e-16
1.65589e-12
5.3786e-17
1.65595e-12
-2.71232e-17
1.6559e-12
1.97032e-17
1.65595e-12
-1.39096e-17
1.6559e-12
1.55215e-17
1.65595e-12
-1.34979e-17
1.6559e-12
1.34598e-17
1.65595e-12
-1.32565e-17
1.6559e-12
1.29992e-17
1.65595e-12
-1.30264e-17
1.6559e-12
9.59668e-18
1.65595e-12
-1.08259e-17
1.65591e-12
9.51463e-18
1.65594e-12
-1.15634e-17
1.65591e-12
9.27974e-18
1.65594e-12
-1.10939e-17
1.06428e-17
2.10047e-12
1.94614e-12
3.81157e-13
2.00186e-12
1.48412e-13
3.18262e-14
2.04904e-12
-7.12329e-14
-1.53421e-14
2.02647e-12
3.42447e-14
7.41769e-15
2.03747e-12
-1.67622e-14
-3.66372e-15
2.03217e-12
8.1394e-15
1.81084e-15
2.03468e-12
-3.90479e-15
-8.904e-16
2.03354e-12
1.84834e-15
4.44898e-16
2.03406e-12
-8.51908e-16
-2.08728e-16
2.03383e-12
3.95937e-16
1.02376e-16
2.03395e-12
-1.82307e-16
-4.0914e-17
2.03389e-12
9.76166e-17
2.17763e-17
2.03394e-12
-6.06732e-17
-6.23896e-18
2.03389e-12
5.22271e-17
4.06895e-18
2.03394e-12
-4.77379e-17
4.88844e-19
2.0339e-12
4.81252e-17
1.33371e-18
2.03395e-12
-4.75209e-17
7.09071e-19
2.0339e-12
4.75126e-17
-6.88155e-19
2.03394e-12
-4.7279e-17
5.49098e-19
2.0339e-12
4.67057e-17
-8.92742e-19
2.03394e-12
-4.61613e-17
2.99812e-19
2.03389e-12
4.74848e-17
-1.97287e-18
2.03394e-12
-4.58104e-17
3.64715e-19
2.0339e-12
3.55939e-17
-1.06942e-18
2.03394e-12
-3.4646e-17
-7.04103e-19
2.0339e-12
2.7665e-17
-7.73443e-19
2.03394e-12
-2.83911e-17
-4.72854e-19
3.68432e-17
2.7041e-19
4.48528e-12
1.93857e-12
6.8639e-13
4.55286e-12
1.68957e-13
5.98979e-14
4.51983e-12
-8.03949e-14
-2.84372e-14
4.53606e-12
3.83292e-14
1.35697e-14
4.5281e-12
-1.88606e-14
-6.69561e-15
4.532e-12
9.23138e-15
3.30389e-15
4.53011e-12
-4.4898e-15
-1.62633e-15
4.53105e-12
2.19793e-15
8.12783e-16
4.53062e-12
-1.03675e-15
-3.86084e-16
4.53083e-12
4.9839e-16
1.90528e-16
4.53075e-12
-2.19328e-16
-7.99502e-17
4.53081e-12
1.13787e-16
4.41322e-17
4.53078e-12
-5.11436e-17
-1.50329e-17
4.53081e-12
3.73396e-17
1.00859e-17
4.5308e-12
-2.34409e-17
-1.86218e-18
4.53082e-12
2.42332e-17
4.8814e-18
4.5308e-12
-1.98013e-17
-1.52628e-18
4.53082e-12
1.94249e-17
1.6736e-18
4.5308e-12
-1.98386e-17
-2.10833e-18
4.53082e-12
1.86597e-17
1.18705e-18
4.5308e-12
-2.02821e-17
-2.31044e-18
4.53081e-12
2.47211e-17
-1.86159e-18
4.5308e-12
-2.62589e-17
2.39259e-19
4.53081e-12
1.50432e-17
1.20446e-18
4.5308e-12
-1.66732e-17
-1.98244e-18
4.5308e-12
1.20802e-17
9.04808e-20
4.5308e-12
-1.42353e-17
-7.95299e-19
1.6133e-17
7.06177e-19
5.73393e-12
7.72592e-13
7.72594e-13
5.93279e-12
6.9543e-14
6.95596e-14
5.83774e-12
-3.29281e-14
-3.29458e-14
5.88323e-12
1.56279e-14
1.5619e-14
5.86083e-12
-7.72315e-15
-7.71351e-15
5.87185e-12
3.79272e-15
3.81226e-15
5.86646e-12
-1.85833e-15
-1.87714e-15
5.86912e-12
9.47274e-16
9.38594e-16
5.86787e-12
-4.51749e-16
-4.43598e-16
5.86848e-12
2.26771e-16
2.17909e-16
5.86822e-12
-9.1583e-17
-8.98835e-17
5.86837e-12
5.02576e-17
4.97589e-17
5.86831e-12
-1.38521e-17
-1.57845e-17
5.86835e-12
1.03153e-17
1.06569e-17
5.86833e-12
-2.92394e-19
-5.06586e-19
5.86836e-12
1.31192e-18
4.97282e-18
5.86835e-12
2.28861e-18
-6.01566e-19
5.86837e-12
-2.60182e-18
7.688e-19
5.86835e-12
1.6472e-18
-1.27896e-18
5.86836e-12
-2.93723e-18
1.45716e-19
5.86834e-12
8.78895e-19
-1.50893e-18
5.86835e-12
6.83972e-18
-4.75722e-18
5.86834e-12
-8.5753e-18
2.04569e-18
5.86835e-12
-1.66906e-18
-6.447e-21
5.86833e-12
5.44423e-19
-2.14646e-18
5.86833e-12
-3.22967e-18
-6.32201e-19
5.86833e-12
2.36042e-18
-8.88443e-19
-6.41253e-19
5.46876e-19
6.1252e-12
-7.72641e-13
7.87701e-13
6.366e-12
-6.95416e-14
7.17039e-14
6.25147e-12
3.2866e-14
-3.39785e-14
6.30595e-12
-1.55451e-14
1.6072e-14
6.2791e-12
7.60956e-15
-7.93658e-15
6.29231e-12
-3.71194e-15
3.92417e-15
6.28585e-12
1.78922e-15
-1.93062e-15
6.28904e-12
-8.16448e-16
9.60672e-16
6.28754e-12
3.79579e-16
-4.52846e-16
6.28827e-12
-1.66739e-16
2.19958e-16
6.28796e-12
8.74436e-17
-9.14648e-17
6.28813e-12
-3.88305e-17
5.02762e-17
6.28806e-12
3.084e-17
-1.64838e-17
6.28811e-12
-2.03877e-17
1.11652e-17
6.28809e-12
2.18821e-17
-9.24389e-19
6.28812e-12
-2.0364e-17
5.88428e-18
6.2881e-12
2.16003e-17
-1.46569e-18
6.28812e-12
-2.15329e-17
1.57749e-18
6.2881e-12
2.0397e-17
-2.10779e-18
6.28812e-12
-2.13748e-17
8.75446e-19
6.2881e-12
1.98704e-17
-2.21691e-18
6.2881e-12
-1.19056e-17
-5.8525e-18
6.28809e-12
1.10163e-17
2.91149e-18
6.28811e-12
-1.64857e-17
4.97681e-19
6.28809e-12
1.66489e-17
-3.08932e-18
6.28809e-12
-1.76957e-17
1.65051e-19
6.28808e-12
1.89156e-17
-1.95095e-18
-1.48644e-17
1.56405e-18
5.73393e-12
-1.93861e-12
7.72604e-13
5.93279e-12
-1.6895e-13
6.95597e-14
5.83774e-12
8.03346e-14
-3.2937e-14
5.88323e-12
-3.82622e-14
1.56052e-14
5.86083e-12
1.87675e-14
-7.69542e-15
5.87185e-12
-9.15475e-15
3.7999e-15
5.86646e-12
4.42441e-15
-1.86486e-15
5.86912e-12
-2.08908e-15
9.19351e-16
5.86787e-12
9.78145e-16
-4.33682e-16
5.86848e-12
-4.51271e-16
2.0749e-16
5.86822e-12
2.1704e-16
-8.92468e-17
5.86837e-12
-1.0435e-16
4.87778e-17
5.86831e-12
6.53819e-17
-1.84039e-17
5.86835e-12
-4.60265e-17
1.2974e-17
5.86833e-12
4.2324e-17
-4.0265e-18
5.86836e-12
-3.92835e-17
8.46607e-18
5.86835e-12
3.94267e-17
-4.88275e-18
5.86837e-12
-3.90884e-17
4.80619e-18
5.86835e-12
3.77841e-17
-5.40356e-18
5.86836e-12
-3.86587e-17
4.08243e-18
5.86834e-12
3.72347e-17
-5.24846e-18
5.86835e-12
-3.39883e-17
-3.50618e-18
5.86834e-12
3.28546e-17
1.19504e-18
5.86835e-12
-3.00211e-17
3.2119e-18
5.86833e-12
3.04283e-17
-5.14628e-18
5.86833e-12
-3.00984e-17
2.57555e-18
5.86833e-12
3.22091e-17
-3.74114e-18
-2.69529e-17
3.79329e-18
4.48528e-12
-1.94616e-12
6.86396e-13
4.55286e-12
-1.48404e-13
5.98952e-14
4.51983e-12
7.1197e-14
-2.84253e-14
4.53606e-12
-3.42144e-14
1.35525e-14
4.5281e-12
1.67194e-14
-6.67284e-15
4.532e-12
-8.09597e-15
3.28866e-15
4.53011e-12
3.86783e-15
-1.61069e-15
4.53105e-12
-1.79736e-15
7.88387e-16
4.53062e-12
8.25876e-16
-3.72616e-16
4.53083e-12
-3.76071e-16
1.76874e-16
4.53075e-12
1.82245e-16
-7.82606e-17
4.53081e-12
-9.32091e-17
4.20618e-17
4.53078e-12
6.74245e-17
-1.76783e-17
4.53081e-12
-5.65707e-17
1.23467e-17
4.5308e-12
5.74072e-17
-5.60229e-18
4.53082e-12
-5.44809e-17
8.70048e-18
4.5308e-12
5.6523e-17
-6.19903e-18
4.53082e-12
-5.63586e-17
6.09507e-18
4.5308e-12
5.53862e-17
-6.55007e-18
4.53082e-12
-5.58535e-17
5.49683e-18
4.5308e-12
5.38581e-17
-6.29735e-18
4.53081e-12
-5.60442e-17
-1.088e-18
4.5308e-12
5.26756e-17
-2.41473e-19
4.53081e-12
-4.25755e-17
4.53268e-18
4.5308e-12
4.06202e-17
-5.58813e-18
4.5308e-12
-3.67974e-17
3.73184e-18
4.5308e-12
3.70838e-17
-4.21725e-18
-3.99673e-17
4.85742e-18
2.10047e-12
3.81161e-13
2.00186e-12
3.18223e-14
2.04904e-12
-1.53305e-14
2.02647e-12
7.40281e-15
2.03747e-12
-3.64455e-15
2.03217e-12
1.79575e-15
2.03468e-12
-8.76219e-16
2.03354e-12
4.25334e-16
2.03406e-12
-1.98573e-16
2.03383e-12
9.24278e-17
2.03395e-12
-4.00256e-17
2.03389e-12
2.05811e-17
2.03394e-12
-8.5552e-18
2.03389e-12
6.02725e-18
2.03394e-12
-2.62663e-18
2.0339e-12
4.36377e-18
2.03395e-12
-2.97368e-18
2.0339e-12
2.91546e-18
2.03394e-12
-2.98958e-18
2.0339e-12
2.6229e-18
2.03394e-12
-2.8898e-18
2.03389e-12
-4.37493e-19
2.03394e-12
-7.04895e-19
2.0339e-12
1.67899e-18
2.03394e-12
-3.31819e-18
2.0339e-12
2.10384e-18
2.03394e-12
-3.2958e-18
3.14359e-18
2.20626e-12
1.95809e-12
-3.8117e-13
2.11878e-12
1.51124e-13
-3.18107e-14
2.16075e-12
-7.26597e-14
1.53011e-14
2.14068e-12
3.49126e-14
-7.38567e-15
2.15045e-12
-1.71037e-14
3.61961e-15
2.14576e-12
8.31516e-15
-1.76045e-15
2.14797e-12
-3.99282e-15
8.45357e-16
2.14698e-12
1.893e-15
-3.94049e-16
2.14742e-12
-8.70367e-16
1.82422e-16
2.14723e-12
4.04279e-16
-8.2108e-17
2.14733e-12
-1.83311e-16
3.98588e-17
2.14728e-12
9.71998e-17
-1.76772e-17
2.14733e-12
-5.85356e-17
1.20654e-17
2.14728e-12
5.02961e-17
-8.45176e-18
2.14733e-12
-4.48297e-17
8.35069e-18
2.14729e-12
4.60289e-17
-7.34365e-18
2.14733e-12
-4.46764e-17
7.57246e-18
2.14729e-12
4.47327e-17
-7.49994e-18
2.14733e-12
-4.42792e-17
6.99158e-18
2.14729e-12
4.39465e-17
-7.5099e-18
2.14733e-12
-4.33528e-17
6.9496e-18
2.14728e-12
4.46472e-17
-8.27267e-18
2.14733e-12
-4.40931e-17
8.26064e-18
2.14729e-12
3.27376e-17
-5.38796e-18
2.14732e-12
-3.37423e-17
6.49329e-18
2.14729e-12
2.59309e-17
-6.12585e-18
2.14732e-12
-2.78753e-17
7.21783e-18
3.66628e-17
-6.7321e-18
4.76721e-12
1.96567e-12
-6.8642e-13
4.86478e-12
1.73364e-13
-5.98703e-14
4.81777e-12
-8.25713e-14
2.83601e-14
4.84055e-12
3.93033e-14
-1.35129e-14
4.82936e-12
-1.93467e-14
6.61462e-15
4.83485e-12
9.47343e-15
-3.20916e-15
4.83218e-12
-4.60804e-15
1.5401e-15
4.83351e-12
2.25452e-15
-7.17366e-16
4.8329e-12
-1.06225e-15
3.36891e-16
4.83319e-12
5.09168e-16
-1.51845e-16
4.83308e-12
-2.23531e-16
7.79875e-17
4.83315e-12
1.15324e-16
-3.50323e-17
4.83312e-12
-5.13041e-17
2.60632e-17
4.83315e-12
3.73294e-17
-1.79484e-17
4.83314e-12
-2.29027e-17
1.92071e-17
4.83316e-12
2.40004e-17
-1.5708e-17
4.83314e-12
-1.93484e-17
1.72063e-17
4.83316e-12
1.88534e-17
-1.69401e-17
4.83314e-12
-1.92958e-17
1.62676e-17
4.83316e-12
1.80639e-17
-1.69251e-17
4.83314e-12
-1.97713e-17
1.61142e-17
4.83315e-12
2.38347e-17
-1.8869e-17
4.83314e-12
-2.5872e-17
1.7173e-17
4.83315e-12
1.43891e-17
-1.37678e-17
4.83314e-12
-1.68845e-17
1.27566e-17
4.83314e-12
1.20527e-17
-1.3601e-17
4.83314e-12
-1.47346e-17
1.39386e-17
1.6613e-17
-1.20853e-17
6.1252e-12
7.87698e-13
-7.72638e-13
6.366e-12
7.16863e-14
-6.95274e-14
6.25147e-12
-3.39598e-14
3.28519e-14
6.30595e-12
1.60818e-14
-1.55547e-14
6.2791e-12
-7.94713e-15
7.62039e-15
6.29231e-12
3.90358e-15
-3.69644e-15
6.28585e-12
-1.91089e-15
1.77433e-15
6.28904e-12
9.70217e-16
-8.26709e-16
6.28754e-12
-4.61652e-16
3.87578e-16
6.28827e-12
2.29545e-16
-1.7572e-16
6.28796e-12
-9.32588e-17
8.89674e-17
6.28813e-12
5.08024e-17
-3.94719e-17
6.28806e-12
-1.43817e-17
2.89457e-17
6.28811e-12
1.07901e-17
-1.98314e-17
6.28809e-12
-6.57048e-19
2.12179e-17
6.28812e-12
1.94098e-18
-1.69414e-17
6.2881e-12
1.68282e-18
1.85991e-17
6.28812e-12
-2.05936e-18
-1.829e-17
6.2881e-12
1.07931e-18
1.73947e-17
6.28812e-12
-2.45013e-18
-1.83833e-17
6.2881e-12
4.11649e-19
1.73349e-17
6.2881e-12
6.64581e-18
-2.18887e-17
6.28809e-12
-8.5477e-18
2.02158e-17
6.28811e-12
-1.38559e-18
-1.46102e-17
6.28809e-12
-1.7785e-19
1.41105e-17
6.28809e-12
-2.57457e-18
-1.48704e-17
6.28808e-12
1.45281e-18
1.5611e-17
8.47748e-20
-1.38263e-17
6.55287e-12
-7.87742e-13
-7.87739e-13
6.83965e-12
-7.16837e-14
-7.16684e-14
6.70382e-12
3.39003e-14
3.38848e-14
6.76806e-12
-1.60054e-14
-1.60153e-14
6.73637e-12
7.84281e-15
7.85378e-15
6.75198e-12
-3.8283e-15
-3.81146e-15
6.74434e-12
1.84883e-15
1.8327e-15
6.74811e-12
-8.49115e-16
-8.59376e-16
6.74634e-12
3.9485e-16
4.03244e-16
6.74719e-12
-1.76278e-16
-1.85524e-16
6.74683e-12
9.02869e-17
9.18976e-17
6.74702e-12
-4.02316e-17
-4.08486e-17
6.74695e-12
3.05678e-17
2.85762e-17
6.747e-12
-1.9762e-17
-1.92451e-17
6.74698e-12
2.07917e-17
2.02333e-17
6.74701e-12
-1.93784e-17
-1.57479e-17
6.747e-12
2.01838e-17
1.71217e-17
6.74702e-12
-2.0333e-17
-1.69186e-17
6.747e-12
1.89516e-17
1.58806e-17
6.74701e-12
-2.02321e-17
-1.70884e-17
6.747e-12
1.86267e-17
1.60482e-17
6.747e-12
-1.12804e-17
-2.20235e-17
6.74699e-12
1.06535e-17
2.05146e-17
6.747e-12
-1.53745e-17
-1.34902e-17
6.74698e-12
1.58503e-17
1.31445e-17
6.74698e-12
-1.66287e-17
-1.3848e-17
6.74697e-12
1.82066e-17
1.48685e-17
-1.40925e-17
-1.28414e-17
6.1252e-12
-1.96571e-12
-7.72629e-13
6.366e-12
-1.73357e-13
-6.95268e-14
6.25147e-12
8.2514e-14
3.28582e-14
6.30595e-12
-3.92413e-14
-1.55658e-14
6.2791e-12
1.92596e-14
7.63574e-15
6.29231e-12
-9.40127e-15
-3.70671e-15
6.28585e-12
4.54765e-15
1.78517e-15
6.28904e-12
-2.15157e-15
-8.43306e-16
6.28754e-12
1.00646e-15
3.96596e-16
6.28827e-12
-4.65718e-16
-1.85288e-16
6.28796e-12
2.21122e-16
9.02056e-17
6.28813e-12
-1.05588e-16
-4.07966e-17
6.28806e-12
6.42829e-17
2.72173e-17
6.28811e-12
-4.45901e-17
-1.8196e-17
6.28809e-12
4.01034e-17
1.8678e-17
6.28812e-12
-3.72595e-17
-1.43268e-17
6.2881e-12
3.68909e-17
1.53756e-17
6.28812e-12
-3.65912e-17
-1.52937e-17
6.2881e-12
3.5165e-17
1.42873e-17
6.28812e-12
-3.62173e-17
-1.5477e-17
6.2881e-12
3.48032e-17
1.4583e-17
6.2881e-12
-3.18337e-17
-2.11286e-17
6.28809e-12
3.14015e-17
1.9649e-17
6.28811e-12
-2.77456e-17
-1.23281e-17
6.28809e-12
2.9297e-17
1.16583e-17
6.28809e-12
-2.86408e-17
-1.22534e-17
6.28808e-12
3.15888e-17
1.31425e-17
-2.63282e-17
-1.12254e-17
4.76721e-12
-1.95811e-12
-6.86411e-13
4.86478e-12
-1.51118e-13
-5.98782e-14
4.81777e-12
7.26291e-14
2.83816e-14
4.84055e-12
-3.48869e-14
-1.35389e-14
4.82936e-12
1.70653e-14
6.64956e-15
4.83485e-12
-8.27691e-15
-3.2381e-15
4.83218e-12
3.96083e-15
1.57068e-15
4.83351e-12
-1.84534e-15
-7.5425e-16
4.8329e-12
8.45742e-16
3.57374e-16
4.83319e-12
-3.85654e-16
-1.7272e-16
4.83308e-12
1.82303e-16
8.11943e-17
4.83315e-12
-9.16189e-17
-3.8432e-17
4.83312e-12
6.36729e-17
2.24995e-17
4.83315e-12
-5.29667e-17
-1.46821e-17
4.83314e-12
5.27557e-17
1.38365e-17
4.83316e-12
-5.02961e-17
-1.0231e-17
4.83314e-12
5.16475e-17
1.07528e-17
4.83316e-12
-5.14165e-17
-1.06352e-17
4.83314e-12
5.03811e-17
1.00591e-17
4.83316e-12
-5.09774e-17
-1.08623e-17
4.83314e-12
4.89804e-17
1.03162e-17
4.83315e-12
-5.1055e-17
-1.54759e-17
4.83314e-12
4.8972e-17
1.44863e-17
4.83315e-12
-3.80641e-17
-8.79654e-18
4.83314e-12
3.83196e-17
7.43937e-18
4.83314e-12
-3.39313e-17
-8.09234e-18
4.83314e-12
3.568e-17
8.67088e-18
-3.90968e-17
-6.57626e-18
2.20626e-12
-3.81167e-13
2.11878e-12
-3.18169e-14
2.16075e-12
1.53161e-14
2.14068e-12
-7.40219e-15
2.15045e-12
3.63992e-15
2.14576e-12
-1.77866e-15
2.14797e-12
8.62771e-16
2.14698e-12
-4.1375e-16
2.14742e-12
1.92389e-16
2.14723e-12
-9.1854e-17
2.14733e-12
4.0205e-17
2.14728e-12
-1.79338e-17
2.14733e-12
9.09671e-18
2.14728e-12
-5.56837e-18
2.14733e-12
4.48285e-18
2.14729e-12
-3.34018e-18
2.14733e-12
3.00522e-18
2.14729e-12
-2.98789e-18
2.14733e-12
2.56203e-18
2.14729e-12
-3.11207e-18
2.14733e-12
2.74091e-18
2.14728e-12
-5.30086e-18
2.14733e-12
5.83737e-18
2.14729e-12
-1.91245e-18
2.14732e-12
3.29958e-18
2.14729e-12
-2.90026e-18
2.14732e-12
4.1425e-18
-3.7527e-18
2.10047e-12
1.94614e-12
-1.02577e-12
2.00186e-12
1.48412e-13
-8.15999e-14
2.04904e-12
-7.12304e-14
3.93151e-14
2.02647e-12
3.42419e-14
-1.90264e-14
2.03747e-12
-1.67593e-14
9.33142e-15
2.03217e-12
8.13734e-15
-4.55091e-15
2.03468e-12
-3.90331e-15
2.19757e-15
2.03354e-12
1.84627e-15
-1.04368e-15
2.03406e-12
-8.51468e-16
4.8725e-16
2.03383e-12
3.9479e-16
-2.25741e-16
2.03395e-12
-1.83061e-16
1.05905e-16
2.03389e-12
9.79968e-17
-5.12731e-17
2.03394e-12
-6.17481e-17
3.04417e-17
2.03389e-12
5.29667e-17
-2.19632e-17
2.03394e-12
-4.88949e-17
1.93546e-17
2.0339e-12
4.91416e-17
-1.81755e-17
2.03395e-12
-4.87434e-17
1.78188e-17
2.0339e-12
4.87717e-17
-1.76689e-17
2.03394e-12
-4.85304e-17
1.70869e-17
2.0339e-12
4.79047e-17
-1.74413e-17
2.03394e-12
-4.73562e-17
1.69198e-17
2.03389e-12
4.82352e-17
-1.76684e-17
2.03394e-12
-4.60903e-17
1.74649e-17
2.0339e-12
3.69136e-17
-1.33121e-17
2.03394e-12
-3.52076e-17
1.42409e-17
2.0339e-12
2.82422e-17
-1.30248e-17
2.03394e-12
-2.85583e-17
1.44643e-17
3.79238e-17
-1.39609e-17
4.48528e-12
1.93857e-12
-1.76214e-12
4.55286e-12
1.68958e-13
-1.47973e-13
4.51983e-12
-8.03887e-14
7.04421e-14
4.53606e-12
3.83205e-14
-3.3738e-14
4.5281e-12
-1.88485e-14
1.65424e-14
4.532e-12
9.22213e-15
-8.06021e-15
4.53011e-12
-4.48083e-15
3.89265e-15
4.53105e-12
2.18454e-15
-1.84643e-15
4.53062e-12
-1.02986e-15
8.67707e-16
4.53083e-12
4.91354e-16
-4.02145e-16
4.53075e-12
-2.18855e-16
1.93396e-16
4.53081e-12
1.12851e-16
-9.29873e-17
4.53078e-12
-5.28569e-17
5.75398e-17
4.53081e-12
3.87266e-17
-4.05107e-17
4.5308e-12
-2.58023e-17
3.73223e-17
4.53082e-12
2.63636e-17
-3.32837e-17
4.5308e-12
-2.25456e-17
3.38057e-17
4.53082e-12
2.20094e-17
-3.33444e-17
4.5308e-12
-2.2461e-17
3.24712e-17
4.53082e-12
2.11989e-17
-3.30235e-17
4.5308e-12
-2.26743e-17
3.21034e-17
4.53081e-12
2.5855e-17
-3.4005e-17
4.5308e-12
-2.70017e-17
3.2228e-17
4.53081e-12
1.71609e-17
-2.63195e-17
4.5308e-12
-1.85417e-17
2.56156e-17
4.5308e-12
1.41465e-17
-2.56122e-17
4.5308e-12
-1.61321e-17
2.67904e-17
1.84481e-17
-2.30934e-17
5.73393e-12
7.72602e-13
-1.93861e-12
5.93279e-12
6.95427e-14
-1.68943e-13
5.83774e-12
-3.29192e-14
8.03277e-14
5.88323e-12
1.56151e-14
-3.82673e-14
5.86083e-12
-7.70611e-15
1.87733e-14
5.87185e-12
3.78023e-15
-9.14728e-15
5.86646e-12
-1.84597e-15
4.41724e-15
5.86912e-12
9.29167e-16
-2.09462e-15
5.86787e-12
-4.42258e-16
9.82389e-16
5.86848e-12
2.17003e-16
-4.55907e-16
5.86822e-12
-9.09696e-17
2.1779e-16
5.86837e-12
4.93332e-17
-1.0468e-16
5.86831e-12
-1.63526e-17
6.43558e-17
5.86835e-12
1.25306e-17
-4.56913e-17
5.86833e-12
-3.64058e-18
4.18952e-17
5.86836e-12
4.64632e-18
-3.74822e-17
5.86835e-12
-1.73357e-18
3.78371e-17
5.86837e-12
1.26654e-18
-3.73562e-17
5.86835e-12
-2.22776e-18
3.61991e-17
5.86836e-12
8.38275e-19
-3.70528e-17
5.86834e-12
-2.6324e-18
3.58845e-17
5.86835e-12
8.39773e-18
-3.89658e-17
5.86834e-12
-9.71413e-18
3.74401e-17
5.86835e-12
1.33578e-18
-2.89959e-17
5.86833e-12
-2.33307e-18
2.90756e-17
5.86833e-12
-2.37709e-19
-2.85755e-17
5.86833e-12
-3.27748e-19
3.04482e-17
2.4611e-18
-2.64716e-17
6.1252e-12
-7.72631e-13
-1.96571e-12
6.366e-12
-6.95415e-14
-1.73349e-13
6.25147e-12
3.2873e-14
8.25062e-14
6.30595e-12
-1.55565e-14
-3.92475e-14
6.2791e-12
7.62531e-15
1.92668e-14
6.29231e-12
-3.72283e-15
-9.39305e-15
6.28585e-12
1.80069e-15
4.53972e-15
6.28904e-12
-8.33582e-16
-2.15849e-15
6.28754e-12
3.88663e-16
1.01156e-15
6.28827e-12
-1.76533e-16
-4.71287e-16
6.28796e-12
8.86726e-17
2.22008e-16
6.28813e-12
-4.02358e-17
-1.0601e-16
6.28806e-12
2.91026e-17
6.30608e-17
6.28811e-12
-1.87401e-17
-4.41589e-17
6.28809e-12
1.92592e-17
3.95526e-17
6.28812e-12
-1.77707e-17
-3.51342e-17
6.2881e-12
1.83183e-17
3.4999e-17
6.28812e-12
-1.85387e-17
-3.45422e-17
6.2881e-12
1.7238e-17
3.32867e-17
6.28812e-12
-1.84681e-17
-3.43095e-17
6.2881e-12
1.70471e-17
3.31993e-17
6.2881e-12
-1.10448e-17
-3.7413e-17
6.28809e-12
1.03937e-17
3.65063e-17
6.28811e-12
-1.41046e-17
-2.65561e-17
6.28809e-12
1.42139e-17
2.77028e-17
6.28809e-12
-1.49772e-17
-2.68751e-17
6.28808e-12
1.63848e-17
2.95034e-17
-1.22774e-17
-2.56711e-17
5.73393e-12
-1.9386e-12
-1.93859e-12
5.93279e-12
-1.68955e-13
-1.68947e-13
5.83774e-12
8.03513e-14
8.03435e-14
5.88323e-12
-3.8281e-14
-3.8287e-14
5.86083e-12
1.87925e-14
1.87994e-14
5.87185e-12
-9.17803e-15
-9.16968e-15
5.86646e-12
4.44855e-15
4.44043e-15
5.86912e-12
-2.11541e-15
-2.12189e-15
5.86787e-12
9.92258e-16
9.97123e-16
5.86848e-12
-4.65292e-16
-4.70664e-16
5.86822e-12
2.18623e-16
2.19484e-16
5.86837e-12
-1.05912e-16
-1.0626e-16
5.86831e-12
6.2283e-17
6.10869e-17
5.86835e-12
-4.29979e-17
-4.25518e-17
5.86833e-12
3.79354e-17
3.73837e-17
5.86836e-12
-3.47021e-17
-3.26176e-17
5.86835e-12
3.42767e-17
3.23906e-17
5.86837e-12
-3.39331e-17
-3.19252e-17
5.86835e-12
3.28103e-17
3.09295e-17
5.86836e-12
-3.36583e-17
-3.17929e-17
5.86834e-12
3.24415e-17
3.08192e-17
5.86835e-12
-2.99819e-17
-3.55496e-17
5.86834e-12
2.93646e-17
3.45101e-17
5.86835e-12
-2.6e-17
-2.47996e-17
5.86833e-12
2.62529e-17
2.47099e-17
5.86833e-12
-2.60383e-17
-2.42845e-17
5.86833e-12
2.8361e-17
2.6334e-17
-2.30231e-17
-2.24135e-17
4.48528e-12
-1.94616e-12
-1.76213e-12
4.55286e-12
-1.48403e-13
-1.47974e-13
4.51983e-12
7.11927e-14
7.04512e-14
4.53606e-12
-3.42096e-14
-3.37513e-14
4.5281e-12
1.67151e-14
1.65594e-14
4.532e-12
-8.09232e-15
-8.07322e-15
4.53011e-12
3.86578e-15
3.9061e-15
4.53105e-12
-1.79506e-15
-1.86403e-15
4.53062e-12
8.26577e-16
8.77554e-16
4.53083e-12
-3.75556e-16
-4.12188e-16
4.53075e-12
1.83982e-16
1.94305e-16
4.53081e-12
-9.47629e-17
-9.38016e-17
4.53078e-12
6.9254e-17
5.49752e-17
4.53081e-12
-5.82909e-17
-3.82484e-17
4.5308e-12
5.95003e-17
3.40295e-17
4.53082e-12
-5.62708e-17
-2.96293e-17
4.5308e-12
5.87532e-17
2.97303e-17
4.53082e-12
-5.84331e-17
-2.92498e-17
4.5308e-12
5.76613e-17
2.84813e-17
4.53082e-12
-5.78435e-17
-2.90941e-17
4.5308e-12
5.60418e-17
2.83006e-17
4.53081e-12
-5.75915e-17
-3.2348e-17
4.5308e-12
5.3499e-17
3.10486e-17
4.53081e-12
-4.47588e-17
-2.3012e-17
4.5308e-12
4.14079e-17
2.25133e-17
4.5308e-12
-3.78495e-17
-2.27245e-17
4.5308e-12
3.73665e-17
2.42426e-17
-4.09744e-17
-1.96595e-17
2.10047e-12
-1.02577e-12
2.00186e-12
-8.16033e-14
2.04904e-12
3.93202e-14
2.02647e-12
-1.90324e-14
2.03747e-12
9.33951e-15
2.03217e-12
-4.55771e-15
2.03468e-12
2.20517e-15
2.03354e-12
-1.05181e-15
2.03406e-12
4.9246e-16
2.03383e-12
-2.30741e-16
2.03395e-12
1.0729e-16
2.03389e-12
-5.23329e-17
2.03394e-12
3.01381e-17
2.03389e-12
-2.16288e-17
2.03394e-12
1.8815e-17
2.0339e-12
-1.72492e-17
2.03395e-12
1.68879e-17
2.0339e-12
-1.66905e-17
2.03394e-12
1.61941e-17
2.0339e-12
-1.65209e-17
2.03394e-12
1.60787e-17
2.03389e-12
-1.76486e-17
2.03394e-12
1.74154e-17
2.0339e-12
-1.27831e-17
2.03394e-12
1.32054e-17
2.0339e-12
-1.22099e-17
2.03394e-12
1.32302e-17
-1.27432e-17
1.74715e-12
1.84674e-12
-1.21763e-12
1.61216e-12
1.34142e-13
-8.07403e-14
1.67675e-12
-6.43162e-14
3.9e-14
1.64568e-12
3.10165e-14
-1.8948e-14
1.66087e-12
-1.51743e-14
9.27311e-15
1.65351e-12
7.36729e-15
-4.50825e-15
1.65703e-12
-3.53658e-15
2.16983e-15
1.65539e-12
1.67268e-15
-1.02125e-15
1.65615e-12
-7.753e-16
4.77319e-16
1.6558e-12
3.59366e-16
-2.1981e-16
1.65597e-12
-1.6882e-16
1.06344e-16
1.65589e-12
8.9905e-17
-5.22646e-17
1.65595e-12
-5.71118e-17
3.4344e-17
1.6559e-12
4.80361e-17
-2.5874e-17
1.65595e-12
-4.46491e-17
2.4996e-17
1.6559e-12
4.43004e-17
-2.2807e-17
1.65595e-12
-4.43478e-17
2.35645e-17
1.6559e-12
4.43034e-17
-2.33266e-17
1.65595e-12
-4.41943e-17
2.28846e-17
1.6559e-12
4.35438e-17
-2.31048e-17
1.65595e-12
-4.30394e-17
2.23336e-17
1.6559e-12
4.34518e-17
-2.31627e-17
1.65595e-12
-4.08654e-17
2.15323e-17
1.65591e-12
3.41246e-17
-1.81907e-17
1.65594e-12
-3.14319e-17
1.7094e-17
1.65591e-12
2.55005e-17
-1.60748e-17
1.65594e-12
-2.50645e-17
1.61937e-17
3.47453e-17
-1.74098e-17
3.57123e-12
1.76212e-12
-1.84675e-12
3.54358e-12
1.47984e-13
-1.34135e-13
3.55582e-12
-7.04862e-14
6.42872e-14
3.55037e-12
3.37765e-14
-3.09924e-14
3.55311e-12
-1.65983e-14
1.51394e-14
3.55174e-12
8.11552e-15
-7.33128e-15
3.55244e-12
-3.94098e-15
3.50484e-15
3.5521e-12
1.91431e-15
-1.62966e-15
3.55228e-12
-9.0476e-16
7.52149e-16
3.5522e-12
4.2992e-16
-3.42478e-16
3.55225e-12
-1.95427e-16
1.68167e-16
3.55224e-12
1.00268e-16
-8.56814e-17
3.55224e-12
-4.96826e-17
6.24496e-17
3.55226e-12
3.60028e-17
-5.1391e-17
3.55225e-12
-2.58448e-17
5.2566e-17
3.55227e-12
2.56135e-17
-4.93629e-17
3.55225e-12
-2.29872e-17
5.161e-17
3.55227e-12
2.25529e-17
-5.14227e-17
3.55225e-12
-2.28359e-17
5.06636e-17
3.55227e-12
2.1842e-17
-5.09427e-17
3.55225e-12
-2.28036e-17
4.92988e-17
3.55226e-12
2.49974e-17
-5.05332e-17
3.55225e-12
-2.50249e-17
4.67296e-17
3.55226e-12
1.80388e-17
-3.96767e-17
3.55225e-12
-1.79529e-17
3.64625e-17
3.55225e-12
1.42923e-17
-3.38532e-17
3.55225e-12
-1.5077e-17
3.33463e-17
1.87639e-17
-3.57482e-17
4.48528e-12
6.86395e-13
-1.94616e-12
4.55286e-12
5.98826e-14
-1.48403e-13
4.51983e-12
-2.84117e-14
7.1197e-14
4.53606e-12
1.35592e-14
-3.42147e-14
4.5281e-12
-6.68015e-15
1.67197e-14
4.532e-12
3.27294e-15
-8.09597e-15
4.53011e-12
-1.5956e-15
3.86776e-15
4.53105e-12
7.95078e-16
-1.79767e-15
4.53062e-12
-3.78902e-16
8.25951e-16
4.53083e-12
1.83928e-16
-3.76147e-16
4.53075e-12
-7.96872e-17
1.8214e-16
4.53081e-12
4.25557e-17
-9.31182e-17
4.53078e-12
-1.62769e-17
6.72827e-17
4.53081e-12
1.2162e-17
-5.64378e-17
4.5308e-12
-5.47763e-18
5.72369e-17
4.53082e-12
5.96355e-18
-5.43364e-17
4.5308e-12
-3.97533e-18
5.63404e-17
4.53082e-12
3.57998e-18
-5.62011e-17
4.5308e-12
-4.29467e-18
5.52061e-17
4.53082e-12
3.2155e-18
-5.56975e-17
4.5308e-12
-4.44424e-18
5.36803e-17
4.53081e-12
8.39285e-18
-5.59468e-17
4.5308e-12
-9.05235e-18
5.25829e-17
4.53081e-12
3.20412e-18
-4.24059e-17
4.5308e-12
-3.59829e-18
4.05498e-17
4.5308e-12
1.45226e-18
-3.6624e-17
4.5308e-12
-1.48265e-18
3.69397e-17
4.3627e-18
-4.00547e-17
4.76721e-12
-6.86413e-13
-1.95811e-12
4.86478e-12
-5.98887e-14
-1.51115e-13
4.81777e-12
2.83921e-14
7.26264e-14
4.84055e-12
-1.35321e-14
-3.48878e-14
4.82936e-12
6.64171e-15
1.70662e-14
4.83485e-12
-3.24985e-15
-8.27432e-15
4.83218e-12
1.58203e-15
3.95832e-15
4.83351e-12
-7.46743e-16
-1.84609e-15
4.8329e-12
3.5131e-16
8.46517e-16
4.83319e-12
-1.66027e-16
-3.86446e-16
4.83308e-12
7.99431e-17
1.82429e-16
4.83315e-12
-3.78904e-17
-9.15884e-17
4.83312e-12
2.3856e-17
6.34552e-17
4.83315e-12
-1.50674e-17
-5.28595e-17
4.83314e-12
1.43018e-17
5.27285e-17
4.83316e-12
-1.27398e-17
-4.98785e-17
4.83314e-12
1.29449e-17
5.13438e-17
4.83316e-12
-1.30123e-17
-5.10481e-17
4.83314e-12
1.22485e-17
5.00778e-17
4.83316e-12
-1.30495e-17
-5.0632e-17
4.83314e-12
1.21642e-17
4.87924e-17
4.83315e-12
-7.97632e-18
-5.21126e-17
4.83314e-12
7.51611e-18
4.98088e-17
4.83315e-12
-1.01218e-17
-3.8e-17
4.83314e-12
9.26162e-18
3.8005e-17
4.83314e-12
-1.04783e-17
-3.37352e-17
4.83314e-12
1.14938e-17
3.5392e-17
-6.72971e-18
-3.8935e-17
4.48528e-12
-1.76213e-12
-1.94616e-12
4.55286e-12
-1.4798e-13
-1.484e-13
4.51983e-12
7.04569e-14
7.119e-14
4.53606e-12
-3.37471e-14
-3.42114e-14
4.5281e-12
1.65545e-14
1.67171e-14
4.532e-12
-8.07945e-15
-8.08966e-15
4.53011e-12
3.91219e-15
3.86312e-15
4.53105e-12
-1.85926e-15
-1.79672e-15
4.53062e-12
8.73904e-16
8.27853e-16
4.53083e-12
-4.08174e-16
-3.76993e-16
4.53075e-12
1.93582e-16
1.84158e-16
4.53081e-12
-9.34549e-17
-9.47641e-17
4.53078e-12
5.57996e-17
6.88649e-17
4.53081e-12
-3.85332e-17
-5.81059e-17
4.5308e-12
3.43955e-17
5.93204e-17
4.53082e-12
-3.11141e-17
-5.56196e-17
4.5308e-12
3.10628e-17
5.81733e-17
4.53082e-12
-3.06794e-17
-5.78076e-17
4.5308e-12
2.98047e-17
5.70773e-17
4.53082e-12
-3.04186e-17
-5.72575e-17
4.5308e-12
2.94295e-17
5.55489e-17
4.53081e-12
-2.82435e-17
-5.91663e-17
4.5308e-12
2.72234e-17
5.4919e-17
4.53081e-12
-2.38092e-17
-4.44153e-17
4.5308e-12
2.35887e-17
4.09202e-17
4.5308e-12
-2.42088e-17
-3.74779e-17
4.5308e-12
2.59912e-17
3.69509e-17
-1.96687e-17
-4.05569e-17
3.57123e-12
-1.84674e-12
-1.84674e-12
3.54358e-12
-1.34134e-13
-1.34132e-13
3.55582e-12
6.42893e-14
6.42878e-14
3.55037e-12
-3.09942e-14
-3.09957e-14
3.55311e-12
1.51416e-14
1.51433e-14
3.55174e-12
-7.33399e-15
-7.33245e-15
3.55244e-12
3.50662e-15
3.50507e-15
3.5521e-12
-1.63316e-15
-1.63471e-15
3.55228e-12
7.54046e-16
7.55179e-16
3.5522e-12
-3.43152e-16
-3.44448e-16
3.55225e-12
1.67336e-16
1.67549e-16
3.55224e-12
-8.54275e-17
-8.5535e-17
3.55224e-12
6.11612e-17
6.08913e-17
3.55226e-12
-5.05805e-17
-5.05029e-17
3.55225e-12
5.10785e-17
5.09575e-17
3.55227e-12
-4.82535e-17
-4.77946e-17
3.55225e-12
5.0232e-17
4.98007e-17
3.55227e-12
-4.99788e-17
-4.95244e-17
3.55225e-12
4.93682e-17
4.89352e-17
3.55227e-12
-4.94714e-17
-4.90521e-17
3.55225e-12
4.79394e-17
4.75401e-17
3.55226e-12
-4.91739e-17
-5.05012e-17
3.55225e-12
4.56659e-17
4.69559e-17
3.55226e-12
-3.83269e-17
-3.80309e-17
3.55225e-12
3.56598e-17
3.53078e-17
3.55225e-12
-3.30386e-17
-3.27039e-17
3.55225e-12
3.29113e-17
3.25442e-17
-3.47026e-17
-3.43841e-17
1.74715e-12
-1.21762e-12
1.61216e-12
-8.07425e-14
1.67675e-12
3.90074e-14
1.64568e-12
-1.89537e-14
1.66087e-12
9.28095e-15
1.65351e-12
-4.5168e-15
1.65703e-12
2.17651e-15
1.65539e-12
-1.03026e-15
1.65615e-12
4.81584e-16
1.6558e-12
-2.23177e-16
1.65597e-12
1.06297e-16
1.65589e-12
-5.29839e-17
1.65595e-12
3.31975e-17
1.6559e-12
-2.52285e-17
1.65595e-12
2.33953e-17
1.6559e-12
-2.18221e-17
1.65595e-12
2.20679e-17
1.6559e-12
-2.18682e-17
1.65595e-12
2.15232e-17
1.6559e-12
-2.16036e-17
1.65595e-12
2.10408e-17
1.6559e-12
-2.19219e-17
1.65595e-12
2.07865e-17
1.65591e-12
-1.69132e-17
1.65594e-12
1.62197e-17
1.65591e-12
-1.52013e-17
1.65594e-12
1.55319e-17
-1.54489e-17
9.66793e-13
1.21762e-12
8.05308e-13
8.07468e-14
8.83323e-13
-3.90222e-14
8.45415e-13
1.89651e-14
8.63977e-13
-9.29696e-15
8.54943e-13
4.53457e-15
8.59296e-13
-2.19091e-15
8.57236e-13
1.04916e-15
8.58199e-13
-4.90513e-16
8.57753e-13
2.29938e-16
8.57965e-13
-1.06119e-16
8.5786e-13
5.45716e-17
8.57926e-13
-3.0819e-17
8.57876e-13
2.36971e-17
8.57922e-13
-1.97983e-17
8.57879e-13
1.98332e-17
8.57923e-13
-1.89246e-17
8.57879e-13
1.88753e-17
8.57922e-13
-1.87051e-17
8.57879e-13
1.84741e-17
8.57921e-13
-1.83908e-17
8.57878e-13
1.83537e-17
8.57919e-13
-1.80484e-17
8.57885e-13
1.43717e-17
8.57917e-13
-1.43439e-17
8.57887e-13
1.24273e-17
8.57918e-13
-1.31177e-17
1.34309e-17
1.74715e-12
1.02576e-12
1.61216e-12
8.16053e-14
1.67675e-12
-3.93365e-14
1.64568e-12
1.90452e-14
1.66087e-12
-9.35733e-15
1.65351e-12
4.57712e-15
1.65703e-12
-2.21971e-15
1.65539e-12
1.07427e-15
1.65615e-12
-5.0344e-16
1.6558e-12
2.37788e-16
1.65597e-12
-1.06147e-16
1.65589e-12
5.37904e-17
1.65595e-12
-2.63918e-17
1.6559e-12
1.94533e-17
1.65595e-12
-1.37213e-17
1.6559e-12
1.4246e-17
1.65595e-12
-1.24228e-17
1.6559e-12
1.22719e-17
1.65595e-12
-1.21721e-17
1.6559e-12
1.19006e-17
1.65595e-12
-1.21409e-17
1.6559e-12
1.31618e-17
1.65595e-12
-1.40478e-17
1.65591e-12
8.92936e-18
1.65594e-12
-1.06165e-17
1.65591e-12
8.59215e-18
1.65594e-12
-1.02859e-17
9.82603e-18
2.10047e-12
3.8116e-13
2.00186e-12
3.1816e-14
2.04904e-12
-1.53238e-14
2.02647e-12
7.4064e-15
2.03747e-12
-3.64858e-15
2.03217e-12
1.78894e-15
2.03468e-12
-8.69632e-16
2.03354e-12
4.28856e-16
2.03406e-12
-2.01669e-16
2.03383e-12
9.58589e-17
2.03395e-12
-4.06418e-17
2.03389e-12
2.07504e-17
2.03394e-12
-7.81172e-18
2.03389e-12
5.83463e-18
2.03394e-12
-2.49165e-18
2.0339e-12
2.98327e-18
2.03395e-12
-1.83158e-18
2.0339e-12
1.63099e-18
2.03394e-12
-1.84081e-18
2.0339e-12
1.44114e-18
2.03394e-12
-1.9568e-18
2.03389e-12
3.74049e-18
2.03394e-12
-4.50985e-18
2.0339e-12
1.09304e-18
2.03394e-12
-2.25459e-18
2.0339e-12
1.32832e-18
2.03394e-12
-2.3368e-18
2.19807e-18
2.20626e-12
-3.81168e-13
2.11878e-12
-3.1821e-14
2.16075e-12
1.53202e-14
2.14068e-12
-7.39906e-15
2.15045e-12
3.6362e-15
2.14576e-12
-1.78292e-15
2.14797e-12
8.66922e-16
2.14698e-12
-4.10372e-16
2.14742e-12
1.89719e-16
2.14723e-12
-8.88411e-17
2.14733e-12
3.96669e-17
2.14728e-12
-1.76883e-17
2.14733e-12
9.70373e-18
2.14728e-12
-5.70207e-18
2.14733e-12
4.6714e-18
2.14729e-12
-4.42409e-18
2.14733e-12
3.97634e-18
2.14729e-12
-4.03319e-18
2.14733e-12
3.53565e-18
2.14729e-12
-4.07206e-18
2.14733e-12
3.6101e-18
2.14728e-12
-2.00657e-18
2.14733e-12
2.69682e-18
2.14729e-12
-2.52935e-18
2.14732e-12
4.1396e-18
2.14729e-12
-3.62288e-18
2.14732e-12
4.97244e-18
-4.55192e-18
2.10047e-12
-1.02577e-12
2.00186e-12
-8.16048e-14
2.04904e-12
3.93216e-14
2.02647e-12
-1.9031e-14
2.03747e-12
9.33766e-15
2.03217e-12
-4.55931e-15
2.03468e-12
2.20668e-15
2.03354e-12
-1.04997e-15
2.03406e-12
4.90996e-16
2.03383e-12
-2.29091e-16
2.03395e-12
1.06917e-16
2.03389e-12
-5.20794e-17
2.03394e-12
3.03718e-17
2.03389e-12
-2.15871e-17
2.03394e-12
1.88394e-17
2.0339e-12
-1.77054e-17
2.03395e-12
1.73052e-17
2.0339e-12
-1.71356e-17
2.03394e-12
1.66089e-17
2.0339e-12
-1.69192e-17
2.03394e-12
1.64806e-17
2.03389e-12
-1.58963e-17
2.03394e-12
1.56603e-17
2.0339e-12
-1.30738e-17
2.03394e-12
1.35755e-17
2.0339e-12
-1.2589e-17
2.03394e-12
1.36753e-17
-1.31289e-17
1.74715e-12
-1.21762e-12
1.61216e-12
-8.07424e-14
1.67675e-12
3.90073e-14
1.64568e-12
-1.89537e-14
1.66087e-12
9.28081e-15
1.65351e-12
-4.51686e-15
1.65703e-12
2.17648e-15
1.65539e-12
-1.02997e-15
1.65615e-12
4.81253e-16
1.6558e-12
-2.22822e-16
1.65597e-12
1.06136e-16
1.65589e-12
-5.28378e-17
1.65595e-12
3.31613e-17
1.6559e-12
-2.51094e-17
1.65595e-12
2.32987e-17
1.6559e-12
-2.18195e-17
1.65595e-12
2.20542e-17
1.6559e-12
-2.18593e-17
1.65595e-12
2.15053e-17
1.6559e-12
-2.15829e-17
1.65595e-12
2.10441e-17
1.6559e-12
-2.14972e-17
1.65595e-12
2.03208e-17
1.65591e-12
-1.69073e-17
1.65594e-12
1.62378e-17
1.65591e-12
-1.52459e-17
1.65594e-12
1.56099e-17
-1.55167e-17
9.66793e-13
8.05308e-13
8.83323e-13
8.45415e-13
8.63977e-13
8.54943e-13
8.59296e-13
8.57236e-13
8.58199e-13
8.57753e-13
8.57965e-13
8.5786e-13
8.57926e-13
8.57876e-13
8.57922e-13
8.57879e-13
8.57923e-13
8.57879e-13
8.57922e-13
8.57879e-13
8.57921e-13
8.57878e-13
8.57919e-13
8.57885e-13
8.57917e-13
8.57887e-13
8.57918e-13
)
;

boundaryField
{
    inlet
    {
        type            calculated;
        value           nonuniform List<scalar> 
49
(
-3.40204e-12
-3.40204e-12
-3.40204e-12
-3.40204e-12
-3.40204e-12
-3.40204e-12
-3.40204e-12
-3.40204e-12
-3.40204e-12
-3.40204e-12
-3.40204e-12
-3.40204e-12
-3.40204e-12
-3.40204e-12
-3.40204e-12
-3.40204e-12
-3.40204e-12
-3.40204e-12
-3.40204e-12
-3.40204e-12
-3.40204e-12
-3.40204e-12
-3.40204e-12
-3.40204e-12
-3.40204e-12
-3.40204e-12
-3.40204e-12
-3.40204e-12
-3.40204e-12
-3.40204e-12
-3.40204e-12
-3.40204e-12
-3.40204e-12
-3.40204e-12
-3.40204e-12
-3.40204e-12
-3.40204e-12
-3.40204e-12
-3.40204e-12
-3.40204e-12
-3.40204e-12
-3.40204e-12
-3.40204e-12
-3.40204e-12
-3.40204e-12
-3.40204e-12
-3.40204e-12
-3.40204e-12
-3.40204e-12
)
;
    }
    outlet
    {
        type            calculated;
        value           nonuniform List<scalar> 
49
(
8.57887e-13
1.65591e-12
2.0339e-12
2.14729e-12
2.0339e-12
1.65591e-12
8.57887e-13
1.65591e-12
3.55228e-12
4.53083e-12
4.83316e-12
4.53083e-12
3.55228e-12
1.65591e-12
2.0339e-12
4.53083e-12
5.86836e-12
6.28811e-12
5.86836e-12
4.53083e-12
2.0339e-12
2.14729e-12
4.83316e-12
6.28811e-12
6.747e-12
6.28811e-12
4.83316e-12
2.14729e-12
2.0339e-12
4.53083e-12
5.86836e-12
6.28811e-12
5.86836e-12
4.53083e-12
2.0339e-12
1.65591e-12
3.55228e-12
4.53083e-12
4.83316e-12
4.53083e-12
3.55228e-12
1.65591e-12
8.57887e-13
1.65591e-12
2.0339e-12
2.14729e-12
2.0339e-12
1.65591e-12
8.57887e-13
)
;
    }
    Walls
    {
        type            calculated;
        value           uniform 0;
    }
}


// ************************************************************************* //
