/*--------------------------------*- C++ -*----------------------------------*\
  =========                 |
  \\      /  F ield         | OpenFOAM: The Open Source CFD Toolbox
   \\    /   O peration     | Website:  https://openfoam.org
    \\  /    A nd           | Version:  13
     \\/     M anipulation  |
\*---------------------------------------------------------------------------*/
FoamFile
{
    format      ascii;
    class       volVectorField;
    location    "33";
    object      U;
}
// * * * * * * * * * * * * * * * * * * * * * * * * * * * * * * * * * * * * * //

dimensions      [0 1 -1 0 0 0 0];

internalField   nonuniform List<vector> 
1372
(
(0.00319907 6.97633e-05 6.97633e-05)
(0.00473322 5.69154e-06 5.69151e-06)
(0.0039375 -2.8036e-06 -2.80359e-06)
(0.0043345 1.37305e-06 1.37308e-06)
(0.00413932 -6.72979e-07 -6.73017e-07)
(0.00423524 3.28456e-07 3.28462e-07)
(0.00418823 -1.59133e-07 -1.59133e-07)
(0.00421113 7.63678e-08 7.63979e-08)
(0.00420015 -3.60721e-08 -3.60602e-08)
(0.00420531 1.69792e-08 1.69766e-08)
(0.00420296 -7.98095e-09 -7.97021e-09)
(0.004204 4.06208e-09 4.05358e-09)
(0.00420359 -2.29582e-09 -2.29103e-09)
(0.00420374 1.67523e-09 1.65945e-09)
(0.0042037 -1.40923e-09 -1.39407e-09)
(0.00420371 1.34502e-09 1.34072e-09)
(0.00420372 -1.30998e-09 -1.30048e-09)
(0.00420371 1.29801e-09 1.29296e-09)
(0.00420371 -1.29713e-09 -1.28804e-09)
(0.00420372 1.27175e-09 1.26567e-09)
(0.0042037 -1.2711e-09 -1.26615e-09)
(0.00420372 1.24867e-09 1.21232e-09)
(0.00420368 -1.17801e-09 -1.13649e-09)
(0.00420374 1.04607e-09 1.04344e-09)
(0.0042037 -9.40339e-10 -9.37332e-10)
(0.00420373 8.8062e-10 8.77184e-10)
(0.00420372 -8.61521e-10 -8.63348e-10)
(0.00420372 8.69189e-10 8.68291e-10)
(0.00614863 0.000122995 0.000105917)
(0.00912484 8.7546e-06 1.01834e-05)
(0.00760792 -4.19793e-06 -4.98532e-06)
(0.00836265 2.0305e-06 2.42738e-06)
(0.00799163 -9.96318e-07 -1.18496e-06)
(0.00817388 4.86277e-07 5.74341e-07)
(0.00808465 -2.35243e-07 -2.76337e-07)
(0.00812806 1.13124e-07 1.31417e-07)
(0.0081073 -5.29303e-08 -6.23412e-08)
(0.00811704 2.49923e-08 2.93933e-08)
(0.00811262 -1.13193e-08 -1.48422e-08)
(0.00811458 5.80859e-09 8.24028e-09)
(0.0081138 -3.10035e-09 -5.54905e-09)
(0.00811409 2.39033e-09 4.4468e-09)
(0.00811401 -1.91556e-09 -4.28599e-09)
(0.00811404 1.88449e-09 4.0849e-09)
(0.00811405 -1.77427e-09 -4.21676e-09)
(0.00811404 1.74619e-09 4.2355e-09)
(0.00811404 -1.74746e-09 -4.28067e-09)
(0.00811405 1.71156e-09 4.14878e-09)
(0.00811402 -1.72694e-09 -4.15403e-09)
(0.00811405 1.87217e-09 3.92696e-09)
(0.00811398 -1.88774e-09 -3.3594e-09)
(0.00811409 1.32066e-09 3.55827e-09)
(0.008114 -1.37165e-09 -2.60871e-09)
(0.00811407 1.15167e-09 2.62233e-09)
(0.00811404 -1.24942e-09 -2.12752e-09)
(0.00811404 1.31439e-09 2.09865e-09)
(0.00753545 7.81434e-05 0.00010325)
(0.0112014 6.28195e-06 1.10861e-05)
(0.00935015 -3.01497e-06 -5.44163e-06)
(0.0102688 1.45634e-06 2.64771e-06)
(0.00981719 -7.17372e-07 -1.29273e-06)
(0.010039 3.51791e-07 6.26645e-07)
(0.00993048 -1.713e-07 -3.01338e-07)
(0.00998319 8.44375e-08 1.43364e-07)
(0.00995805 -3.96071e-08 -6.77305e-08)
(0.00996981 1.91702e-08 3.19895e-08)
(0.0099645 -8.023e-09 -1.58702e-08)
(0.00996684 4.10712e-09 8.85958e-09)
(0.00996592 -1.56267e-09 -5.82251e-09)
(0.00996626 1.145e-09 4.72527e-09)
(0.00996618 -5.25764e-10 -4.4396e-09)
(0.0099662 5.89506e-10 4.31987e-09)
(0.00996623 -3.63864e-10 -4.39944e-09)
(0.00996621 3.37565e-10 4.42117e-09)
(0.00996621 -3.56543e-10 -4.465e-09)
(0.00996623 3.18067e-10 4.3303e-09)
(0.00996619 -3.93886e-10 -4.31833e-09)
(0.00996623 7.28339e-10 4.03939e-09)
(0.00996614 -9.03897e-10 -3.53901e-09)
(0.00996627 2.01979e-10 3.60149e-09)
(0.00996616 -4.41793e-10 -2.80191e-09)
(0.00996624 2.32315e-10 2.71907e-09)
(0.0099662 -4.26361e-10 -2.30826e-09)
(0.0099662 4.05678e-10 2.21711e-09)
(0.00794984 -1.07686e-09 0.00010088)
(0.0118238 -6.21201e-11 1.11588e-05)
(0.00987345 -1.24673e-09 -5.48721e-06)
(0.0108403 2.08679e-09 2.67057e-06)
(0.010365 -2.79708e-09 -1.30463e-06)
(0.0105984 1.80785e-09 6.32739e-07)
(0.0104842 -1.56285e-09 -3.04227e-07)
(0.0105396 3.10034e-09 1.44795e-07)
(0.0105132 -1.73813e-09 -6.8169e-08)
(0.0105256 1.46897e-09 3.21182e-08)
(0.01052 -1.33127e-10 -1.57088e-08)
(0.0105225 2.2765e-10 8.67613e-09)
(0.0105215 3.85627e-10 -5.5962e-09)
(0.0105219 -2.63175e-10 4.51979e-09)
(0.0105218 4.8351e-10 -4.17869e-09)
(0.0105218 -4.74652e-10 4.1182e-09)
(0.0105218 5.73517e-10 -4.14802e-09)
(0.0105218 -5.74528e-10 4.17493e-09)
(0.0105218 5.35298e-10 -4.19784e-09)
(0.0105218 -5.74514e-10 4.08542e-09)
(0.0105218 4.92218e-10 -4.06567e-09)
(0.0105218 -5.21525e-11 3.73902e-09)
(0.0105217 1.89995e-11 -3.31376e-09)
(0.0105219 -4.03024e-10 3.34151e-09)
(0.0105218 4.28525e-10 -2.71902e-09)
(0.0105219 -4.54502e-10 2.58305e-09)
(0.0105218 4.6512e-10 -2.29096e-09)
(0.0105218 -4.46391e-10 2.19908e-09)
(0.00753545 -7.81444e-05 0.000103248)
(0.0112014 -6.28161e-06 1.10855e-05)
(0.00935015 3.01216e-06 -5.44119e-06)
(0.0102688 -1.45251e-06 2.6477e-06)
(0.00981719 7.1234e-07 -1.29269e-06)
(0.010039 -3.48153e-07 6.26444e-07)
(0.00993048 1.68208e-07 -3.00981e-07)
(0.00998319 -7.89086e-08 1.43244e-07)
(0.00995805 3.66053e-08 -6.75724e-08)
(0.00996981 -1.66332e-08 3.17759e-08)
(0.0099645 7.88913e-09 -1.57703e-08)
(0.00996684 -3.73292e-09 8.71263e-09)
(0.00996592 2.31677e-09 -5.7653e-09)
(0.00996626 -1.6456e-09 4.60877e-09)
(0.00996618 1.46836e-09 -4.35744e-09)
(0.0099662 -1.45641e-09 4.25205e-09)
(0.00996623 1.42936e-09 -4.31837e-09)
(0.00996621 -1.411e-09 4.35566e-09)
(0.00996621 1.35493e-09 -4.37978e-09)
(0.00996623 -1.39153e-09 4.25351e-09)
(0.00996619 1.32646e-09 -4.26629e-09)
(0.00996623 -9.93402e-10 3.80807e-09)
(0.00996614 1.04472e-09 -3.26716e-09)
(0.00996627 -1.0074e-09 3.58892e-09)
(0.00996616 1.19773e-09 -2.77056e-09)
(0.00996624 -1.07447e-09 2.71009e-09)
(0.0099662 1.24608e-09 -2.33447e-09)
(0.0099662 -1.21007e-09 2.23345e-09)
(0.00614863 -0.000122996 0.000105915)
(0.00912484 -8.75372e-06 1.01829e-05)
(0.00760792 4.19535e-06 -4.98549e-06)
(0.00836265 -2.02816e-06 2.42775e-06)
(0.00799163 9.93224e-07 -1.18523e-06)
(0.00817388 -4.83329e-07 5.74717e-07)
(0.00808465 2.32742e-07 -2.76331e-07)
(0.00812806 -1.09663e-07 1.31522e-07)
(0.0081073 5.11408e-08 -6.20875e-08)
(0.00811704 -2.35303e-08 2.9162e-08)
(0.00811262 1.12875e-08 -1.44885e-08)
(0.00811458 -5.53732e-09 7.94703e-09)
(0.0081138 3.56651e-09 -5.24818e-09)
(0.00811409 -2.68058e-09 4.15962e-09)
(0.00811401 2.53963e-09 -3.93718e-09)
(0.00811404 -2.3554e-09 3.82411e-09)
(0.00811405 2.40214e-09 -3.89486e-09)
(0.00811404 -2.37575e-09 3.91683e-09)
(0.00811404 2.3274e-09 -3.94723e-09)
(0.00811405 -2.3483e-09 3.82556e-09)
(0.00811402 2.28266e-09 -3.85035e-09)
(0.00811405 -2.28778e-09 3.39464e-09)
(0.00811398 2.1639e-09 -2.91115e-09)
(0.00811409 -1.83536e-09 3.25707e-09)
(0.008114 1.78888e-09 -2.50062e-09)
(0.00811407 -1.66981e-09 2.45054e-09)
(0.00811404 1.73134e-09 -2.10277e-09)
(0.00811404 -1.78671e-09 2.05456e-09)
(0.00319907 -6.97642e-05 6.97639e-05)
(0.00473322 -5.69115e-06 5.69167e-06)
(0.0039375 2.80262e-06 -2.80396e-06)
(0.0043345 -1.37247e-06 1.37317e-06)
(0.00413932 6.72105e-07 -6.73152e-07)
(0.00423524 -3.27313e-07 3.28876e-07)
(0.00418823 1.58135e-07 -1.59416e-07)
(0.00421113 -7.52615e-08 7.65532e-08)
(0.00420015 3.55111e-08 -3.60595e-08)
(0.00420531 -1.65432e-08 1.69448e-08)
(0.00420296 7.94433e-09 -7.92244e-09)
(0.004204 -3.92465e-09 4.04746e-09)
(0.00420359 2.39558e-09 -2.2567e-09)
(0.00420374 -1.7248e-09 1.63463e-09)
(0.0042037 1.57628e-09 -1.33267e-09)
(0.00420371 -1.42565e-09 1.33736e-09)
(0.00420372 1.45069e-09 -1.26918e-09)
(0.00420371 -1.43329e-09 1.26788e-09)
(0.00420371 1.4175e-09 -1.25986e-09)
(0.00420372 -1.41421e-09 1.23607e-09)
(0.0042037 1.38871e-09 -1.23824e-09)
(0.00420372 -1.44623e-09 1.06878e-09)
(0.00420368 1.32435e-09 -1.02905e-09)
(0.00420374 -1.16299e-09 1.00401e-09)
(0.0042037 1.03467e-09 -9.42773e-10)
(0.00420373 -1.00141e-09 8.66589e-10)
(0.00420372 9.79783e-10 -8.80549e-10)
(0.00420372 -1.03366e-09 8.32732e-10)
(0.00614863 0.000105917 0.000122995)
(0.00912484 1.01833e-05 8.75482e-06)
(0.00760792 -4.98526e-06 -4.19822e-06)
(0.00836265 2.42735e-06 2.03047e-06)
(0.00799163 -1.18492e-06 -9.96296e-07)
(0.00817388 5.74254e-07 4.86604e-07)
(0.00808465 -2.76263e-07 -2.35549e-07)
(0.00812806 1.31386e-07 1.13113e-07)
(0.0081073 -6.23836e-08 -5.28112e-08)
(0.00811704 2.9419e-08 2.48884e-08)
(0.00811262 -1.48626e-08 -1.12799e-08)
(0.00811458 8.2528e-09 5.79094e-09)
(0.0081138 -5.54908e-09 -3.11833e-09)
(0.00811409 4.47021e-09 2.36251e-09)
(0.00811401 -4.31065e-09 -1.87987e-09)
(0.00811404 4.07811e-09 1.92784e-09)
(0.00811405 -4.22398e-09 -1.78666e-09)
(0.00811404 4.2314e-09 1.78231e-09)
(0.00811404 -4.28701e-09 -1.76161e-09)
(0.00811405 4.14713e-09 1.74195e-09)
(0.00811402 -4.15614e-09 -1.74073e-09)
(0.00811405 4.02068e-09 1.6405e-09)
(0.00811398 -3.45543e-09 -1.66462e-09)
(0.00811409 3.55944e-09 1.32446e-09)
(0.008114 -2.60328e-09 -1.40375e-09)
(0.00811407 2.62443e-09 1.1661e-09)
(0.00811404 -2.1178e-09 -1.28692e-09)
(0.00811404 2.09219e-09 1.33351e-09)
(0.0131367 0.000203725 0.000203725)
(0.0195545 1.57962e-05 1.57969e-05)
(0.0163388 -7.49788e-06 -7.49866e-06)
(0.0179303 3.59525e-06 3.59502e-06)
(0.017148 -1.76608e-06 -1.76585e-06)
(0.0175321 8.62475e-07 8.63327e-07)
(0.0173442 -4.17189e-07 -4.18026e-07)
(0.0174355 2.00516e-07 2.00342e-07)
(0.0173918 -9.32385e-08 -9.29497e-08)
(0.0174124 4.38474e-08 4.35811e-08)
(0.017403 -1.93003e-08 -1.92355e-08)
(0.0174072 9.71636e-09 9.70781e-09)
(0.0174055 -4.88533e-09 -4.95689e-09)
(0.0174062 3.78236e-09 3.77891e-09)
(0.017406 -2.8454e-09 -2.82375e-09)
(0.0174061 2.91563e-09 3.05398e-09)
(0.0174061 -2.62453e-09 -2.70785e-09)
(0.0174061 2.58795e-09 2.71146e-09)
(0.0174061 -2.54577e-09 -2.63174e-09)
(0.0174061 2.53906e-09 2.65165e-09)
(0.017406 -2.53409e-09 -2.60054e-09)
(0.0174061 2.88575e-09 2.4284e-09)
(0.0174059 -3.0731e-09 -2.65708e-09)
(0.0174062 1.80446e-09 1.8389e-09)
(0.017406 -2.25315e-09 -2.35034e-09)
(0.0174061 1.536e-09 1.62809e-09)
(0.017406 -1.93088e-09 -2.06588e-09)
(0.0174061 2.79492e-09 2.78707e-09)
(0.0167204 0.000137669 0.000222615)
(0.0249297 1.1654e-05 1.8029e-05)
(0.0208537 -5.50688e-06 -8.54916e-06)
(0.0228628 2.62586e-06 4.07772e-06)
(0.0218751 -1.29297e-06 -2.00362e-06)
(0.0223599 6.33077e-07 9.79808e-07)
(0.0221229 -3.08347e-07 -4.7425e-07)
(0.022238 1.5213e-07 2.27423e-07)
(0.0221831 -7.20043e-08 -1.05149e-07)
(0.0222088 3.49914e-08 4.93094e-08)
(0.0221972 -1.51625e-08 -2.16238e-08)
(0.0222024 7.94779e-09 1.10819e-08)
(0.0222003 -3.31669e-09 -5.64897e-09)
(0.0222011 2.42619e-09 4.43344e-09)
(0.0222009 -1.36046e-09 -3.30628e-09)
(0.022201 1.39591e-09 3.68115e-09)
(0.022201 -1.05314e-09 -3.23843e-09)
(0.022201 1.02375e-09 3.25508e-09)
(0.022201 -1.07393e-09 -3.16978e-09)
(0.022201 9.7651e-10 3.17226e-09)
(0.0222009 -1.12128e-09 -3.14059e-09)
(0.022201 1.71111e-09 2.82722e-09)
(0.0222008 -1.82811e-09 -3.12875e-09)
(0.0222011 8.14434e-10 2.21038e-09)
(0.0222008 -9.02468e-10 -2.80561e-09)
(0.022201 5.64246e-10 1.9226e-09)
(0.0222009 -6.83765e-10 -2.4321e-09)
(0.022201 9.16638e-10 3.18007e-09)
(0.0178238 -2.0628e-09 0.000225511)
(0.0265895 -1.54311e-11 1.85073e-05)
(0.0222505 -2.55688e-09 -8.78423e-06)
(0.0243859 3.72526e-09 4.18381e-06)
(0.0233361 -5.08538e-09 -2.05666e-06)
(0.0238513 3.38592e-09 1.00649e-06)
(0.0235995 -2.98158e-09 -4.87466e-07)
(0.0237217 5.76501e-09 2.33826e-07)
(0.0236635 -3.22547e-09 -1.08028e-07)
(0.0236907 2.7612e-09 5.06003e-08)
(0.0236784 -2.32906e-10 -2.21314e-08)
(0.0236839 5.01263e-10 1.13098e-08)
(0.0236817 7.40626e-10 -5.70387e-09)
(0.0236826 -4.66796e-10 4.46662e-09)
(0.0236824 9.5014e-10 -3.27958e-09)
(0.0236824 -8.75866e-10 3.70521e-09)
(0.0236825 1.0811e-09 -3.22344e-09)
(0.0236824 -1.08547e-09 3.23868e-09)
(0.0236824 1.00579e-09 -3.14757e-09)
(0.0236825 -1.08762e-09 3.15249e-09)
(0.0236824 9.40734e-10 -3.12382e-09)
(0.0236825 -1.59851e-10 2.77511e-09)
(0.0236823 6.06953e-11 -3.139e-09)
(0.0236826 -8.08125e-10 2.18165e-09)
(0.0236823 7.85348e-10 -2.84619e-09)
(0.0236825 -9.61098e-10 1.9157e-09)
(0.0236823 9.82807e-10 -2.46657e-09)
(0.0236824 -6.44839e-10 3.24371e-09)
(0.0167204 -0.000137672 0.000222616)
(0.0249297 -1.16538e-05 1.80291e-05)
(0.0208537 5.50187e-06 -8.54875e-06)
(0.0228628 -2.61947e-06 4.077e-06)
(0.0218751 1.284e-06 -2.00282e-06)
(0.0223599 -6.26446e-07 9.79384e-07)
(0.0221229 3.02439e-07 -4.73962e-07)
(0.022238 -1.41707e-07 2.26665e-07)
(0.0221831 6.617e-08 -1.04857e-07)
(0.0222088 -3.00959e-08 4.89764e-08)
(0.0221972 1.47054e-08 -2.17083e-08)
(0.0222024 -6.94238e-09 1.11315e-08)
(0.0222003 4.57378e-09 -5.8402e-09)
(0.0222011 -3.19161e-09 4.61087e-09)
(0.0222009 3.03389e-09 -3.54654e-09)
(0.022201 -2.84216e-09 3.89582e-09)
(0.022201 2.89195e-09 -3.50574e-09)
(0.022201 -2.86242e-09 3.50624e-09)
(0.022201 2.76364e-09 -3.43336e-09)
(0.022201 -2.8293e-09 3.42289e-09)
(0.0222009 2.70871e-09 -3.368e-09)
(0.022201 -2.1895e-09 3.03294e-09)
(0.0222008 2.11107e-09 -3.30934e-09)
(0.0222011 -2.18572e-09 2.41729e-09)
(0.0222008 2.24842e-09 -2.95673e-09)
(0.022201 -2.2747e-09 2.08927e-09)
(0.0222009 2.45487e-09 -2.53993e-09)
(0.022201 -1.98121e-09 3.3417e-09)
(0.0131367 -0.000203728 0.000203727)
(0.0195545 -1.57955e-05 1.57969e-05)
(0.0163388 7.49398e-06 -7.49816e-06)
(0.0179303 -3.59109e-06 3.59407e-06)
(0.017148 1.76043e-06 -1.76486e-06)
(0.0175321 -8.57639e-07 8.62881e-07)
(0.0173442 4.12981e-07 -4.1776e-07)
(0.0174355 -1.94035e-07 1.99512e-07)
(0.0173918 8.97969e-08 -9.26793e-08)
(0.0174124 -4.11042e-08 4.31799e-08)
(0.017403 1.93038e-08 -1.93859e-08)
(0.0174072 -9.26378e-09 9.82441e-09)
(0.0174055 5.88466e-09 -5.24182e-09)
(0.0174062 -4.48146e-09 4.03535e-09)
(0.017406 4.20483e-09 -3.15897e-09)
(0.0174061 -3.96041e-09 3.37616e-09)
(0.0174061 3.9848e-09 -3.09026e-09)
(0.0174061 -3.93776e-09 3.08205e-09)
(0.0174061 3.80983e-09 -3.01924e-09)
(0.0174061 -3.91199e-09 3.01459e-09)
(0.017406 3.73213e-09 -2.94373e-09)
(0.0174061 -3.9149e-09 2.67432e-09)
(0.0174059 3.91455e-09 -2.84298e-09)
(0.0174062 -2.8678e-09 2.16838e-09)
(0.017406 3.15953e-09 -2.55424e-09)
(0.0174061 -2.89998e-09 1.83702e-09)
(0.017406 3.23784e-09 -2.16922e-09)
(0.0174061 -3.08241e-09 3.04631e-09)
(0.00614863 -0.000105916 0.000122995)
(0.00912484 -1.0182e-05 8.75477e-06)
(0.00760792 4.98314e-06 -4.19817e-06)
(0.00836265 -2.42646e-06 2.02997e-06)
(0.00799163 1.18331e-06 -9.95789e-07)
(0.00817388 -5.7197e-07 4.86609e-07)
(0.00808465 2.74049e-07 -2.35507e-07)
(0.00812806 -1.29152e-07 1.12724e-07)
(0.0081073 6.1038e-08 -5.25717e-08)
(0.00811704 -2.84005e-08 2.45964e-08)
(0.00811262 1.45215e-08 -1.12549e-08)
(0.00811458 -7.72275e-09 5.79834e-09)
(0.0081138 5.5119e-09 -3.19168e-09)
(0.00811409 -4.33277e-09 2.43056e-09)
(0.00811401 4.38832e-09 -1.94291e-09)
(0.00811404 -4.00592e-09 2.05256e-09)
(0.00811405 4.24093e-09 -1.90315e-09)
(0.00811404 -4.23649e-09 1.90453e-09)
(0.00811404 4.24935e-09 -1.87969e-09)
(0.00811405 -4.16723e-09 1.85534e-09)
(0.00811402 4.14263e-09 -1.84145e-09)
(0.00811405 -4.0564e-09 1.55779e-09)
(0.00811398 3.43401e-09 -1.59825e-09)
(0.00811409 -3.55623e-09 1.40078e-09)
(0.008114 2.68782e-09 -1.49952e-09)
(0.00811407 -2.71354e-09 1.25687e-09)
(0.00811404 2.309e-09 -1.38411e-09)
(0.00811404 -2.41699e-09 1.38605e-09)
(0.00753545 0.00010325 7.81435e-05)
(0.0112014 1.10861e-05 6.28252e-06)
(0.00935015 -5.44161e-06 -3.01561e-06)
(0.0102688 2.64766e-06 1.45606e-06)
(0.00981719 -1.29266e-06 -7.17065e-07)
(0.010039 6.26548e-07 3.52454e-07)
(0.00993048 -3.0127e-07 -1.71939e-07)
(0.00998319 1.43305e-07 8.41785e-08)
(0.00995805 -6.77792e-08 -3.93179e-08)
(0.00996981 3.20177e-08 1.88692e-08)
(0.0099645 -1.59074e-08 -7.96015e-09)
(0.00996684 8.87465e-09 4.08764e-09)
(0.00996592 -5.83649e-09 -1.62945e-09)
(0.00996626 4.76284e-09 1.14605e-09)
(0.00996618 -4.47528e-09 -5.17367e-10)
(0.0099662 4.32758e-09 7.16162e-10)
(0.00996623 -4.41018e-09 -4.53921e-10)
(0.00996621 4.43347e-09 4.53474e-10)
(0.00996621 -4.47396e-09 -4.4807e-10)
(0.00996623 4.34694e-09 4.23649e-10)
(0.00996619 -4.31522e-09 -4.69824e-10)
(0.00996623 4.19687e-09 3.09014e-10)
(0.00996614 -3.70793e-09 -5.16725e-10)
(0.00996627 3.58974e-09 2.45858e-10)
(0.00996616 -2.80641e-09 -5.37928e-10)
(0.00996624 2.72012e-09 2.96196e-10)
(0.0099662 -2.30005e-09 -5.17054e-10)
(0.0099662 2.20995e-09 4.82954e-10)
(0.0167204 0.000222615 0.000137669)
(0.0249297 1.80281e-05 1.16552e-05)
(0.0208537 -8.54814e-06 -5.5082e-06)
(0.0228628 4.0781e-06 2.6253e-06)
(0.0218751 -2.004e-06 -1.29237e-06)
(0.0223599 9.78724e-07 6.34556e-07)
(0.0221229 -4.73169e-07 -3.09782e-07)
(0.022238 2.27722e-07 1.51602e-07)
(0.0221831 -1.05519e-07 -7.1429e-08)
(0.0222088 4.96657e-08 3.43916e-08)
(0.0221972 -2.16865e-08 -1.50322e-08)
(0.0222024 1.10807e-08 7.9127e-09)
(0.0222003 -5.5388e-09 -3.44809e-09)
(0.0222011 4.41666e-09 2.43928e-09)
(0.0222009 -3.31311e-09 -1.35754e-09)
(0.022201 3.48416e-09 1.65241e-09)
(0.022201 -3.11214e-09 -1.24304e-09)
(0.022201 3.07536e-09 1.25783e-09)
(0.022201 -3.04053e-09 -1.26717e-09)
(0.022201 3.00559e-09 1.18995e-09)
(0.0222009 -3.0446e-09 -1.27544e-09)
(0.022201 3.38441e-09 8.64565e-10)
(0.0222008 -3.62379e-09 -1.05064e-09)
(0.0222011 2.15772e-09 9.13708e-10)
(0.0222008 -2.66617e-09 -1.08776e-09)
(0.022201 1.81027e-09 7.55278e-10)
(0.0222009 -2.27281e-09 -9.32736e-10)
(0.022201 3.15339e-09 9.54755e-10)
(0.0216122 0.000154468 0.000154468)
(0.0322763 1.355e-05 1.35517e-05)
(0.0270295 -6.38269e-06 -6.38443e-06)
(0.0296027 3.02419e-06 3.02341e-06)
(0.0283375 -1.49069e-06 -1.48987e-06)
(0.0289583 7.3065e-07 7.32535e-07)
(0.0286551 -3.55912e-07 -3.57737e-07)
(0.028802 1.7589e-07 1.75177e-07)
(0.0287322 -8.28283e-08 -8.20869e-08)
(0.0287648 4.02109e-08 3.94391e-08)
(0.0287501 -1.70003e-08 -1.68535e-08)
(0.0287566 8.87357e-09 8.84504e-09)
(0.0287541 -3.40733e-09 -3.59512e-09)
(0.0287551 2.51748e-09 2.54838e-09)
(0.0287548 -1.15491e-09 -1.16287e-09)
(0.0287549 1.31834e-09 1.66898e-09)
(0.028755 -8.30252e-10 -1.09036e-09)
(0.0287549 7.93935e-10 1.11453e-09)
(0.0287549 -8.42405e-10 -1.10645e-09)
(0.028755 7.4085e-10 1.03544e-09)
(0.0287549 -9.08638e-10 -1.12033e-09)
(0.028755 1.59926e-09 5.34896e-10)
(0.0287547 -1.89528e-09 -9.33017e-10)
(0.0287551 5.16166e-10 6.55847e-10)
(0.0287547 -9.1256e-10 -1.16928e-09)
(0.028755 4.32883e-10 6.53636e-10)
(0.0287548 -7.4629e-10 -1.0363e-09)
(0.0287549 9.11433e-10 1.02611e-09)
(0.0231424 -2.65954e-09 0.000157542)
(0.0345806 -4.69586e-10 1.3987e-05)
(0.0289703 -2.7476e-09 -6.59106e-06)
(0.0317166 4.17884e-09 3.11488e-06)
(0.0303661 -5.83742e-09 -1.53548e-06)
(0.0310287 3.97735e-09 7.55475e-07)
(0.0307052 -3.39565e-09 -3.68952e-07)
(0.0308619 6.80026e-09 1.80303e-07)
(0.0307875 -3.76951e-09 -8.43285e-08)
(0.0308222 3.12159e-09 4.02851e-08)
(0.0308067 -2.2715e-10 -1.71884e-08)
(0.0308135 5.72421e-10 8.94508e-09)
(0.0308109 8.7926e-10 -3.60347e-09)
(0.0308119 -5.38806e-10 2.53603e-09)
(0.0308116 1.11024e-09 -1.09822e-09)
(0.0308117 -1.00877e-09 1.66641e-09)
(0.0308118 1.24813e-09 -1.0605e-09)
(0.0308117 -1.26212e-09 1.07621e-09)
(0.0308117 1.15249e-09 -1.06631e-09)
(0.0308118 -1.27327e-09 9.92222e-10)
(0.0308117 1.07473e-09 -1.07004e-09)
(0.0308118 -2.33554e-10 3.32267e-10)
(0.0308115 1.30671e-10 -7.98009e-10)
(0.0308119 -9.18441e-10 5.84501e-10)
(0.0308115 9.13396e-10 -1.21771e-09)
(0.0308118 -1.07906e-09 6.66825e-10)
(0.0308116 1.10722e-09 -1.11857e-09)
(0.0308117 -8.12851e-10 1.10956e-09)
(0.0216122 -0.000154473 0.00015447)
(0.0322763 -1.35495e-05 1.35516e-05)
(0.0270295 6.37621e-06 -6.38371e-06)
(0.0296027 -3.01623e-06 3.02223e-06)
(0.0283375 1.47984e-06 -1.48829e-06)
(0.0289583 -7.22435e-07 7.31554e-07)
(0.0286551 3.48957e-07 -3.56756e-07)
(0.028802 -1.63436e-07 1.73495e-07)
(0.0287322 7.60698e-08 -8.1208e-08)
(0.0287648 -3.46757e-08 3.8501e-08)
(0.0287501 1.6713e-08 -1.67575e-08)
(0.0287566 -7.83949e-09 8.69717e-09)
(0.0287541 5.06864e-09 -3.78046e-09)
(0.0287551 -3.52601e-09 2.69245e-09)
(0.0287548 3.2875e-09 -1.42659e-09)
(0.0287549 -3.12891e-09 1.9108e-09)
(0.028755 3.12805e-09 -1.41151e-09)
(0.0287549 -3.1108e-09 1.40848e-09)
(0.0287549 2.9601e-09 -1.41587e-09)
(0.028755 -3.08334e-09 1.32065e-09)
(0.0287549 2.90365e-09 -1.39361e-09)
(0.028755 -2.36523e-09 5.62153e-10)
(0.0287547 2.38004e-09 -9.19445e-10)
(0.0287551 -2.27153e-09 9.05977e-10)
(0.0287547 2.53759e-09 -1.39135e-09)
(0.028755 -2.45805e-09 9.11707e-10)
(0.0287548 2.76787e-09 -1.26728e-09)
(0.0287549 -2.31701e-09 1.31222e-09)
(0.0167204 -0.000222619 0.00013767)
(0.0249297 -1.80272e-05 1.16554e-05)
(0.0208537 8.543e-06 -5.50732e-06)
(0.0228628 -4.07288e-06 2.6238e-06)
(0.0218751 1.99698e-06 -1.29028e-06)
(0.0223599 -9.72539e-07 6.33179e-07)
(0.0221229 4.68029e-07 -3.0836e-07)
(0.022238 -2.19688e-07 1.49266e-07)
(0.0221831 1.01415e-07 -7.01544e-08)
(0.0222088 -4.63986e-08 3.31009e-08)
(0.0221972 2.17718e-08 -1.48847e-08)
(0.0222024 -1.0526e-08 7.7291e-09)
(0.0222003 6.77123e-09 -3.71034e-09)
(0.0222011 -5.22664e-09 2.66372e-09)
(0.0222009 4.95526e-09 -1.72188e-09)
(0.022201 -4.70909e-09 2.02492e-09)
(0.022201 4.73333e-09 -1.69975e-09)
(0.022201 -4.69524e-09 1.68766e-09)
(0.022201 4.54113e-09 -1.69976e-09)
(0.022201 -4.65774e-09 1.60933e-09)
(0.0222009 4.46629e-09 -1.66278e-09)
(0.022201 -4.56603e-09 9.35196e-10)
(0.0222008 4.52947e-09 -1.09584e-09)
(0.0222011 -3.45253e-09 1.23668e-09)
(0.0222008 3.7197e-09 -1.43374e-09)
(0.022201 -3.38166e-09 1.09381e-09)
(0.0222009 3.74381e-09 -1.2527e-09)
(0.022201 -3.665e-09 1.376e-09)
(0.00753545 -0.000103249 7.81434e-05)
(0.0112014 -1.1085e-05 6.28228e-06)
(0.00935015 5.4393e-06 -3.01463e-06)
(0.0102688 -2.64655e-06 1.45465e-06)
(0.00981719 1.29074e-06 -7.15288e-07)
(0.010039 -6.23944e-07 3.51171e-07)
(0.00993048 2.98816e-07 -1.70781e-07)
(0.00998319 -1.40647e-07 8.23846e-08)
(0.00995805 6.62702e-08 -3.84132e-08)
(0.00996981 -3.0875e-08 1.79751e-08)
(0.0099645 1.56393e-08 -7.91972e-09)
(0.00996684 -8.37467e-09 4.00634e-09)
(0.00996592 5.91922e-09 -1.87672e-09)
(0.00996626 -4.72282e-09 1.34802e-09)
(0.00996618 4.70765e-09 -8.30964e-10)
(0.0099662 -4.36435e-09 1.02269e-09)
(0.00996623 4.57867e-09 -8.23197e-10)
(0.00996621 -4.57606e-09 8.17655e-10)
(0.00996621 4.57937e-09 -8.04693e-10)
(0.00996623 -4.50515e-09 7.79463e-10)
(0.00996619 4.43477e-09 -7.87741e-10)
(0.00996623 -4.38215e-09 4.49162e-10)
(0.00996614 3.8063e-09 -6.11808e-10)
(0.00996627 -3.71373e-09 5.24955e-10)
(0.00996616 2.96458e-09 -7.89788e-10)
(0.00996624 -2.89675e-09 5.79538e-10)
(0.0099662 2.53813e-09 -7.81052e-10)
(0.0099662 -2.64448e-09 7.50851e-10)
(0.00794984 0.00010088 -9.26183e-10)
(0.0118238 1.1159e-05 6.90021e-10)
(0.00987345 -5.48739e-06 -2.00497e-09)
(0.0108403 2.67052e-06 1.57925e-09)
(0.010365 -1.30458e-06 -2.22289e-09)
(0.0105984 6.32781e-07 2.5566e-09)
(0.0104842 -3.0432e-07 -2.30081e-09)
(0.0105396 1.44779e-07 2.59773e-09)
(0.0105132 -6.82496e-08 -1.35827e-09)
(0.0105256 3.21924e-08 1.03952e-09)
(0.01052 -1.57681e-08 -6.99005e-11)
(0.0105225 8.724e-09 2.16597e-10)
(0.0105215 -5.6248e-09 2.85211e-10)
(0.0105219 4.58898e-09 -2.1701e-10)
(0.0105218 -4.23281e-09 4.37876e-10)
(0.0105218 4.14736e-09 -2.99865e-10)
(0.0105218 -4.17402e-09 4.11656e-10)
(0.0105218 4.20614e-09 -4.07556e-10)
(0.0105218 -4.22185e-09 3.73458e-10)
(0.0105218 4.12351e-09 -4.19068e-10)
(0.0105218 -4.0658e-09 3.58293e-10)
(0.0105218 3.9689e-09 -5.1375e-10)
(0.0105217 -3.5777e-09 4.38482e-10)
(0.0105219 3.31972e-09 -3.13546e-10)
(0.0105218 -2.73787e-09 2.9431e-10)
(0.0105219 2.58152e-09 -3.47463e-10)
(0.0105218 -2.2793e-09 3.47188e-10)
(0.0105218 2.18639e-09 -3.2175e-10)
(0.0178238 0.000225511 -1.8527e-09)
(0.0265895 1.85062e-05 1.31498e-09)
(0.0222505 -8.78305e-06 -3.93436e-09)
(0.0243859 4.18424e-06 2.92304e-09)
(0.0233361 -2.05708e-06 -4.19081e-09)
(0.0238513 1.00525e-06 4.92919e-09)
(0.0235995 -4.8624e-07 -4.47604e-09)
(0.0237217 2.34167e-07 4.94249e-09)
(0.0236635 -1.08424e-07 -2.54646e-09)
(0.0236907 5.09795e-08 1.98632e-09)
(0.0236784 -2.21888e-08 -9.41917e-11)
(0.0236839 1.12988e-08 4.52821e-10)
(0.0236817 -5.57661e-09 5.78925e-10)
(0.0236826 4.42905e-09 -4.19432e-10)
(0.0236824 -3.26813e-09 9.01345e-10)
(0.0236824 3.48077e-09 -5.75039e-10)
(0.0236825 -3.07259e-09 8.19876e-10)
(0.0236824 3.03306e-09 -8.03341e-10)
(0.0236824 -2.99479e-09 7.42699e-10)
(0.0236825 2.95913e-09 -8.28485e-10)
(0.0236824 -3.01557e-09 7.22064e-10)
(0.0236825 3.31651e-09 -1.09064e-09)
(0.0236823 -3.59842e-09 9.21602e-10)
(0.0236826 2.12386e-09 -6.50942e-10)
(0.0236823 -2.68561e-09 5.65694e-10)
(0.0236825 1.79533e-09 -7.07064e-10)
(0.0236823 -2.29742e-09 6.8889e-10)
(0.0236824 3.2001e-09 -5.77149e-10)
(0.0231424 0.000157542 -2.37931e-09)
(0.0345806 1.39852e-05 1.2868e-09)
(0.0289703 -6.58918e-06 -4.5516e-09)
(0.0317166 3.11575e-06 3.12493e-09)
(0.0303661 -1.53639e-06 -4.68075e-09)
(0.0310287 7.53451e-07 5.90795e-09)
(0.0307052 -3.67008e-07 -5.265e-09)
(0.0308619 1.8111e-07 5.75197e-09)
(0.0307875 -8.51421e-08 -2.89899e-09)
(0.0308222 4.11358e-08 2.1597e-09)
(0.0308067 -1.73495e-08 -6.51322e-11)
(0.0308135 8.98019e-09 5.27966e-10)
(0.0308109 -3.40239e-09 6.6103e-10)
(0.0308119 2.50261e-09 -4.68378e-10)
(0.0308116 -1.08706e-09 1.04501e-09)
(0.0308117 1.28952e-09 -6.11307e-10)
(0.0308118 -7.76932e-10 9.12294e-10)
(0.0308117 7.3138e-10 -8.89816e-10)
(0.0308117 -7.78877e-10 8.14713e-10)
(0.0308118 6.75693e-10 -9.28906e-10)
(0.0308117 -8.41174e-10 7.98643e-10)
(0.0308118 1.49038e-09 -1.3669e-09)
(0.0308115 -1.84353e-09 1.15705e-09)
(0.0308119 4.30286e-10 -7.24035e-10)
(0.0308115 -9.38766e-10 6.18002e-10)
(0.0308118 4.3169e-10 -7.92688e-10)
(0.0308116 -8.10786e-10 7.65095e-10)
(0.0308117 9.67507e-10 -6.64809e-10)
(0.0248146 -2.35286e-09 -2.0579e-09)
(0.0370999 1.93426e-11 1.8672e-09)
(0.0310925 -2.99029e-09 -4.88776e-09)
(0.0340274 4.09135e-09 2.96476e-09)
(0.0325841 -5.50744e-09 -4.28585e-09)
(0.0332921 3.82409e-09 5.85689e-09)
(0.0329465 -3.10718e-09 -5.0718e-09)
(0.0331138 6.32024e-09 5.22204e-09)
(0.0330345 -3.48322e-09 -2.56145e-09)
(0.0330715 2.75618e-09 1.74279e-09)
(0.0330549 -1.26322e-10 3.95545e-11)
(0.0330622 4.9142e-10 4.51313e-10)
(0.0330594 8.77789e-10 6.4001e-10)
(0.0330604 -5.15403e-10 -4.40813e-10)
(0.0330602 1.06969e-09 1.00014e-09)
(0.0330603 -9.67708e-10 -5.40004e-10)
(0.0330604 1.18077e-09 8.21012e-10)
(0.0330603 -1.2162e-09 -8.1553e-10)
(0.0330603 1.08477e-09 7.22274e-10)
(0.0330604 -1.23212e-09 -8.61716e-10)
(0.0330602 1.02467e-09 7.23386e-10)
(0.0330604 -2.47544e-10 -1.46413e-09)
(0.03306 1.43426e-10 1.24833e-09)
(0.0330605 -8.79317e-10 -6.61632e-10)
(0.03306 8.57624e-10 5.40138e-10)
(0.0330604 -1.00881e-09 -7.13381e-10)
(0.0330601 1.03275e-09 6.80452e-10)
(0.0330602 -7.39978e-10 -5.63318e-10)
(0.0231424 -0.000157546 -1.15701e-09)
(0.0345807 -1.39848e-05 2.05523e-09)
(0.0289703 6.58327e-06 -4.10428e-09)
(0.0317166 -3.10864e-06 1.95491e-09)
(0.0303661 1.52654e-06 -2.94605e-09)
(0.0310287 -7.45946e-07 4.65916e-09)
(0.0307052 3.60799e-07 -4.00394e-09)
(0.0308619 -1.69568e-07 3.75494e-09)
(0.0307875 7.88152e-08 -1.90152e-09)
(0.0308222 -3.61443e-08 1.10254e-09)
(0.0308067 1.7057e-08 -3.4961e-11)
(0.0308135 -7.91379e-09 4.83542e-10)
(0.0308109 4.88831e-09 3.5346e-10)
(0.0308119 -3.31255e-09 -1.7008e-10)
(0.0308116 2.98345e-09 6.29879e-10)
(0.0308117 -2.8486e-09 -1.99634e-10)
(0.0308118 2.78144e-09 4.11305e-10)
(0.0308117 -2.77652e-09 -4.21227e-10)
(0.0308117 2.60409e-09 3.2919e-10)
(0.0308118 -2.75712e-09 -4.69695e-10)
(0.0308117 2.56925e-09 3.5686e-10)
(0.0308118 -2.08931e-09 -1.14917e-09)
(0.0308115 2.18887e-09 9.80413e-10)
(0.0308119 -1.96222e-09 -3.52729e-10)
(0.0308115 2.37432e-09 2.792e-10)
(0.0308118 -2.25276e-09 -4.35136e-10)
(0.0308116 2.66868e-09 4.57053e-10)
(0.0308117 -2.21709e-09 -3.23333e-10)
(0.0178238 -0.000225515 -5.53684e-10)
(0.0265895 -1.85055e-05 1.07577e-09)
(0.0222505 8.77835e-06 -2.34455e-09)
(0.0243859 -4.17955e-06 7.20215e-10)
(0.0233361 2.05056e-06 -1.14815e-09)
(0.0238513 -9.99471e-07 2.55914e-09)
(0.0235995 4.81505e-07 -2.01557e-09)
(0.0237217 -2.26493e-07 1.67653e-09)
(0.0236635 1.0447e-07 -7.54175e-10)
(0.0236907 -4.79032e-08 1.71467e-10)
(0.0236785 2.21977e-08 1.65145e-10)
(0.0236839 -1.0642e-08 1.7064e-10)
(0.0236817 6.65406e-09 2.51066e-10)
(0.0236826 -5.06928e-09 -1.19304e-10)
(0.0236824 4.72483e-09 4.13187e-10)
(0.0236824 -4.50346e-09 -8.31699e-11)
(0.0236825 4.47389e-09 2.24673e-10)
(0.0236824 -4.43939e-09 -2.33093e-10)
(0.0236824 4.27248e-09 1.703e-10)
(0.0236825 -4.40367e-09 -2.74325e-10)
(0.0236824 4.21925e-09 1.99626e-10)
(0.0236825 -4.29832e-09 -8.4557e-10)
(0.0236823 4.32445e-09 7.29868e-10)
(0.0236826 -3.23368e-09 -2.11537e-10)
(0.0236823 3.6015e-09 9.67427e-11)
(0.0236825 -3.2321e-09 -2.2547e-10)
(0.0236823 3.6768e-09 2.29788e-10)
(0.0236824 -3.63244e-09 -6.486e-11)
(0.00794984 -0.00010088 -1.39916e-11)
(0.0118238 -1.11583e-05 3.3372e-10)
(0.00987345 5.48548e-06 -6.87392e-10)
(0.0108403 -2.66958e-06 -3.14083e-11)
(0.010365 1.30283e-06 -1.51967e-10)
(0.0105984 -6.30452e-07 7.74211e-10)
(0.0104842 3.02181e-07 -6.09408e-10)
(0.0105396 -1.42311e-07 5.06982e-10)
(0.0105132 6.6886e-08 -2.95372e-10)
(0.0105256 -3.11749e-08 1.67424e-12)
(0.01052 1.55384e-08 -1.13802e-11)
(0.0105225 -8.26953e-09 1.50584e-10)
(0.0105215 5.71024e-09 -2.51203e-12)
(0.0105219 -4.56396e-09 5.16859e-11)
(0.0105218 4.48197e-09 5.54964e-11)
(0.0105218 -4.17031e-09 8.23362e-11)
(0.0105218 4.35567e-09 -3.81392e-11)
(0.0105218 -4.34001e-09 3.3041e-11)
(0.0105218 4.34847e-09 -6.15419e-11)
(0.0105218 -4.27632e-09 1.11399e-11)
(0.0105218 4.19672e-09 -4.60563e-11)
(0.0105218 -4.1736e-09 -2.56468e-10)
(0.0105217 3.69106e-09 2.3714e-10)
(0.0105219 -3.4627e-09 2.57299e-11)
(0.0105218 2.87175e-09 -1.77069e-11)
(0.0105219 -2.75462e-09 -2.01122e-11)
(0.0105218 2.4813e-09 3.35085e-11)
(0.0105218 -2.6054e-09 -7.69381e-12)
(0.00753545 0.000103248 -7.81442e-05)
(0.0112014 1.10859e-05 -6.28107e-06)
(0.00935015 -5.44146e-06 3.01165e-06)
(0.0102688 2.64762e-06 -1.45294e-06)
(0.00981719 -1.29264e-06 7.12833e-07)
(0.010039 6.26552e-07 -3.47641e-07)
(0.00993048 -3.0117e-07 1.67702e-07)
(0.00998319 1.43267e-07 -7.93501e-08)
(0.00995805 -6.76963e-08 3.68853e-08)
(0.00996981 3.19092e-08 -1.69758e-08)
(0.0099645 -1.5862e-08 7.93015e-09)
(0.00996684 8.81266e-09 -3.74102e-09)
(0.00996592 -5.81628e-09 2.23821e-09)
(0.00996626 4.72578e-09 -1.5995e-09)
(0.00996618 -4.45407e-09 1.4151e-09)
(0.0099662 4.30524e-09 -1.32517e-09)
(0.00996623 -4.38412e-09 1.2933e-09)
(0.00996621 4.41107e-09 -1.28287e-09)
(0.00996621 -4.44347e-09 1.21929e-09)
(0.00996623 4.31791e-09 -1.27184e-09)
(0.00996619 -4.29381e-09 1.21155e-09)
(0.00996623 4.14584e-09 -1.32364e-09)
(0.00996614 -3.65121e-09 1.34899e-09)
(0.00996627 3.58361e-09 -9.23776e-10)
(0.00996616 -2.80232e-09 1.09714e-09)
(0.00996624 2.71955e-09 -9.84697e-10)
(0.0099662 -2.31711e-09 1.1594e-09)
(0.0099662 2.22325e-09 -1.10624e-09)
(0.0167204 0.000222616 -0.000137672)
(0.0249297 1.80279e-05 -1.1653e-05)
(0.0208537 -8.54755e-06 5.5011e-06)
(0.0228628 4.07742e-06 -2.62007e-06)
(0.0218751 -2.00321e-06 1.28471e-06)
(0.0223599 9.78118e-07 -6.25555e-07)
(0.0221229 -4.72696e-07 3.01586e-07)
(0.022238 2.26983e-07 -1.42401e-07)
(0.0221831 -1.05216e-07 6.66657e-08)
(0.0222088 4.93216e-08 -3.06808e-08)
(0.0221972 -2.17464e-08 1.48075e-08)
(0.0222024 1.10958e-08 -7.00069e-09)
(0.0222003 -5.70583e-09 4.46741e-09)
(0.0222011 4.54833e-09 -3.16024e-09)
(0.0222009 -3.50901e-09 2.98627e-09)
(0.022201 3.66609e-09 -2.64624e-09)
(0.022201 -3.33353e-09 2.70738e-09)
(0.022201 3.2946e-09 -2.67448e-09)
(0.022201 -3.2596e-09 2.57986e-09)
(0.022201 3.22224e-09 -2.65668e-09)
(0.0222009 -3.24469e-09 2.55099e-09)
(0.022201 3.51139e-09 -2.80477e-09)
(0.0222008 -3.70389e-09 2.68887e-09)
(0.0222011 2.34568e-09 -2.0647e-09)
(0.0222008 -2.79578e-09 2.10279e-09)
(0.022201 1.9413e-09 -2.07518e-09)
(0.0222009 -2.35897e-09 2.23243e-09)
(0.022201 3.33356e-09 -1.95058e-09)
(0.0216122 0.000154469 -0.000154473)
(0.0322763 1.35499e-05 -1.35484e-05)
(0.0270295 -6.38188e-06 6.37518e-06)
(0.0296027 3.02309e-06 -3.01703e-06)
(0.0283375 -1.48919e-06 1.48073e-06)
(0.0289583 7.29563e-07 -7.21302e-07)
(0.0286551 -3.54843e-07 3.47865e-07)
(0.028802 1.74302e-07 -1.64286e-07)
(0.0287322 -8.19849e-08 7.67014e-08)
(0.0287648 3.93385e-08 -3.53879e-08)
(0.0287501 -1.69098e-08 1.68249e-08)
(0.0287566 8.7319e-09 -7.88516e-09)
(0.0287541 -3.58595e-09 4.91288e-09)
(0.0287551 2.65502e-09 -3.47195e-09)
(0.0287548 -1.40881e-09 3.21764e-09)
(0.0287549 1.54688e-09 -2.85665e-09)
(0.028755 -1.1295e-09 2.87841e-09)
(0.0287549 1.07572e-09 -2.84912e-09)
(0.0287549 -1.13068e-09 2.71055e-09)
(0.028755 1.01525e-09 -2.8413e-09)
(0.0287549 -1.16734e-09 2.68879e-09)
(0.028755 1.68622e-09 -3.12743e-09)
(0.0287547 -1.93456e-09 3.08764e-09)
(0.0287551 7.52398e-10 -2.10617e-09)
(0.0287547 -1.12285e-09 2.33477e-09)
(0.028755 6.74167e-10 -2.23189e-09)
(0.0287548 -9.67845e-10 2.51355e-09)
(0.0287549 1.17792e-09 -2.219e-09)
(0.0231424 -1.44109e-09 -0.000157546)
(0.0345807 2.7705e-10 -1.39836e-05)
(0.0289703 -2.2788e-09 6.58212e-06)
(0.0317166 3.02356e-09 -3.10949e-06)
(0.0303661 -4.11808e-09 1.52751e-06)
(0.0310287 2.707e-09 -7.44706e-07)
(0.0307052 -2.11559e-09 3.59606e-07)
(0.0308619 4.81859e-09 -1.70482e-07)
(0.0307875 -2.78222e-09 7.95132e-08)
(0.0308222 2.07638e-09 -3.69186e-08)
(0.0308067 -1.98367e-10 1.71851e-08)
(0.0308135 5.27835e-10 -7.96911e-09)
(0.0308109 5.74252e-10 4.72216e-09)
(0.0308119 -2.422e-10 -3.26203e-09)
(0.0308116 6.96792e-10 2.92032e-09)
(0.0308117 -6.01628e-10 -2.55362e-09)
(0.0308118 7.52106e-10 2.52158e-09)
(0.0308117 -7.97686e-10 -2.4947e-09)
(0.0308117 6.7185e-10 2.34431e-09)
(0.0308118 -8.17883e-10 -2.49663e-09)
(0.0308117 6.3685e-10 2.34709e-09)
(0.0308118 -2.95104e-12 -2.92842e-09)
(0.0308115 -5.70767e-11 2.96331e-09)
(0.0308119 -5.50187e-10 -1.7952e-09)
(0.0308115 5.78168e-10 2.15265e-09)
(0.0308118 -7.24507e-10 -2.0209e-09)
(0.0308116 8.01998e-10 2.39697e-09)
(0.0308117 -4.75687e-10 -2.10146e-09)
(0.0216122 -0.000154472 -0.000154472)
(0.0322763 -1.35499e-05 -1.35487e-05)
(0.0270295 6.37756e-06 6.37647e-06)
(0.0296027 -3.01792e-06 -3.01875e-06)
(0.0283375 1.48206e-06 1.48299e-06)
(0.0289583 -7.24288e-07 -7.231e-07)
(0.0286551 3.5085e-07 3.49697e-07)
(0.028802 -1.6573e-07 -1.66594e-07)
(0.0287322 7.7284e-08 7.7944e-08)
(0.0287648 -3.59035e-08 -3.66417e-08)
(0.0287502 1.68505e-08 1.69703e-08)
(0.0287566 -7.96981e-09 -8.01659e-09)
(0.0287541 4.80537e-09 4.64294e-09)
(0.0287551 -3.26121e-09 -3.20674e-09)
(0.0287548 2.91202e-09 2.84372e-09)
(0.0287549 -2.73344e-09 -2.44809e-09)
(0.028755 2.67152e-09 2.41457e-09)
(0.0287549 -2.66772e-09 -2.3937e-09)
(0.0287549 2.51944e-09 2.26186e-09)
(0.028755 -2.6513e-09 -2.39785e-09)
(0.0287549 2.49302e-09 2.26926e-09)
(0.028755 -2.09147e-09 -2.89431e-09)
(0.0287547 2.13657e-09 2.88393e-09)
(0.0287551 -1.93837e-09 -1.76876e-09)
(0.0287547 2.17999e-09 1.96811e-09)
(0.028755 -2.10447e-09 -1.87385e-09)
(0.0287548 2.42991e-09 2.16586e-09)
(0.0287549 -1.97705e-09 -1.8733e-09)
(0.0167204 -0.000222617 -0.000137671)
(0.0249297 -1.80276e-05 -1.16533e-05)
(0.0208537 8.54397e-06 5.50264e-06)
(0.0228628 -4.07393e-06 -2.62209e-06)
(0.0218751 1.99816e-06 1.2874e-06)
(0.0223599 -9.73603e-07 -6.27762e-07)
(0.0221229 4.69055e-07 3.03894e-07)
(0.022238 -2.20773e-07 -1.45225e-07)
(0.0221831 1.0197e-07 6.82241e-08)
(0.0222088 -4.69013e-08 -3.22683e-08)
(0.0221972 2.17356e-08 1.50018e-08)
(0.0222024 -1.04772e-08 -7.19415e-09)
(0.0222003 6.53783e-09 4.13307e-09)
(0.0222011 -4.98691e-09 -2.85232e-09)
(0.0222009 4.6503e-09 2.51794e-09)
(0.022201 -4.40043e-09 -2.15305e-09)
(0.022201 4.38778e-09 2.14018e-09)
(0.022201 -4.35347e-09 -2.11459e-09)
(0.022201 4.20107e-09 2.02927e-09)
(0.022201 -4.31848e-09 -2.11783e-09)
(0.0222009 4.12805e-09 2.02963e-09)
(0.022201 -4.23751e-09 -2.52059e-09)
(0.0222008 4.22548e-09 2.4697e-09)
(0.0222011 -3.17069e-09 -1.61726e-09)
(0.0222008 3.47021e-09 1.65814e-09)
(0.022201 -3.13771e-09 -1.63153e-09)
(0.0222009 3.5501e-09 1.81949e-09)
(0.022201 -3.5079e-09 -1.48807e-09)
(0.00753545 -0.000103251 -7.81447e-05)
(0.0112014 -1.10853e-05 -6.28152e-06)
(0.00935015 5.43906e-06 3.01269e-06)
(0.0102688 -2.64603e-06 -1.45411e-06)
(0.00981719 1.29037e-06 7.14326e-07)
(0.010039 -6.23712e-07 -3.48992e-07)
(0.00993048 2.98836e-07 1.6905e-07)
(0.00998319 -1.40586e-07 -8.08172e-08)
(0.00995805 6.64733e-08 3.7679e-08)
(0.00996981 -3.10182e-08 -1.77417e-08)
(0.0099645 1.59436e-08 8.01117e-09)
(0.00996684 -8.69664e-09 -3.79414e-09)
(0.00996592 6.21062e-09 2.05598e-09)
(0.00996626 -5.03261e-09 -1.41538e-09)
(0.00996618 5.04656e-09 1.17213e-09)
(0.0099662 -4.66869e-09 -1.05061e-09)
(0.00996623 4.94699e-09 9.90207e-10)
(0.00996621 -4.91422e-09 -9.79672e-10)
(0.00996621 4.95628e-09 9.25713e-10)
(0.00996623 -4.84314e-09 -9.77129e-10)
(0.00996619 4.80172e-09 9.31074e-10)
(0.00996623 -4.70877e-09 -1.14762e-09)
(0.00996614 4.07235e-09 1.1994e-09)
(0.00996627 -4.04162e-09 -7.04974e-10)
(0.00996616 3.11643e-09 8.65605e-10)
(0.00996624 -3.06621e-09 -7.69142e-10)
(0.0099662 2.58058e-09 9.29209e-10)
(0.0099662 -2.71787e-09 -8.83472e-10)
(0.00614863 0.000105916 -0.000122996)
(0.00912484 1.01831e-05 -8.75369e-06)
(0.00760792 -4.98557e-06 4.19534e-06)
(0.00836265 2.4277e-06 -2.02825e-06)
(0.00799163 -1.18521e-06 9.93342e-07)
(0.00817388 5.74672e-07 -4.83309e-07)
(0.00808465 -2.76365e-07 2.32727e-07)
(0.00812806 1.31565e-07 -1.09786e-07)
(0.0081073 -6.22103e-08 5.11964e-08)
(0.00811704 2.92979e-08 -2.36129e-08)
(0.00811262 -1.45742e-08 1.12995e-08)
(0.00811458 8.03314e-09 -5.55081e-09)
(0.0081138 -5.29299e-09 3.55742e-09)
(0.00811409 4.25295e-09 -2.67587e-09)
(0.00811401 -4.0212e-09 2.52723e-09)
(0.00811404 3.86276e-09 -2.3396e-09)
(0.00811405 -3.9477e-09 2.37843e-09)
(0.00811404 3.9605e-09 -2.35877e-09)
(0.00811404 -3.99892e-09 2.30428e-09)
(0.00811405 3.87648e-09 -2.3329e-09)
(0.00811402 -3.87959e-09 2.25992e-09)
(0.00811405 3.70695e-09 -2.34245e-09)
(0.00811398 -3.24587e-09 2.22157e-09)
(0.00811409 3.26584e-09 -1.81488e-09)
(0.008114 -2.52002e-09 1.7757e-09)
(0.00811407 2.4572e-09 -1.64684e-09)
(0.00811404 -2.08197e-09 1.71248e-09)
(0.00811404 2.04436e-09 -1.76993e-09)
(0.0131367 0.000203726 -0.000203728)
(0.0195545 1.5796e-05 -1.57952e-05)
(0.0163388 -7.49721e-06 7.49368e-06)
(0.0179303 3.5944e-06 -3.59134e-06)
(0.017148 -1.76517e-06 1.7607e-06)
(0.0175321 8.61831e-07 -8.5738e-07)
(0.0173442 -4.16704e-07 4.12676e-07)
(0.0174355 1.99775e-07 -1.94254e-07)
(0.0173918 -9.2963e-08 8.98871e-08)
(0.0174124 4.34732e-08 -4.12079e-08)
(0.017403 -1.9423e-08 1.92783e-08)
(0.0174072 9.80426e-09 -9.22617e-09)
(0.0174055 -5.13954e-09 5.81608e-09)
(0.0174062 3.98828e-09 -4.4038e-09)
(0.017406 -3.1284e-09 4.12539e-09)
(0.0174061 3.19713e-09 -3.86783e-09)
(0.0174061 -2.95086e-09 3.88554e-09)
(0.0174061 2.91709e-09 -3.84258e-09)
(0.0174061 -2.8784e-09 3.71178e-09)
(0.0174061 2.85873e-09 -3.81673e-09)
(0.017406 -2.84485e-09 3.65863e-09)
(0.0174061 3.07088e-09 -3.90326e-09)
(0.0174059 -3.17738e-09 3.87522e-09)
(0.0174062 2.10875e-09 -2.81935e-09)
(0.017406 -2.43106e-09 3.09884e-09)
(0.0174061 1.69912e-09 -2.81333e-09)
(0.017406 -2.01017e-09 3.1582e-09)
(0.0174061 3.06606e-09 -3.11022e-09)
(0.0167204 0.00013767 -0.000222619)
(0.0249297 1.16541e-05 -1.80268e-05)
(0.0208537 -5.50594e-06 8.54265e-06)
(0.0228628 2.62443e-06 -4.0732e-06)
(0.0218751 -1.29096e-06 1.99732e-06)
(0.0223599 6.31621e-07 -9.7219e-07)
(0.0221229 -3.06865e-07 4.67653e-07)
(0.022238 1.49888e-07 -2.19967e-07)
(0.0221831 -7.0754e-08 1.01584e-07)
(0.0222088 3.37647e-08 -4.659e-08)
(0.0221972 -1.50179e-08 2.17716e-08)
(0.0222024 7.77162e-09 -1.05086e-08)
(0.0222003 -3.57448e-09 6.69451e-09)
(0.0222011 2.64593e-09 -5.16995e-09)
(0.0222009 -1.71505e-09 4.89223e-09)
(0.022201 1.75958e-09 -4.5977e-09)
(0.022201 -1.48957e-09 4.62489e-09)
(0.022201 1.44557e-09 -4.58261e-09)
(0.022201 -1.48687e-09 4.43207e-09)
(0.022201 1.38899e-09 -4.54912e-09)
(0.0222009 -1.49291e-09 4.37402e-09)
(0.022201 1.83839e-09 -4.7161e-09)
(0.0222008 -1.92459e-09 4.65805e-09)
(0.0222011 1.11935e-09 -3.38134e-09)
(0.0222008 -1.23938e-09 3.6433e-09)
(0.022201 8.87753e-10 -3.28994e-09)
(0.0222009 -1.00006e-09 3.65138e-09)
(0.022201 1.31564e-09 -3.65846e-09)
(0.0178238 -7.5359e-10 -0.000225514)
(0.0265895 -2.12713e-10 -1.8505e-05)
(0.0222505 -1.01499e-09 8.7779e-06)
(0.0243859 1.48633e-09 -4.17993e-06)
(0.0233361 -1.99608e-09 2.05098e-06)
(0.0238513 1.0854e-09 -9.99014e-07)
(0.0235995 -5.85427e-10 4.81041e-07)
(0.0237217 2.45316e-09 -2.26857e-07)
(0.0236635 -1.40969e-09 1.04723e-07)
(0.0236907 9.02151e-10 -4.81903e-08)
(0.0236785 3.49355e-11 2.22286e-08)
(0.0236839 2.09923e-10 -1.06497e-08)
(0.0236817 4.10591e-10 6.57548e-09)
(0.0236826 -1.68112e-10 -5.03008e-09)
(0.0236824 4.61681e-10 4.67841e-09)
(0.0236824 -3.7708e-10 -4.37768e-09)
(0.0236825 4.77895e-10 4.35894e-09)
(0.0236824 -5.08698e-10 -4.31489e-09)
(0.0236824 4.25083e-10 4.15652e-09)
(0.0236825 -5.28008e-10 -4.2864e-09)
(0.0236824 4.11067e-10 4.11897e-09)
(0.0236825 3.30945e-11 -4.58184e-09)
(0.0236823 -7.88568e-11 4.58468e-09)
(0.0236826 -3.62486e-10 -3.15701e-09)
(0.0236823 3.10881e-10 3.51157e-09)
(0.0236825 -4.70541e-10 -3.13066e-09)
(0.0236823 5.15992e-10 3.56316e-09)
(0.0236824 -1.24833e-10 -3.60407e-09)
(0.0167204 -0.000137671 -0.000222617)
(0.0249297 -1.16541e-05 -1.80272e-05)
(0.0208537 5.50342e-06 8.54354e-06)
(0.0228628 -2.62151e-06 -4.07431e-06)
(0.0218751 1.28672e-06 1.9986e-06)
(0.0223599 -6.28636e-07 -9.73141e-07)
(0.0221229 3.04743e-07 4.68594e-07)
(0.022238 -1.4458e-07 -2.21162e-07)
(0.0221831 6.77226e-08 1.02252e-07)
(0.0222088 -3.17112e-08 -4.72222e-08)
(0.0221972 1.4898e-08 2.17832e-08)
(0.0222024 -7.14283e-09 -1.0497e-08)
(0.0222003 4.24245e-09 6.46448e-09)
(0.0222011 -2.88293e-09 -4.95853e-09)
(0.0222009 2.55979e-09 4.61283e-09)
(0.022201 -2.35347e-09 -4.2772e-09)
(0.022201 2.31839e-09 4.27347e-09)
(0.022201 -2.30684e-09 -4.2324e-09)
(0.022201 2.20712e-09 4.08592e-09)
(0.022201 -2.29489e-09 -4.20616e-09)
(0.0222009 2.18259e-09 4.02496e-09)
(0.022201 -1.92267e-09 -4.57629e-09)
(0.0222008 1.90863e-09 4.5467e-09)
(0.0222011 -1.72865e-09 -3.0915e-09)
(0.0222008 1.80525e-09 3.38033e-09)
(0.022201 -1.82448e-09 -3.03298e-09)
(0.0222009 2.04659e-09 3.4326e-09)
(0.022201 -1.50927e-09 -3.47048e-09)
(0.0131367 -0.000203727 -0.000203727)
(0.0195545 -1.57957e-05 -1.57954e-05)
(0.0163388 7.49491e-06 7.49461e-06)
(0.0179303 -3.59222e-06 -3.59249e-06)
(0.017148 1.76164e-06 1.76196e-06)
(0.0175321 -8.5869e-07 -8.58357e-07)
(0.0173442 4.13836e-07 4.13503e-07)
(0.0174355 -1.95123e-07 -1.95425e-07)
(0.0173918 9.027e-08 9.04909e-08)
(0.0174124 -4.14516e-08 -4.16999e-08)
(0.017403 1.91284e-08 1.91708e-08)
(0.0174072 -9.06906e-09 -9.09124e-09)
(0.0174055 5.53792e-09 5.48613e-09)
(0.0174062 -4.11129e-09 -4.0934e-09)
(0.017406 3.77526e-09 3.74903e-09)
(0.0174061 -3.53254e-09 -3.44298e-09)
(0.0174061 3.50807e-09 3.4247e-09)
(0.0174061 -3.46976e-09 -3.3816e-09)
(0.0174061 3.34604e-09 3.26285e-09)
(0.0174061 -3.43875e-09 -3.35714e-09)
(0.017406 3.28547e-09 3.21094e-09)
(0.0174061 -3.43072e-09 -3.67974e-09)
(0.0174059 3.44008e-09 3.67926e-09)
(0.0174062 -2.51896e-09 -2.46398e-09)
(0.017406 2.84684e-09 2.78253e-09)
(0.0174061 -2.65641e-09 -2.56486e-09)
(0.017406 3.07483e-09 2.9704e-09)
(0.0174061 -2.82893e-09 -2.82475e-09)
(0.00614863 -0.000105917 -0.000122996)
(0.00912484 -1.01827e-05 -8.7542e-06)
(0.00760792 4.98348e-06 4.19611e-06)
(0.00836265 -2.42617e-06 -2.02892e-06)
(0.00799163 1.18305e-06 9.94189e-07)
(0.00817388 -5.72026e-07 -4.841e-07)
(0.00808465 2.74234e-07 2.33443e-07)
(0.00812806 -1.2909e-07 -1.10656e-07)
(0.0081073 6.1127e-08 5.16873e-08)
(0.00811704 -2.85111e-08 -2.40323e-08)
(0.00811262 1.46927e-08 1.13744e-08)
(0.00811458 -7.99951e-09 -5.65711e-09)
(0.0081138 5.6988e-09 3.49262e-09)
(0.00811409 -4.60111e-09 -2.64295e-09)
(0.00811401 4.6013e-09 2.4306e-09)
(0.00811404 -4.27021e-09 -2.25848e-09)
(0.00811405 4.5178e-09 2.27222e-09)
(0.00811404 -4.49073e-09 -2.24962e-09)
(0.00811404 4.52638e-09 2.20733e-09)
(0.00811405 -4.43019e-09 -2.224e-09)
(0.00811402 4.39175e-09 2.16791e-09)
(0.00811405 -4.29562e-09 -2.29383e-09)
(0.00811398 3.72207e-09 2.19673e-09)
(0.00811409 -3.69984e-09 -1.73457e-09)
(0.008114 2.85181e-09 1.68763e-09)
(0.00811407 -2.79487e-09 -1.57058e-09)
(0.00811404 2.34519e-09 1.62341e-09)
(0.00811404 -2.4779e-09 -1.60645e-09)
(0.00319907 6.97639e-05 -6.97642e-05)
(0.00473322 5.69155e-06 -5.69124e-06)
(0.0039375 -2.80383e-06 2.80272e-06)
(0.0043345 1.37324e-06 -1.37242e-06)
(0.00413932 -6.73229e-07 6.72059e-07)
(0.00423524 3.28734e-07 -3.27402e-07)
(0.00418823 -1.59281e-07 1.58228e-07)
(0.00421113 7.66186e-08 -7.52362e-08)
(0.00420015 -3.6122e-08 3.54896e-08)
(0.00420531 1.70156e-08 -1.65202e-08)
(0.00420296 -7.93704e-09 7.94653e-09)
(0.004204 4.05365e-09 -3.93346e-09)
(0.00420359 -2.24409e-09 2.40915e-09)
(0.00420374 1.63513e-09 -1.73467e-09)
(0.0042037 -1.33335e-09 1.58385e-09)
(0.00420371 1.31311e-09 -1.44534e-09)
(0.00420372 -1.24935e-09 1.46842e-09)
(0.00420371 1.24537e-09 -1.45205e-09)
(0.00420371 -1.23948e-09 1.43565e-09)
(0.00420372 1.21598e-09 -1.43207e-09)
(0.0042037 -1.22021e-09 1.40327e-09)
(0.00420372 1.17312e-09 -1.41036e-09)
(0.00420368 -1.12794e-09 1.29444e-09)
(0.00420374 9.90406e-10 -1.17231e-09)
(0.0042037 -9.24059e-10 1.04813e-09)
(0.00420373 8.52586e-10 -1.00782e-09)
(0.00420372 -8.62099e-10 9.8578e-10)
(0.00420372 8.13907e-10 -1.04644e-09)
(0.00614863 0.000122995 -0.000105916)
(0.00912484 8.75435e-06 -1.01826e-05)
(0.00760792 -4.19772e-06 4.98362e-06)
(0.00836265 2.03018e-06 -2.42622e-06)
(0.00799163 -9.96012e-07 1.18311e-06)
(0.00817388 4.86141e-07 -5.72334e-07)
(0.00808465 -2.35053e-07 2.74481e-07)
(0.00812806 1.1291e-07 -1.29055e-07)
(0.0081073 -5.27497e-08 6.10181e-08)
(0.00811704 2.47923e-08 -2.83812e-08)
(0.00811262 -1.12854e-08 1.45843e-08)
(0.00811458 5.79986e-09 -7.81239e-09)
(0.0081138 -3.1413e-09 5.59959e-09)
(0.00811409 2.41647e-09 -4.43829e-09)
(0.00811401 -1.93365e-09 4.47892e-09)
(0.00811404 1.96377e-09 -4.11878e-09)
(0.00811405 -1.83004e-09 4.35397e-09)
(0.00811404 1.82235e-09 -4.34878e-09)
(0.00811404 -1.80565e-09 4.36278e-09)
(0.00811405 1.77982e-09 -4.28113e-09)
(0.00811402 -1.78081e-09 4.2227e-09)
(0.00811405 1.8278e-09 -4.12992e-09)
(0.00811398 -1.8442e-09 3.55127e-09)
(0.00811409 1.36021e-09 -3.59996e-09)
(0.008114 -1.43426e-09 2.76166e-09)
(0.00811407 1.20691e-09 -2.75404e-09)
(0.00811404 -1.32388e-09 2.33123e-09)
(0.00811404 1.33568e-09 -2.45682e-09)
(0.00753545 7.81433e-05 -0.000103249)
(0.0112014 6.28161e-06 -1.10853e-05)
(0.00935015 -3.01392e-06 5.4396e-06)
(0.0102688 1.45501e-06 -2.64634e-06)
(0.00981719 -7.15675e-07 1.29055e-06)
(0.010039 3.50456e-07 -6.24163e-07)
(0.00993048 -1.70085e-07 2.99099e-07)
(0.00998319 8.27149e-08 -1.40568e-07)
(0.00995805 -3.87063e-08 6.62628e-08)
(0.00996981 1.82986e-08 -3.08574e-08)
(0.0099645 -7.96958e-09 1.56834e-08)
(0.00996684 4.00983e-09 -8.43588e-09)
(0.00996592 -1.79532e-09 5.97904e-09)
(0.00996626 1.31953e-09 -4.79918e-09)
(0.00996618 -8.1083e-10 4.77665e-09)
(0.0099662 8.77694e-10 -4.43984e-09)
(0.00996623 -7.02283e-10 4.65822e-09)
(0.00996621 6.82957e-10 -4.65407e-09)
(0.00996621 -6.83075e-10 4.66093e-09)
(0.00996623 6.54682e-10 -4.58476e-09)
(0.00996619 -6.90515e-10 4.49588e-09)
(0.00996623 8.49154e-10 -4.43024e-09)
(0.00996614 -9.69823e-10 3.88004e-09)
(0.00996627 4.64014e-10 -3.7528e-09)
(0.00996616 -6.80465e-10 3.01434e-09)
(0.00996624 5.02635e-10 -2.92446e-09)
(0.0099662 -6.8838e-10 2.55071e-09)
(0.0099662 6.55951e-10 -2.67179e-09)
(0.00794984 -1.181e-10 -0.00010088)
(0.0118238 -2.2138e-10 -1.11584e-05)
(0.00987345 -1.1119e-10 5.48552e-06)
(0.0108403 3.29095e-10 -2.66944e-06)
(0.010365 -5.66236e-10 1.3027e-06)
(0.0105984 1.90239e-10 -6.30464e-07)
(0.0104842 -4.18755e-11 3.02241e-07)
(0.0105396 8.73443e-10 -1.4226e-07)
(0.0105132 -5.98802e-10 6.68982e-08)
(0.0105256 3.40897e-10 -3.1167e-08)
(0.01052 -7.09364e-11 1.557e-08)
(0.0105225 1.70929e-10 -8.30178e-09)
(0.0105215 6.96404e-11 5.74527e-09)
(0.0105219 3.2539e-11 -4.60505e-09)
(0.0105218 7.40862e-11 4.52821e-09)
(0.0105218 -4.88057e-11 -4.20672e-09)
(0.0105218 7.45461e-11 4.40119e-09)
(0.0105218 -9.09995e-11 -4.38253e-09)
(0.0105218 5.16333e-11 4.39679e-09)
(0.0105218 -1.03127e-10 -4.31942e-09)
(0.0105218 4.96319e-11 4.24252e-09)
(0.0105218 1.33617e-10 -4.20181e-09)
(0.0105217 -1.23884e-10 3.71661e-09)
(0.0105219 -3.79883e-11 -3.50413e-09)
(0.0105218 8.38598e-11 2.89291e-09)
(0.0105219 -9.77376e-11 -2.77268e-09)
(0.0105218 1.25984e-10 2.48418e-09)
(0.0105218 -1.03036e-10 -2.62012e-09)
(0.00753545 -7.81448e-05 -0.000103251)
(0.0112014 -6.28178e-06 -1.10852e-05)
(0.00935015 3.01295e-06 5.43902e-06)
(0.0102688 -1.45388e-06 -2.64598e-06)
(0.00981719 7.14036e-07 1.29033e-06)
(0.010039 -3.49267e-07 -6.2367e-07)
(0.00993048 1.69316e-07 2.98815e-07)
(0.00998319 -8.05454e-08 -1.40585e-07)
(0.00995805 3.74678e-08 6.64983e-08)
(0.00996981 -1.75017e-08 -3.10342e-08)
(0.0099645 7.96452e-09 1.59595e-08)
(0.00996684 -3.7669e-09 -8.70949e-09)
(0.00996592 2.09841e-09 6.219e-09)
(0.00996626 -1.41912e-09 -5.04609e-09)
(0.00996618 1.18379e-09 5.06295e-09)
(0.0099662 -1.12759e-09 -4.67265e-09)
(0.00996623 1.06076e-09 4.95663e-09)
(0.00996621 -1.05487e-09 -4.92161e-09)
(0.00996621 9.96349e-10 4.96752e-09)
(0.00996623 -1.04555e-09 -4.8511e-09)
(0.00996619 9.97216e-10 4.81466e-09)
(0.00996623 -8.91217e-10 -4.73235e-09)
(0.00996614 9.47908e-10 4.09069e-09)
(0.00996627 -7.53727e-10 -4.05633e-09)
(0.00996616 9.26411e-10 3.11653e-09)
(0.00996624 -8.24835e-10 -3.06824e-09)
(0.0099662 9.92599e-10 2.57531e-09)
(0.0099662 -9.4674e-10 -2.71627e-09)
(0.00614863 -0.000122996 -0.000105917)
(0.00912484 -8.75424e-06 -1.01827e-05)
(0.00760792 4.19615e-06 4.98349e-06)
(0.00836265 -2.02886e-06 -2.42616e-06)
(0.00799163 9.94104e-07 1.18305e-06)
(0.00817388 -4.84155e-07 -5.72024e-07)
(0.00808465 2.33489e-07 2.74241e-07)
(0.00812806 -1.10559e-07 -1.2911e-07)
(0.0081073 5.16049e-08 6.11519e-08)
(0.00811704 -2.39403e-08 -2.85365e-08)
(0.00811262 1.13474e-08 1.47056e-08)
(0.00811458 -5.63506e-09 -8.01196e-09)
(0.0081138 3.49856e-09 5.70304e-09)
(0.00811409 -2.63187e-09 -4.61118e-09)
(0.00811401 2.42466e-09 4.60952e-09)
(0.00811404 -2.27499e-09 -4.2722e-09)
(0.00811405 2.28713e-09 4.52078e-09)
(0.00811404 -2.26562e-09 -4.49332e-09)
(0.00811404 2.22182e-09 4.52985e-09)
(0.00811405 -2.23727e-09 -4.4336e-09)
(0.00811402 2.18423e-09 4.39357e-09)
(0.00811405 -2.19414e-09 -4.3251e-09)
(0.00811398 2.09224e-09 3.75429e-09)
(0.00811409 -1.74626e-09 -3.70163e-09)
(0.008114 1.70255e-09 2.85139e-09)
(0.00811407 -1.58974e-09 -2.79267e-09)
(0.00811404 1.64734e-09 2.34001e-09)
(0.00811404 -1.6251e-09 -2.47267e-09)
(0.00319907 -6.97635e-05 -6.97635e-05)
(0.00473322 -5.6913e-06 -5.69133e-06)
(0.0039375 2.80293e-06 2.80296e-06)
(0.0043345 -1.37257e-06 -1.37254e-06)
(0.00413932 6.72278e-07 6.72259e-07)
(0.00423524 -3.27636e-07 -3.27654e-07)
(0.00418823 1.58392e-07 1.58416e-07)
(0.00421113 -7.55296e-08 -7.55234e-08)
(0.00420015 3.56171e-08 3.56207e-08)
(0.00420531 -1.66342e-08 -1.66364e-08)
(0.00420296 7.94625e-09 7.95325e-09)
(0.004204 -3.97702e-09 -3.98471e-09)
(0.00420359 2.38195e-09 2.3885e-09)
(0.00420374 -1.73254e-09 -1.74124e-09)
(0.0042037 1.54183e-09 1.5498e-09)
(0.00420371 -1.43619e-09 -1.44343e-09)
(0.00420372 1.43831e-09 1.44588e-09)
(0.00420371 -1.42381e-09 -1.43141e-09)
(0.00420371 1.41068e-09 1.41858e-09)
(0.00420372 -1.40212e-09 -1.4099e-09)
(0.0042037 1.38144e-09 1.38762e-09)
(0.00420372 -1.38249e-09 -1.38806e-09)
(0.00420368 1.28626e-09 1.29485e-09)
(0.00420374 -1.13905e-09 -1.14425e-09)
(0.0042037 1.03458e-09 1.03898e-09)
(0.00420373 -9.88343e-10 -9.89725e-10)
(0.00420372 9.75456e-10 9.74942e-10)
(0.00420372 -9.78001e-10 -9.80703e-10)
)
;

boundaryField
{
    inlet
    {
        type            fixedValue;
        value           uniform (0.01667 0 0);
    }
    outlet
    {
        type            zeroGradient;
    }
    Walls
    {
        type            noSlip;
    }
}


// ************************************************************************* //
