/*--------------------------------*- C++ -*----------------------------------*\
  =========                 |
  \\      /  F ield         | OpenFOAM: The Open Source CFD Toolbox
   \\    /   O peration     | Website:  https://openfoam.org
    \\  /    A nd           | Version:  13
     \\/     M anipulation  |
\*---------------------------------------------------------------------------*/
FoamFile
{
    format      ascii;
    class       volScalarField;
    location    "28";
    object      p;
}
// * * * * * * * * * * * * * * * * * * * * * * * * * * * * * * * * * * * * * //

dimensions      [0 2 -2 0 0 0 0];

internalField   nonuniform List<scalar> 
500
(
83.3116
76.3549
72.1253
68.3103
64.1718
60.0148
55.8787
51.74
47.6004
43.4611
39.3225
35.1828
31.0442
26.9046
22.7658
18.6263
14.4872
10.348
6.20882
2.06959
83.3095
76.3548
72.1252
68.3103
64.1718
60.0148
55.8787
51.74
47.6004
43.4611
39.3225
35.1828
31.0442
26.9046
22.7658
18.6263
14.4872
10.348
6.20882
2.06959
83.3087
76.3548
72.1252
68.3104
64.1718
60.0148
55.8787
51.74
47.6004
43.4611
39.3225
35.1828
31.0442
26.9046
22.7658
18.6263
14.4872
10.348
6.20882
2.06959
83.3095
76.3548
72.1252
68.3103
64.1718
60.0148
55.8787
51.74
47.6004
43.4611
39.3225
35.1828
31.0442
26.9046
22.7658
18.6263
14.4872
10.348
6.20882
2.06959
83.3116
76.3549
72.1253
68.3103
64.1718
60.0148
55.8787
51.74
47.6004
43.4611
39.3225
35.1828
31.0442
26.9046
22.7658
18.6263
14.4872
10.348
6.20882
2.06959
83.3095
76.3548
72.1252
68.3103
64.1718
60.0148
55.8787
51.74
47.6004
43.4611
39.3225
35.1828
31.0442
26.9046
22.7658
18.6263
14.4872
10.348
6.20882
2.06959
83.3071
76.3549
72.1252
68.3104
64.1718
60.0148
55.8787
51.7401
47.6004
43.4611
39.3225
35.1828
31.0442
26.9046
22.7658
18.6263
14.4872
10.348
6.20882
2.06959
83.3062
76.3551
72.1252
68.3104
64.1718
60.0148
55.8787
51.7401
47.6004
43.4611
39.3225
35.1828
31.0442
26.9046
22.7658
18.6263
14.4872
10.348
6.20882
2.06959
83.3071
76.3549
72.1252
68.3104
64.1718
60.0148
55.8787
51.7401
47.6004
43.4611
39.3225
35.1828
31.0442
26.9046
22.7658
18.6263
14.4872
10.348
6.20882
2.06959
83.3095
76.3548
72.1252
68.3103
64.1718
60.0148
55.8787
51.74
47.6004
43.4611
39.3225
35.1828
31.0442
26.9046
22.7658
18.6263
14.4872
10.348
6.20882
2.06959
83.3087
76.3548
72.1252
68.3104
64.1718
60.0148
55.8787
51.74
47.6004
43.4611
39.3225
35.1828
31.0442
26.9046
22.7658
18.6263
14.4872
10.348
6.20882
2.06959
83.3062
76.3551
72.1252
68.3104
64.1718
60.0148
55.8787
51.7401
47.6004
43.4611
39.3225
35.1828
31.0442
26.9046
22.7658
18.6263
14.4872
10.348
6.20882
2.06959
83.3053
76.3553
72.1252
68.3104
64.1718
60.0147
55.8787
51.7401
47.6004
43.4611
39.3225
35.1828
31.0442
26.9046
22.7658
18.6263
14.4872
10.348
6.20882
2.06959
83.3062
76.3551
72.1252
68.3104
64.1718
60.0148
55.8787
51.7401
47.6004
43.4611
39.3225
35.1828
31.0442
26.9046
22.7658
18.6263
14.4872
10.348
6.20882
2.06959
83.3087
76.3548
72.1252
68.3104
64.1718
60.0148
55.8787
51.74
47.6004
43.4611
39.3225
35.1828
31.0442
26.9046
22.7658
18.6263
14.4872
10.348
6.20882
2.06959
83.3095
76.3548
72.1252
68.3103
64.1718
60.0148
55.8787
51.74
47.6004
43.4611
39.3225
35.1828
31.0442
26.9046
22.7658
18.6263
14.4872
10.348
6.20882
2.06959
83.3071
76.3549
72.1252
68.3104
64.1718
60.0148
55.8787
51.7401
47.6004
43.4611
39.3225
35.1828
31.0442
26.9046
22.7658
18.6263
14.4872
10.348
6.20882
2.06959
83.3062
76.3551
72.1252
68.3104
64.1718
60.0148
55.8787
51.7401
47.6004
43.4611
39.3225
35.1828
31.0442
26.9046
22.7658
18.6263
14.4872
10.348
6.20882
2.06959
83.3071
76.3549
72.1252
68.3104
64.1718
60.0148
55.8787
51.7401
47.6004
43.4611
39.3225
35.1828
31.0442
26.9046
22.7658
18.6263
14.4872
10.348
6.20882
2.06959
83.3095
76.3548
72.1252
68.3103
64.1718
60.0148
55.8787
51.74
47.6004
43.4611
39.3225
35.1828
31.0442
26.9046
22.7658
18.6263
14.4872
10.348
6.20882
2.06959
83.3116
76.3549
72.1253
68.3103
64.1718
60.0148
55.8787
51.74
47.6004
43.4611
39.3225
35.1828
31.0442
26.9046
22.7658
18.6263
14.4872
10.348
6.20882
2.06959
83.3095
76.3548
72.1252
68.3103
64.1718
60.0148
55.8787
51.74
47.6004
43.4611
39.3225
35.1828
31.0442
26.9046
22.7658
18.6263
14.4872
10.348
6.20882
2.06959
83.3087
76.3548
72.1252
68.3104
64.1718
60.0148
55.8787
51.74
47.6004
43.4611
39.3225
35.1828
31.0442
26.9046
22.7658
18.6263
14.4872
10.348
6.20882
2.06959
83.3095
76.3548
72.1252
68.3103
64.1718
60.0148
55.8787
51.74
47.6004
43.4611
39.3225
35.1828
31.0442
26.9046
22.7658
18.6263
14.4872
10.348
6.20882
2.06959
83.3116
76.3549
72.1253
68.3103
64.1718
60.0148
55.8787
51.74
47.6004
43.4611
39.3225
35.1828
31.0442
26.9046
22.7658
18.6263
14.4872
10.348
6.20882
2.06959
)
;

boundaryField
{
    inlet
    {
        type            zeroGradient;
    }
    outlet
    {
        type            fixedValue;
        value           uniform 0;
    }
    Walls
    {
        type            zeroGradient;
    }
}


// ************************************************************************* //
