/*--------------------------------*- C++ -*----------------------------------*\
  =========                 |
  \\      /  F ield         | OpenFOAM: The Open Source CFD Toolbox
   \\    /   O peration     | Website:  https://openfoam.org
    \\  /    A nd           | Version:  13
     \\/     M anipulation  |
\*---------------------------------------------------------------------------*/
FoamFile
{
    format      ascii;
    class       faceList;
    location    "constant/polyMesh";
    object      faces;
}
// * * * * * * * * * * * * * * * * * * * * * * * * * * * * * * * * * * * * * //


1725
(
4(1 22 148 127)
4(21 147 148 22)
4(126 127 148 147)
4(2 23 149 128)
4(22 148 149 23)
4(127 128 149 148)
4(3 24 150 129)
4(23 149 150 24)
4(128 129 150 149)
4(4 25 151 130)
4(24 150 151 25)
4(129 130 151 150)
4(5 26 152 131)
4(25 151 152 26)
4(130 131 152 151)
4(6 27 153 132)
4(26 152 153 27)
4(131 132 153 152)
4(7 28 154 133)
4(27 153 154 28)
4(132 133 154 153)
4(8 29 155 134)
4(28 154 155 29)
4(133 134 155 154)
4(9 30 156 135)
4(29 155 156 30)
4(134 135 156 155)
4(10 31 157 136)
4(30 156 157 31)
4(135 136 157 156)
4(11 32 158 137)
4(31 157 158 32)
4(136 137 158 157)
4(12 33 159 138)
4(32 158 159 33)
4(137 138 159 158)
4(13 34 160 139)
4(33 159 160 34)
4(138 139 160 159)
4(14 35 161 140)
4(34 160 161 35)
4(139 140 161 160)
4(15 36 162 141)
4(35 161 162 36)
4(140 141 162 161)
4(16 37 163 142)
4(36 162 163 37)
4(141 142 163 162)
4(17 38 164 143)
4(37 163 164 38)
4(142 143 164 163)
4(18 39 165 144)
4(38 164 165 39)
4(143 144 165 164)
4(19 40 166 145)
4(39 165 166 40)
4(144 145 166 165)
4(40 166 167 41)
4(145 146 167 166)
4(22 43 169 148)
4(42 168 169 43)
4(147 148 169 168)
4(23 44 170 149)
4(43 169 170 44)
4(148 149 170 169)
4(24 45 171 150)
4(44 170 171 45)
4(149 150 171 170)
4(25 46 172 151)
4(45 171 172 46)
4(150 151 172 171)
4(26 47 173 152)
4(46 172 173 47)
4(151 152 173 172)
4(27 48 174 153)
4(47 173 174 48)
4(152 153 174 173)
4(28 49 175 154)
4(48 174 175 49)
4(153 154 175 174)
4(29 50 176 155)
4(49 175 176 50)
4(154 155 176 175)
4(30 51 177 156)
4(50 176 177 51)
4(155 156 177 176)
4(31 52 178 157)
4(51 177 178 52)
4(156 157 178 177)
4(32 53 179 158)
4(52 178 179 53)
4(157 158 179 178)
4(33 54 180 159)
4(53 179 180 54)
4(158 159 180 179)
4(34 55 181 160)
4(54 180 181 55)
4(159 160 181 180)
4(35 56 182 161)
4(55 181 182 56)
4(160 161 182 181)
4(36 57 183 162)
4(56 182 183 57)
4(161 162 183 182)
4(37 58 184 163)
4(57 183 184 58)
4(162 163 184 183)
4(38 59 185 164)
4(58 184 185 59)
4(163 164 185 184)
4(39 60 186 165)
4(59 185 186 60)
4(164 165 186 185)
4(40 61 187 166)
4(60 186 187 61)
4(165 166 187 186)
4(61 187 188 62)
4(166 167 188 187)
4(43 64 190 169)
4(63 189 190 64)
4(168 169 190 189)
4(44 65 191 170)
4(64 190 191 65)
4(169 170 191 190)
4(45 66 192 171)
4(65 191 192 66)
4(170 171 192 191)
4(46 67 193 172)
4(66 192 193 67)
4(171 172 193 192)
4(47 68 194 173)
4(67 193 194 68)
4(172 173 194 193)
4(48 69 195 174)
4(68 194 195 69)
4(173 174 195 194)
4(49 70 196 175)
4(69 195 196 70)
4(174 175 196 195)
4(50 71 197 176)
4(70 196 197 71)
4(175 176 197 196)
4(51 72 198 177)
4(71 197 198 72)
4(176 177 198 197)
4(52 73 199 178)
4(72 198 199 73)
4(177 178 199 198)
4(53 74 200 179)
4(73 199 200 74)
4(178 179 200 199)
4(54 75 201 180)
4(74 200 201 75)
4(179 180 201 200)
4(55 76 202 181)
4(75 201 202 76)
4(180 181 202 201)
4(56 77 203 182)
4(76 202 203 77)
4(181 182 203 202)
4(57 78 204 183)
4(77 203 204 78)
4(182 183 204 203)
4(58 79 205 184)
4(78 204 205 79)
4(183 184 205 204)
4(59 80 206 185)
4(79 205 206 80)
4(184 185 206 205)
4(60 81 207 186)
4(80 206 207 81)
4(185 186 207 206)
4(61 82 208 187)
4(81 207 208 82)
4(186 187 208 207)
4(82 208 209 83)
4(187 188 209 208)
4(64 85 211 190)
4(84 210 211 85)
4(189 190 211 210)
4(65 86 212 191)
4(85 211 212 86)
4(190 191 212 211)
4(66 87 213 192)
4(86 212 213 87)
4(191 192 213 212)
4(67 88 214 193)
4(87 213 214 88)
4(192 193 214 213)
4(68 89 215 194)
4(88 214 215 89)
4(193 194 215 214)
4(69 90 216 195)
4(89 215 216 90)
4(194 195 216 215)
4(70 91 217 196)
4(90 216 217 91)
4(195 196 217 216)
4(71 92 218 197)
4(91 217 218 92)
4(196 197 218 217)
4(72 93 219 198)
4(92 218 219 93)
4(197 198 219 218)
4(73 94 220 199)
4(93 219 220 94)
4(198 199 220 219)
4(74 95 221 200)
4(94 220 221 95)
4(199 200 221 220)
4(75 96 222 201)
4(95 221 222 96)
4(200 201 222 221)
4(76 97 223 202)
4(96 222 223 97)
4(201 202 223 222)
4(77 98 224 203)
4(97 223 224 98)
4(202 203 224 223)
4(78 99 225 204)
4(98 224 225 99)
4(203 204 225 224)
4(79 100 226 205)
4(99 225 226 100)
4(204 205 226 225)
4(80 101 227 206)
4(100 226 227 101)
4(205 206 227 226)
4(81 102 228 207)
4(101 227 228 102)
4(206 207 228 227)
4(82 103 229 208)
4(102 228 229 103)
4(207 208 229 228)
4(103 229 230 104)
4(208 209 230 229)
4(85 106 232 211)
4(210 211 232 231)
4(86 107 233 212)
4(211 212 233 232)
4(87 108 234 213)
4(212 213 234 233)
4(88 109 235 214)
4(213 214 235 234)
4(89 110 236 215)
4(214 215 236 235)
4(90 111 237 216)
4(215 216 237 236)
4(91 112 238 217)
4(216 217 238 237)
4(92 113 239 218)
4(217 218 239 238)
4(93 114 240 219)
4(218 219 240 239)
4(94 115 241 220)
4(219 220 241 240)
4(95 116 242 221)
4(220 221 242 241)
4(96 117 243 222)
4(221 222 243 242)
4(97 118 244 223)
4(222 223 244 243)
4(98 119 245 224)
4(223 224 245 244)
4(99 120 246 225)
4(224 225 246 245)
4(100 121 247 226)
4(225 226 247 246)
4(101 122 248 227)
4(226 227 248 247)
4(102 123 249 228)
4(227 228 249 248)
4(103 124 250 229)
4(228 229 250 249)
4(229 230 251 250)
4(127 148 274 253)
4(147 273 274 148)
4(252 253 274 273)
4(128 149 275 254)
4(148 274 275 149)
4(253 254 275 274)
4(129 150 276 255)
4(149 275 276 150)
4(254 255 276 275)
4(130 151 277 256)
4(150 276 277 151)
4(255 256 277 276)
4(131 152 278 257)
4(151 277 278 152)
4(256 257 278 277)
4(132 153 279 258)
4(152 278 279 153)
4(257 258 279 278)
4(133 154 280 259)
4(153 279 280 154)
4(258 259 280 279)
4(134 155 281 260)
4(154 280 281 155)
4(259 260 281 280)
4(135 156 282 261)
4(155 281 282 156)
4(260 261 282 281)
4(136 157 283 262)
4(156 282 283 157)
4(261 262 283 282)
4(137 158 284 263)
4(157 283 284 158)
4(262 263 284 283)
4(138 159 285 264)
4(158 284 285 159)
4(263 264 285 284)
4(139 160 286 265)
4(159 285 286 160)
4(264 265 286 285)
4(140 161 287 266)
4(160 286 287 161)
4(265 266 287 286)
4(141 162 288 267)
4(161 287 288 162)
4(266 267 288 287)
4(142 163 289 268)
4(162 288 289 163)
4(267 268 289 288)
4(143 164 290 269)
4(163 289 290 164)
4(268 269 290 289)
4(144 165 291 270)
4(164 290 291 165)
4(269 270 291 290)
4(145 166 292 271)
4(165 291 292 166)
4(270 271 292 291)
4(166 292 293 167)
4(271 272 293 292)
4(148 169 295 274)
4(168 294 295 169)
4(273 274 295 294)
4(149 170 296 275)
4(169 295 296 170)
4(274 275 296 295)
4(150 171 297 276)
4(170 296 297 171)
4(275 276 297 296)
4(151 172 298 277)
4(171 297 298 172)
4(276 277 298 297)
4(152 173 299 278)
4(172 298 299 173)
4(277 278 299 298)
4(153 174 300 279)
4(173 299 300 174)
4(278 279 300 299)
4(154 175 301 280)
4(174 300 301 175)
4(279 280 301 300)
4(155 176 302 281)
4(175 301 302 176)
4(280 281 302 301)
4(156 177 303 282)
4(176 302 303 177)
4(281 282 303 302)
4(157 178 304 283)
4(177 303 304 178)
4(282 283 304 303)
4(158 179 305 284)
4(178 304 305 179)
4(283 284 305 304)
4(159 180 306 285)
4(179 305 306 180)
4(284 285 306 305)
4(160 181 307 286)
4(180 306 307 181)
4(285 286 307 306)
4(161 182 308 287)
4(181 307 308 182)
4(286 287 308 307)
4(162 183 309 288)
4(182 308 309 183)
4(287 288 309 308)
4(163 184 310 289)
4(183 309 310 184)
4(288 289 310 309)
4(164 185 311 290)
4(184 310 311 185)
4(289 290 311 310)
4(165 186 312 291)
4(185 311 312 186)
4(290 291 312 311)
4(166 187 313 292)
4(186 312 313 187)
4(291 292 313 312)
4(187 313 314 188)
4(292 293 314 313)
4(169 190 316 295)
4(189 315 316 190)
4(294 295 316 315)
4(170 191 317 296)
4(190 316 317 191)
4(295 296 317 316)
4(171 192 318 297)
4(191 317 318 192)
4(296 297 318 317)
4(172 193 319 298)
4(192 318 319 193)
4(297 298 319 318)
4(173 194 320 299)
4(193 319 320 194)
4(298 299 320 319)
4(174 195 321 300)
4(194 320 321 195)
4(299 300 321 320)
4(175 196 322 301)
4(195 321 322 196)
4(300 301 322 321)
4(176 197 323 302)
4(196 322 323 197)
4(301 302 323 322)
4(177 198 324 303)
4(197 323 324 198)
4(302 303 324 323)
4(178 199 325 304)
4(198 324 325 199)
4(303 304 325 324)
4(179 200 326 305)
4(199 325 326 200)
4(304 305 326 325)
4(180 201 327 306)
4(200 326 327 201)
4(305 306 327 326)
4(181 202 328 307)
4(201 327 328 202)
4(306 307 328 327)
4(182 203 329 308)
4(202 328 329 203)
4(307 308 329 328)
4(183 204 330 309)
4(203 329 330 204)
4(308 309 330 329)
4(184 205 331 310)
4(204 330 331 205)
4(309 310 331 330)
4(185 206 332 311)
4(205 331 332 206)
4(310 311 332 331)
4(186 207 333 312)
4(206 332 333 207)
4(311 312 333 332)
4(187 208 334 313)
4(207 333 334 208)
4(312 313 334 333)
4(208 334 335 209)
4(313 314 335 334)
4(190 211 337 316)
4(210 336 337 211)
4(315 316 337 336)
4(191 212 338 317)
4(211 337 338 212)
4(316 317 338 337)
4(192 213 339 318)
4(212 338 339 213)
4(317 318 339 338)
4(193 214 340 319)
4(213 339 340 214)
4(318 319 340 339)
4(194 215 341 320)
4(214 340 341 215)
4(319 320 341 340)
4(195 216 342 321)
4(215 341 342 216)
4(320 321 342 341)
4(196 217 343 322)
4(216 342 343 217)
4(321 322 343 342)
4(197 218 344 323)
4(217 343 344 218)
4(322 323 344 343)
4(198 219 345 324)
4(218 344 345 219)
4(323 324 345 344)
4(199 220 346 325)
4(219 345 346 220)
4(324 325 346 345)
4(200 221 347 326)
4(220 346 347 221)
4(325 326 347 346)
4(201 222 348 327)
4(221 347 348 222)
4(326 327 348 347)
4(202 223 349 328)
4(222 348 349 223)
4(327 328 349 348)
4(203 224 350 329)
4(223 349 350 224)
4(328 329 350 349)
4(204 225 351 330)
4(224 350 351 225)
4(329 330 351 350)
4(205 226 352 331)
4(225 351 352 226)
4(330 331 352 351)
4(206 227 353 332)
4(226 352 353 227)
4(331 332 353 352)
4(207 228 354 333)
4(227 353 354 228)
4(332 333 354 353)
4(208 229 355 334)
4(228 354 355 229)
4(333 334 355 354)
4(229 355 356 230)
4(334 335 356 355)
4(211 232 358 337)
4(336 337 358 357)
4(212 233 359 338)
4(337 338 359 358)
4(213 234 360 339)
4(338 339 360 359)
4(214 235 361 340)
4(339 340 361 360)
4(215 236 362 341)
4(340 341 362 361)
4(216 237 363 342)
4(341 342 363 362)
4(217 238 364 343)
4(342 343 364 363)
4(218 239 365 344)
4(343 344 365 364)
4(219 240 366 345)
4(344 345 366 365)
4(220 241 367 346)
4(345 346 367 366)
4(221 242 368 347)
4(346 347 368 367)
4(222 243 369 348)
4(347 348 369 368)
4(223 244 370 349)
4(348 349 370 369)
4(224 245 371 350)
4(349 350 371 370)
4(225 246 372 351)
4(350 351 372 371)
4(226 247 373 352)
4(351 352 373 372)
4(227 248 374 353)
4(352 353 374 373)
4(228 249 375 354)
4(353 354 375 374)
4(229 250 376 355)
4(354 355 376 375)
4(355 356 377 376)
4(253 274 400 379)
4(273 399 400 274)
4(378 379 400 399)
4(254 275 401 380)
4(274 400 401 275)
4(379 380 401 400)
4(255 276 402 381)
4(275 401 402 276)
4(380 381 402 401)
4(256 277 403 382)
4(276 402 403 277)
4(381 382 403 402)
4(257 278 404 383)
4(277 403 404 278)
4(382 383 404 403)
4(258 279 405 384)
4(278 404 405 279)
4(383 384 405 404)
4(259 280 406 385)
4(279 405 406 280)
4(384 385 406 405)
4(260 281 407 386)
4(280 406 407 281)
4(385 386 407 406)
4(261 282 408 387)
4(281 407 408 282)
4(386 387 408 407)
4(262 283 409 388)
4(282 408 409 283)
4(387 388 409 408)
4(263 284 410 389)
4(283 409 410 284)
4(388 389 410 409)
4(264 285 411 390)
4(284 410 411 285)
4(389 390 411 410)
4(265 286 412 391)
4(285 411 412 286)
4(390 391 412 411)
4(266 287 413 392)
4(286 412 413 287)
4(391 392 413 412)
4(267 288 414 393)
4(287 413 414 288)
4(392 393 414 413)
4(268 289 415 394)
4(288 414 415 289)
4(393 394 415 414)
4(269 290 416 395)
4(289 415 416 290)
4(394 395 416 415)
4(270 291 417 396)
4(290 416 417 291)
4(395 396 417 416)
4(271 292 418 397)
4(291 417 418 292)
4(396 397 418 417)
4(292 418 419 293)
4(397 398 419 418)
4(274 295 421 400)
4(294 420 421 295)
4(399 400 421 420)
4(275 296 422 401)
4(295 421 422 296)
4(400 401 422 421)
4(276 297 423 402)
4(296 422 423 297)
4(401 402 423 422)
4(277 298 424 403)
4(297 423 424 298)
4(402 403 424 423)
4(278 299 425 404)
4(298 424 425 299)
4(403 404 425 424)
4(279 300 426 405)
4(299 425 426 300)
4(404 405 426 425)
4(280 301 427 406)
4(300 426 427 301)
4(405 406 427 426)
4(281 302 428 407)
4(301 427 428 302)
4(406 407 428 427)
4(282 303 429 408)
4(302 428 429 303)
4(407 408 429 428)
4(283 304 430 409)
4(303 429 430 304)
4(408 409 430 429)
4(284 305 431 410)
4(304 430 431 305)
4(409 410 431 430)
4(285 306 432 411)
4(305 431 432 306)
4(410 411 432 431)
4(286 307 433 412)
4(306 432 433 307)
4(411 412 433 432)
4(287 308 434 413)
4(307 433 434 308)
4(412 413 434 433)
4(288 309 435 414)
4(308 434 435 309)
4(413 414 435 434)
4(289 310 436 415)
4(309 435 436 310)
4(414 415 436 435)
4(290 311 437 416)
4(310 436 437 311)
4(415 416 437 436)
4(291 312 438 417)
4(311 437 438 312)
4(416 417 438 437)
4(292 313 439 418)
4(312 438 439 313)
4(417 418 439 438)
4(313 439 440 314)
4(418 419 440 439)
4(295 316 442 421)
4(315 441 442 316)
4(420 421 442 441)
4(296 317 443 422)
4(316 442 443 317)
4(421 422 443 442)
4(297 318 444 423)
4(317 443 444 318)
4(422 423 444 443)
4(298 319 445 424)
4(318 444 445 319)
4(423 424 445 444)
4(299 320 446 425)
4(319 445 446 320)
4(424 425 446 445)
4(300 321 447 426)
4(320 446 447 321)
4(425 426 447 446)
4(301 322 448 427)
4(321 447 448 322)
4(426 427 448 447)
4(302 323 449 428)
4(322 448 449 323)
4(427 428 449 448)
4(303 324 450 429)
4(323 449 450 324)
4(428 429 450 449)
4(304 325 451 430)
4(324 450 451 325)
4(429 430 451 450)
4(305 326 452 431)
4(325 451 452 326)
4(430 431 452 451)
4(306 327 453 432)
4(326 452 453 327)
4(431 432 453 452)
4(307 328 454 433)
4(327 453 454 328)
4(432 433 454 453)
4(308 329 455 434)
4(328 454 455 329)
4(433 434 455 454)
4(309 330 456 435)
4(329 455 456 330)
4(434 435 456 455)
4(310 331 457 436)
4(330 456 457 331)
4(435 436 457 456)
4(311 332 458 437)
4(331 457 458 332)
4(436 437 458 457)
4(312 333 459 438)
4(332 458 459 333)
4(437 438 459 458)
4(313 334 460 439)
4(333 459 460 334)
4(438 439 460 459)
4(334 460 461 335)
4(439 440 461 460)
4(316 337 463 442)
4(336 462 463 337)
4(441 442 463 462)
4(317 338 464 443)
4(337 463 464 338)
4(442 443 464 463)
4(318 339 465 444)
4(338 464 465 339)
4(443 444 465 464)
4(319 340 466 445)
4(339 465 466 340)
4(444 445 466 465)
4(320 341 467 446)
4(340 466 467 341)
4(445 446 467 466)
4(321 342 468 447)
4(341 467 468 342)
4(446 447 468 467)
4(322 343 469 448)
4(342 468 469 343)
4(447 448 469 468)
4(323 344 470 449)
4(343 469 470 344)
4(448 449 470 469)
4(324 345 471 450)
4(344 470 471 345)
4(449 450 471 470)
4(325 346 472 451)
4(345 471 472 346)
4(450 451 472 471)
4(326 347 473 452)
4(346 472 473 347)
4(451 452 473 472)
4(327 348 474 453)
4(347 473 474 348)
4(452 453 474 473)
4(328 349 475 454)
4(348 474 475 349)
4(453 454 475 474)
4(329 350 476 455)
4(349 475 476 350)
4(454 455 476 475)
4(330 351 477 456)
4(350 476 477 351)
4(455 456 477 476)
4(331 352 478 457)
4(351 477 478 352)
4(456 457 478 477)
4(332 353 479 458)
4(352 478 479 353)
4(457 458 479 478)
4(333 354 480 459)
4(353 479 480 354)
4(458 459 480 479)
4(334 355 481 460)
4(354 480 481 355)
4(459 460 481 480)
4(355 481 482 356)
4(460 461 482 481)
4(337 358 484 463)
4(462 463 484 483)
4(338 359 485 464)
4(463 464 485 484)
4(339 360 486 465)
4(464 465 486 485)
4(340 361 487 466)
4(465 466 487 486)
4(341 362 488 467)
4(466 467 488 487)
4(342 363 489 468)
4(467 468 489 488)
4(343 364 490 469)
4(468 469 490 489)
4(344 365 491 470)
4(469 470 491 490)
4(345 366 492 471)
4(470 471 492 491)
4(346 367 493 472)
4(471 472 493 492)
4(347 368 494 473)
4(472 473 494 493)
4(348 369 495 474)
4(473 474 495 494)
4(349 370 496 475)
4(474 475 496 495)
4(350 371 497 476)
4(475 476 497 496)
4(351 372 498 477)
4(476 477 498 497)
4(352 373 499 478)
4(477 478 499 498)
4(353 374 500 479)
4(478 479 500 499)
4(354 375 501 480)
4(479 480 501 500)
4(355 376 502 481)
4(480 481 502 501)
4(481 482 503 502)
4(379 400 526 505)
4(399 525 526 400)
4(504 505 526 525)
4(380 401 527 506)
4(400 526 527 401)
4(505 506 527 526)
4(381 402 528 507)
4(401 527 528 402)
4(506 507 528 527)
4(382 403 529 508)
4(402 528 529 403)
4(507 508 529 528)
4(383 404 530 509)
4(403 529 530 404)
4(508 509 530 529)
4(384 405 531 510)
4(404 530 531 405)
4(509 510 531 530)
4(385 406 532 511)
4(405 531 532 406)
4(510 511 532 531)
4(386 407 533 512)
4(406 532 533 407)
4(511 512 533 532)
4(387 408 534 513)
4(407 533 534 408)
4(512 513 534 533)
4(388 409 535 514)
4(408 534 535 409)
4(513 514 535 534)
4(389 410 536 515)
4(409 535 536 410)
4(514 515 536 535)
4(390 411 537 516)
4(410 536 537 411)
4(515 516 537 536)
4(391 412 538 517)
4(411 537 538 412)
4(516 517 538 537)
4(392 413 539 518)
4(412 538 539 413)
4(517 518 539 538)
4(393 414 540 519)
4(413 539 540 414)
4(518 519 540 539)
4(394 415 541 520)
4(414 540 541 415)
4(519 520 541 540)
4(395 416 542 521)
4(415 541 542 416)
4(520 521 542 541)
4(396 417 543 522)
4(416 542 543 417)
4(521 522 543 542)
4(397 418 544 523)
4(417 543 544 418)
4(522 523 544 543)
4(418 544 545 419)
4(523 524 545 544)
4(400 421 547 526)
4(420 546 547 421)
4(525 526 547 546)
4(401 422 548 527)
4(421 547 548 422)
4(526 527 548 547)
4(402 423 549 528)
4(422 548 549 423)
4(527 528 549 548)
4(403 424 550 529)
4(423 549 550 424)
4(528 529 550 549)
4(404 425 551 530)
4(424 550 551 425)
4(529 530 551 550)
4(405 426 552 531)
4(425 551 552 426)
4(530 531 552 551)
4(406 427 553 532)
4(426 552 553 427)
4(531 532 553 552)
4(407 428 554 533)
4(427 553 554 428)
4(532 533 554 553)
4(408 429 555 534)
4(428 554 555 429)
4(533 534 555 554)
4(409 430 556 535)
4(429 555 556 430)
4(534 535 556 555)
4(410 431 557 536)
4(430 556 557 431)
4(535 536 557 556)
4(411 432 558 537)
4(431 557 558 432)
4(536 537 558 557)
4(412 433 559 538)
4(432 558 559 433)
4(537 538 559 558)
4(413 434 560 539)
4(433 559 560 434)
4(538 539 560 559)
4(414 435 561 540)
4(434 560 561 435)
4(539 540 561 560)
4(415 436 562 541)
4(435 561 562 436)
4(540 541 562 561)
4(416 437 563 542)
4(436 562 563 437)
4(541 542 563 562)
4(417 438 564 543)
4(437 563 564 438)
4(542 543 564 563)
4(418 439 565 544)
4(438 564 565 439)
4(543 544 565 564)
4(439 565 566 440)
4(544 545 566 565)
4(421 442 568 547)
4(441 567 568 442)
4(546 547 568 567)
4(422 443 569 548)
4(442 568 569 443)
4(547 548 569 568)
4(423 444 570 549)
4(443 569 570 444)
4(548 549 570 569)
4(424 445 571 550)
4(444 570 571 445)
4(549 550 571 570)
4(425 446 572 551)
4(445 571 572 446)
4(550 551 572 571)
4(426 447 573 552)
4(446 572 573 447)
4(551 552 573 572)
4(427 448 574 553)
4(447 573 574 448)
4(552 553 574 573)
4(428 449 575 554)
4(448 574 575 449)
4(553 554 575 574)
4(429 450 576 555)
4(449 575 576 450)
4(554 555 576 575)
4(430 451 577 556)
4(450 576 577 451)
4(555 556 577 576)
4(431 452 578 557)
4(451 577 578 452)
4(556 557 578 577)
4(432 453 579 558)
4(452 578 579 453)
4(557 558 579 578)
4(433 454 580 559)
4(453 579 580 454)
4(558 559 580 579)
4(434 455 581 560)
4(454 580 581 455)
4(559 560 581 580)
4(435 456 582 561)
4(455 581 582 456)
4(560 561 582 581)
4(436 457 583 562)
4(456 582 583 457)
4(561 562 583 582)
4(437 458 584 563)
4(457 583 584 458)
4(562 563 584 583)
4(438 459 585 564)
4(458 584 585 459)
4(563 564 585 584)
4(439 460 586 565)
4(459 585 586 460)
4(564 565 586 585)
4(460 586 587 461)
4(565 566 587 586)
4(442 463 589 568)
4(462 588 589 463)
4(567 568 589 588)
4(443 464 590 569)
4(463 589 590 464)
4(568 569 590 589)
4(444 465 591 570)
4(464 590 591 465)
4(569 570 591 590)
4(445 466 592 571)
4(465 591 592 466)
4(570 571 592 591)
4(446 467 593 572)
4(466 592 593 467)
4(571 572 593 592)
4(447 468 594 573)
4(467 593 594 468)
4(572 573 594 593)
4(448 469 595 574)
4(468 594 595 469)
4(573 574 595 594)
4(449 470 596 575)
4(469 595 596 470)
4(574 575 596 595)
4(450 471 597 576)
4(470 596 597 471)
4(575 576 597 596)
4(451 472 598 577)
4(471 597 598 472)
4(576 577 598 597)
4(452 473 599 578)
4(472 598 599 473)
4(577 578 599 598)
4(453 474 600 579)
4(473 599 600 474)
4(578 579 600 599)
4(454 475 601 580)
4(474 600 601 475)
4(579 580 601 600)
4(455 476 602 581)
4(475 601 602 476)
4(580 581 602 601)
4(456 477 603 582)
4(476 602 603 477)
4(581 582 603 602)
4(457 478 604 583)
4(477 603 604 478)
4(582 583 604 603)
4(458 479 605 584)
4(478 604 605 479)
4(583 584 605 604)
4(459 480 606 585)
4(479 605 606 480)
4(584 585 606 605)
4(460 481 607 586)
4(480 606 607 481)
4(585 586 607 606)
4(481 607 608 482)
4(586 587 608 607)
4(463 484 610 589)
4(588 589 610 609)
4(464 485 611 590)
4(589 590 611 610)
4(465 486 612 591)
4(590 591 612 611)
4(466 487 613 592)
4(591 592 613 612)
4(467 488 614 593)
4(592 593 614 613)
4(468 489 615 594)
4(593 594 615 614)
4(469 490 616 595)
4(594 595 616 615)
4(470 491 617 596)
4(595 596 617 616)
4(471 492 618 597)
4(596 597 618 617)
4(472 493 619 598)
4(597 598 619 618)
4(473 494 620 599)
4(598 599 620 619)
4(474 495 621 600)
4(599 600 621 620)
4(475 496 622 601)
4(600 601 622 621)
4(476 497 623 602)
4(601 602 623 622)
4(477 498 624 603)
4(602 603 624 623)
4(478 499 625 604)
4(603 604 625 624)
4(479 500 626 605)
4(604 605 626 625)
4(480 501 627 606)
4(605 606 627 626)
4(481 502 628 607)
4(606 607 628 627)
4(607 608 629 628)
4(505 526 652 631)
4(525 651 652 526)
4(506 527 653 632)
4(526 652 653 527)
4(507 528 654 633)
4(527 653 654 528)
4(508 529 655 634)
4(528 654 655 529)
4(509 530 656 635)
4(529 655 656 530)
4(510 531 657 636)
4(530 656 657 531)
4(511 532 658 637)
4(531 657 658 532)
4(512 533 659 638)
4(532 658 659 533)
4(513 534 660 639)
4(533 659 660 534)
4(514 535 661 640)
4(534 660 661 535)
4(515 536 662 641)
4(535 661 662 536)
4(516 537 663 642)
4(536 662 663 537)
4(517 538 664 643)
4(537 663 664 538)
4(518 539 665 644)
4(538 664 665 539)
4(519 540 666 645)
4(539 665 666 540)
4(520 541 667 646)
4(540 666 667 541)
4(521 542 668 647)
4(541 667 668 542)
4(522 543 669 648)
4(542 668 669 543)
4(523 544 670 649)
4(543 669 670 544)
4(544 670 671 545)
4(526 547 673 652)
4(546 672 673 547)
4(527 548 674 653)
4(547 673 674 548)
4(528 549 675 654)
4(548 674 675 549)
4(529 550 676 655)
4(549 675 676 550)
4(530 551 677 656)
4(550 676 677 551)
4(531 552 678 657)
4(551 677 678 552)
4(532 553 679 658)
4(552 678 679 553)
4(533 554 680 659)
4(553 679 680 554)
4(534 555 681 660)
4(554 680 681 555)
4(535 556 682 661)
4(555 681 682 556)
4(536 557 683 662)
4(556 682 683 557)
4(537 558 684 663)
4(557 683 684 558)
4(538 559 685 664)
4(558 684 685 559)
4(539 560 686 665)
4(559 685 686 560)
4(540 561 687 666)
4(560 686 687 561)
4(541 562 688 667)
4(561 687 688 562)
4(542 563 689 668)
4(562 688 689 563)
4(543 564 690 669)
4(563 689 690 564)
4(544 565 691 670)
4(564 690 691 565)
4(565 691 692 566)
4(547 568 694 673)
4(567 693 694 568)
4(548 569 695 674)
4(568 694 695 569)
4(549 570 696 675)
4(569 695 696 570)
4(550 571 697 676)
4(570 696 697 571)
4(551 572 698 677)
4(571 697 698 572)
4(552 573 699 678)
4(572 698 699 573)
4(553 574 700 679)
4(573 699 700 574)
4(554 575 701 680)
4(574 700 701 575)
4(555 576 702 681)
4(575 701 702 576)
4(556 577 703 682)
4(576 702 703 577)
4(557 578 704 683)
4(577 703 704 578)
4(558 579 705 684)
4(578 704 705 579)
4(559 580 706 685)
4(579 705 706 580)
4(560 581 707 686)
4(580 706 707 581)
4(561 582 708 687)
4(581 707 708 582)
4(562 583 709 688)
4(582 708 709 583)
4(563 584 710 689)
4(583 709 710 584)
4(564 585 711 690)
4(584 710 711 585)
4(565 586 712 691)
4(585 711 712 586)
4(586 712 713 587)
4(568 589 715 694)
4(588 714 715 589)
4(569 590 716 695)
4(589 715 716 590)
4(570 591 717 696)
4(590 716 717 591)
4(571 592 718 697)
4(591 717 718 592)
4(572 593 719 698)
4(592 718 719 593)
4(573 594 720 699)
4(593 719 720 594)
4(574 595 721 700)
4(594 720 721 595)
4(575 596 722 701)
4(595 721 722 596)
4(576 597 723 702)
4(596 722 723 597)
4(577 598 724 703)
4(597 723 724 598)
4(578 599 725 704)
4(598 724 725 599)
4(579 600 726 705)
4(599 725 726 600)
4(580 601 727 706)
4(600 726 727 601)
4(581 602 728 707)
4(601 727 728 602)
4(582 603 729 708)
4(602 728 729 603)
4(583 604 730 709)
4(603 729 730 604)
4(584 605 731 710)
4(604 730 731 605)
4(585 606 732 711)
4(605 731 732 606)
4(586 607 733 712)
4(606 732 733 607)
4(607 733 734 608)
4(589 610 736 715)
4(590 611 737 716)
4(591 612 738 717)
4(592 613 739 718)
4(593 614 740 719)
4(594 615 741 720)
4(595 616 742 721)
4(596 617 743 722)
4(597 618 744 723)
4(598 619 745 724)
4(599 620 746 725)
4(600 621 747 726)
4(601 622 748 727)
4(602 623 749 728)
4(603 624 750 729)
4(604 625 751 730)
4(605 626 752 731)
4(606 627 753 732)
4(607 628 754 733)
4(0 126 147 21)
4(21 147 168 42)
4(42 168 189 63)
4(63 189 210 84)
4(84 210 231 105)
4(126 252 273 147)
4(147 273 294 168)
4(168 294 315 189)
4(189 315 336 210)
4(210 336 357 231)
4(252 378 399 273)
4(273 399 420 294)
4(294 420 441 315)
4(315 441 462 336)
4(336 462 483 357)
4(378 504 525 399)
4(399 525 546 420)
4(420 546 567 441)
4(441 567 588 462)
4(462 588 609 483)
4(504 630 651 525)
4(525 651 672 546)
4(546 672 693 567)
4(567 693 714 588)
4(588 714 735 609)
4(20 41 167 146)
4(41 62 188 167)
4(62 83 209 188)
4(83 104 230 209)
4(104 125 251 230)
4(146 167 293 272)
4(167 188 314 293)
4(188 209 335 314)
4(209 230 356 335)
4(230 251 377 356)
4(272 293 419 398)
4(293 314 440 419)
4(314 335 461 440)
4(335 356 482 461)
4(356 377 503 482)
4(398 419 545 524)
4(419 440 566 545)
4(440 461 587 566)
4(461 482 608 587)
4(482 503 629 608)
4(524 545 671 650)
4(545 566 692 671)
4(566 587 713 692)
4(587 608 734 713)
4(608 629 755 734)
4(0 1 127 126)
4(126 127 253 252)
4(252 253 379 378)
4(378 379 505 504)
4(504 505 631 630)
4(1 2 128 127)
4(127 128 254 253)
4(253 254 380 379)
4(379 380 506 505)
4(505 506 632 631)
4(2 3 129 128)
4(128 129 255 254)
4(254 255 381 380)
4(380 381 507 506)
4(506 507 633 632)
4(3 4 130 129)
4(129 130 256 255)
4(255 256 382 381)
4(381 382 508 507)
4(507 508 634 633)
4(4 5 131 130)
4(130 131 257 256)
4(256 257 383 382)
4(382 383 509 508)
4(508 509 635 634)
4(5 6 132 131)
4(131 132 258 257)
4(257 258 384 383)
4(383 384 510 509)
4(509 510 636 635)
4(6 7 133 132)
4(132 133 259 258)
4(258 259 385 384)
4(384 385 511 510)
4(510 511 637 636)
4(7 8 134 133)
4(133 134 260 259)
4(259 260 386 385)
4(385 386 512 511)
4(511 512 638 637)
4(8 9 135 134)
4(134 135 261 260)
4(260 261 387 386)
4(386 387 513 512)
4(512 513 639 638)
4(9 10 136 135)
4(135 136 262 261)
4(261 262 388 387)
4(387 388 514 513)
4(513 514 640 639)
4(10 11 137 136)
4(136 137 263 262)
4(262 263 389 388)
4(388 389 515 514)
4(514 515 641 640)
4(11 12 138 137)
4(137 138 264 263)
4(263 264 390 389)
4(389 390 516 515)
4(515 516 642 641)
4(12 13 139 138)
4(138 139 265 264)
4(264 265 391 390)
4(390 391 517 516)
4(516 517 643 642)
4(13 14 140 139)
4(139 140 266 265)
4(265 266 392 391)
4(391 392 518 517)
4(517 518 644 643)
4(14 15 141 140)
4(140 141 267 266)
4(266 267 393 392)
4(392 393 519 518)
4(518 519 645 644)
4(15 16 142 141)
4(141 142 268 267)
4(267 268 394 393)
4(393 394 520 519)
4(519 520 646 645)
4(16 17 143 142)
4(142 143 269 268)
4(268 269 395 394)
4(394 395 521 520)
4(520 521 647 646)
4(17 18 144 143)
4(143 144 270 269)
4(269 270 396 395)
4(395 396 522 521)
4(521 522 648 647)
4(18 19 145 144)
4(144 145 271 270)
4(270 271 397 396)
4(396 397 523 522)
4(522 523 649 648)
4(19 20 146 145)
4(145 146 272 271)
4(271 272 398 397)
4(397 398 524 523)
4(523 524 650 649)
4(105 231 232 106)
4(231 357 358 232)
4(357 483 484 358)
4(483 609 610 484)
4(609 735 736 610)
4(106 232 233 107)
4(232 358 359 233)
4(358 484 485 359)
4(484 610 611 485)
4(610 736 737 611)
4(107 233 234 108)
4(233 359 360 234)
4(359 485 486 360)
4(485 611 612 486)
4(611 737 738 612)
4(108 234 235 109)
4(234 360 361 235)
4(360 486 487 361)
4(486 612 613 487)
4(612 738 739 613)
4(109 235 236 110)
4(235 361 362 236)
4(361 487 488 362)
4(487 613 614 488)
4(613 739 740 614)
4(110 236 237 111)
4(236 362 363 237)
4(362 488 489 363)
4(488 614 615 489)
4(614 740 741 615)
4(111 237 238 112)
4(237 363 364 238)
4(363 489 490 364)
4(489 615 616 490)
4(615 741 742 616)
4(112 238 239 113)
4(238 364 365 239)
4(364 490 491 365)
4(490 616 617 491)
4(616 742 743 617)
4(113 239 240 114)
4(239 365 366 240)
4(365 491 492 366)
4(491 617 618 492)
4(617 743 744 618)
4(114 240 241 115)
4(240 366 367 241)
4(366 492 493 367)
4(492 618 619 493)
4(618 744 745 619)
4(115 241 242 116)
4(241 367 368 242)
4(367 493 494 368)
4(493 619 620 494)
4(619 745 746 620)
4(116 242 243 117)
4(242 368 369 243)
4(368 494 495 369)
4(494 620 621 495)
4(620 746 747 621)
4(117 243 244 118)
4(243 369 370 244)
4(369 495 496 370)
4(495 621 622 496)
4(621 747 748 622)
4(118 244 245 119)
4(244 370 371 245)
4(370 496 497 371)
4(496 622 623 497)
4(622 748 749 623)
4(119 245 246 120)
4(245 371 372 246)
4(371 497 498 372)
4(497 623 624 498)
4(623 749 750 624)
4(120 246 247 121)
4(246 372 373 247)
4(372 498 499 373)
4(498 624 625 499)
4(624 750 751 625)
4(121 247 248 122)
4(247 373 374 248)
4(373 499 500 374)
4(499 625 626 500)
4(625 751 752 626)
4(122 248 249 123)
4(248 374 375 249)
4(374 500 501 375)
4(500 626 627 501)
4(626 752 753 627)
4(123 249 250 124)
4(249 375 376 250)
4(375 501 502 376)
4(501 627 628 502)
4(627 753 754 628)
4(124 250 251 125)
4(250 376 377 251)
4(376 502 503 377)
4(502 628 629 503)
4(628 754 755 629)
4(0 21 22 1)
4(21 42 43 22)
4(42 63 64 43)
4(63 84 85 64)
4(84 105 106 85)
4(1 22 23 2)
4(22 43 44 23)
4(43 64 65 44)
4(64 85 86 65)
4(85 106 107 86)
4(2 23 24 3)
4(23 44 45 24)
4(44 65 66 45)
4(65 86 87 66)
4(86 107 108 87)
4(3 24 25 4)
4(24 45 46 25)
4(45 66 67 46)
4(66 87 88 67)
4(87 108 109 88)
4(4 25 26 5)
4(25 46 47 26)
4(46 67 68 47)
4(67 88 89 68)
4(88 109 110 89)
4(5 26 27 6)
4(26 47 48 27)
4(47 68 69 48)
4(68 89 90 69)
4(89 110 111 90)
4(6 27 28 7)
4(27 48 49 28)
4(48 69 70 49)
4(69 90 91 70)
4(90 111 112 91)
4(7 28 29 8)
4(28 49 50 29)
4(49 70 71 50)
4(70 91 92 71)
4(91 112 113 92)
4(8 29 30 9)
4(29 50 51 30)
4(50 71 72 51)
4(71 92 93 72)
4(92 113 114 93)
4(9 30 31 10)
4(30 51 52 31)
4(51 72 73 52)
4(72 93 94 73)
4(93 114 115 94)
4(10 31 32 11)
4(31 52 53 32)
4(52 73 74 53)
4(73 94 95 74)
4(94 115 116 95)
4(11 32 33 12)
4(32 53 54 33)
4(53 74 75 54)
4(74 95 96 75)
4(95 116 117 96)
4(12 33 34 13)
4(33 54 55 34)
4(54 75 76 55)
4(75 96 97 76)
4(96 117 118 97)
4(13 34 35 14)
4(34 55 56 35)
4(55 76 77 56)
4(76 97 98 77)
4(97 118 119 98)
4(14 35 36 15)
4(35 56 57 36)
4(56 77 78 57)
4(77 98 99 78)
4(98 119 120 99)
4(15 36 37 16)
4(36 57 58 37)
4(57 78 79 58)
4(78 99 100 79)
4(99 120 121 100)
4(16 37 38 17)
4(37 58 59 38)
4(58 79 80 59)
4(79 100 101 80)
4(100 121 122 101)
4(17 38 39 18)
4(38 59 60 39)
4(59 80 81 60)
4(80 101 102 81)
4(101 122 123 102)
4(18 39 40 19)
4(39 60 61 40)
4(60 81 82 61)
4(81 102 103 82)
4(102 123 124 103)
4(19 40 41 20)
4(40 61 62 41)
4(61 82 83 62)
4(82 103 104 83)
4(103 124 125 104)
4(630 631 652 651)
4(651 652 673 672)
4(672 673 694 693)
4(693 694 715 714)
4(714 715 736 735)
4(631 632 653 652)
4(652 653 674 673)
4(673 674 695 694)
4(694 695 716 715)
4(715 716 737 736)
4(632 633 654 653)
4(653 654 675 674)
4(674 675 696 695)
4(695 696 717 716)
4(716 717 738 737)
4(633 634 655 654)
4(654 655 676 675)
4(675 676 697 696)
4(696 697 718 717)
4(717 718 739 738)
4(634 635 656 655)
4(655 656 677 676)
4(676 677 698 697)
4(697 698 719 718)
4(718 719 740 739)
4(635 636 657 656)
4(656 657 678 677)
4(677 678 699 698)
4(698 699 720 719)
4(719 720 741 740)
4(636 637 658 657)
4(657 658 679 678)
4(678 679 700 699)
4(699 700 721 720)
4(720 721 742 741)
4(637 638 659 658)
4(658 659 680 679)
4(679 680 701 700)
4(700 701 722 721)
4(721 722 743 742)
4(638 639 660 659)
4(659 660 681 680)
4(680 681 702 701)
4(701 702 723 722)
4(722 723 744 743)
4(639 640 661 660)
4(660 661 682 681)
4(681 682 703 702)
4(702 703 724 723)
4(723 724 745 744)
4(640 641 662 661)
4(661 662 683 682)
4(682 683 704 703)
4(703 704 725 724)
4(724 725 746 745)
4(641 642 663 662)
4(662 663 684 683)
4(683 684 705 704)
4(704 705 726 725)
4(725 726 747 746)
4(642 643 664 663)
4(663 664 685 684)
4(684 685 706 705)
4(705 706 727 726)
4(726 727 748 747)
4(643 644 665 664)
4(664 665 686 685)
4(685 686 707 706)
4(706 707 728 727)
4(727 728 749 748)
4(644 645 666 665)
4(665 666 687 686)
4(686 687 708 707)
4(707 708 729 728)
4(728 729 750 749)
4(645 646 667 666)
4(666 667 688 687)
4(687 688 709 708)
4(708 709 730 729)
4(729 730 751 750)
4(646 647 668 667)
4(667 668 689 688)
4(688 689 710 709)
4(709 710 731 730)
4(730 731 752 751)
4(647 648 669 668)
4(668 669 690 689)
4(689 690 711 710)
4(710 711 732 731)
4(731 732 753 752)
4(648 649 670 669)
4(669 670 691 690)
4(690 691 712 711)
4(711 712 733 732)
4(732 733 754 753)
4(649 650 671 670)
4(670 671 692 691)
4(691 692 713 712)
4(712 713 734 733)
4(733 734 755 754)
)


// ************************************************************************* //
