/*--------------------------------*- C++ -*----------------------------------*\
  =========                 |
  \\      /  F ield         | OpenFOAM: The Open Source CFD Toolbox
   \\    /   O peration     | Website:  https://openfoam.org
    \\  /    A nd           | Version:  13
     \\/     M anipulation  |
\*---------------------------------------------------------------------------*/
FoamFile
{
    format      ascii;
    class       labelList;
    note        "nPoints: 4598 nCells: 3700 nFaces: 11940 nInternalFaces: 10260";
    location    "constant/polyMesh";
    object      neighbour;
}
// * * * * * * * * * * * * * * * * * * * * * * * * * * * * * * * * * * * * * //


10260
(
1
37
370
2
38
371
3
39
372
4
40
373
5
41
374
6
42
375
7
43
376
8
44
377
9
45
378
10
46
379
11
47
380
12
48
381
13
49
382
14
50
383
15
51
384
16
52
385
17
53
386
18
54
387
19
55
388
20
56
389
21
57
390
22
58
391
23
59
392
24
60
393
25
61
394
26
62
395
27
63
396
28
64
397
29
65
398
30
66
399
31
67
400
32
68
401
33
69
402
34
70
403
35
71
404
36
72
405
73
406
38
74
407
39
75
408
40
76
409
41
77
410
42
78
411
43
79
412
44
80
413
45
81
414
46
82
415
47
83
416
48
84
417
49
85
418
50
86
419
51
87
420
52
88
421
53
89
422
54
90
423
55
91
424
56
92
425
57
93
426
58
94
427
59
95
428
60
96
429
61
97
430
62
98
431
63
99
432
64
100
433
65
101
434
66
102
435
67
103
436
68
104
437
69
105
438
70
106
439
71
107
440
72
108
441
73
109
442
110
443
75
111
444
76
112
445
77
113
446
78
114
447
79
115
448
80
116
449
81
117
450
82
118
451
83
119
452
84
120
453
85
121
454
86
122
455
87
123
456
88
124
457
89
125
458
90
126
459
91
127
460
92
128
461
93
129
462
94
130
463
95
131
464
96
132
465
97
133
466
98
134
467
99
135
468
100
136
469
101
137
470
102
138
471
103
139
472
104
140
473
105
141
474
106
142
475
107
143
476
108
144
477
109
145
478
110
146
479
147
480
112
148
481
113
149
482
114
150
483
115
151
484
116
152
485
117
153
486
118
154
487
119
155
488
120
156
489
121
157
490
122
158
491
123
159
492
124
160
493
125
161
494
126
162
495
127
163
496
128
164
497
129
165
498
130
166
499
131
167
500
132
168
501
133
169
502
134
170
503
135
171
504
136
172
505
137
173
506
138
174
507
139
175
508
140
176
509
141
177
510
142
178
511
143
179
512
144
180
513
145
181
514
146
182
515
147
183
516
184
517
149
185
518
150
186
519
151
187
520
152
188
521
153
189
522
154
190
523
155
191
524
156
192
525
157
193
526
158
194
527
159
195
528
160
196
529
161
197
530
162
198
531
163
199
532
164
200
533
165
201
534
166
202
535
167
203
536
168
204
537
169
205
538
170
206
539
171
207
540
172
208
541
173
209
542
174
210
543
175
211
544
176
212
545
177
213
546
178
214
547
179
215
548
180
216
549
181
217
550
182
218
551
183
219
552
184
220
553
221
554
186
222
555
187
223
556
188
224
557
189
225
558
190
226
559
191
227
560
192
228
561
193
229
562
194
230
563
195
231
564
196
232
565
197
233
566
198
234
567
199
235
568
200
236
569
201
237
570
202
238
571
203
239
572
204
240
573
205
241
574
206
242
575
207
243
576
208
244
577
209
245
578
210
246
579
211
247
580
212
248
581
213
249
582
214
250
583
215
251
584
216
252
585
217
253
586
218
254
587
219
255
588
220
256
589
221
257
590
258
591
223
259
592
224
260
593
225
261
594
226
262
595
227
263
596
228
264
597
229
265
598
230
266
599
231
267
600
232
268
601
233
269
602
234
270
603
235
271
604
236
272
605
237
273
606
238
274
607
239
275
608
240
276
609
241
277
610
242
278
611
243
279
612
244
280
613
245
281
614
246
282
615
247
283
616
248
284
617
249
285
618
250
286
619
251
287
620
252
288
621
253
289
622
254
290
623
255
291
624
256
292
625
257
293
626
258
294
627
295
628
260
296
629
261
297
630
262
298
631
263
299
632
264
300
633
265
301
634
266
302
635
267
303
636
268
304
637
269
305
638
270
306
639
271
307
640
272
308
641
273
309
642
274
310
643
275
311
644
276
312
645
277
313
646
278
314
647
279
315
648
280
316
649
281
317
650
282
318
651
283
319
652
284
320
653
285
321
654
286
322
655
287
323
656
288
324
657
289
325
658
290
326
659
291
327
660
292
328
661
293
329
662
294
330
663
295
331
664
332
665
297
333
666
298
334
667
299
335
668
300
336
669
301
337
670
302
338
671
303
339
672
304
340
673
305
341
674
306
342
675
307
343
676
308
344
677
309
345
678
310
346
679
311
347
680
312
348
681
313
349
682
314
350
683
315
351
684
316
352
685
317
353
686
318
354
687
319
355
688
320
356
689
321
357
690
322
358
691
323
359
692
324
360
693
325
361
694
326
362
695
327
363
696
328
364
697
329
365
698
330
366
699
331
367
700
332
368
701
369
702
334
703
335
704
336
705
337
706
338
707
339
708
340
709
341
710
342
711
343
712
344
713
345
714
346
715
347
716
348
717
349
718
350
719
351
720
352
721
353
722
354
723
355
724
356
725
357
726
358
727
359
728
360
729
361
730
362
731
363
732
364
733
365
734
366
735
367
736
368
737
369
738
739
371
407
740
372
408
741
373
409
742
374
410
743
375
411
744
376
412
745
377
413
746
378
414
747
379
415
748
380
416
749
381
417
750
382
418
751
383
419
752
384
420
753
385
421
754
386
422
755
387
423
756
388
424
757
389
425
758
390
426
759
391
427
760
392
428
761
393
429
762
394
430
763
395
431
764
396
432
765
397
433
766
398
434
767
399
435
768
400
436
769
401
437
770
402
438
771
403
439
772
404
440
773
405
441
774
406
442
775
443
776
408
444
777
409
445
778
410
446
779
411
447
780
412
448
781
413
449
782
414
450
783
415
451
784
416
452
785
417
453
786
418
454
787
419
455
788
420
456
789
421
457
790
422
458
791
423
459
792
424
460
793
425
461
794
426
462
795
427
463
796
428
464
797
429
465
798
430
466
799
431
467
800
432
468
801
433
469
802
434
470
803
435
471
804
436
472
805
437
473
806
438
474
807
439
475
808
440
476
809
441
477
810
442
478
811
443
479
812
480
813
445
481
814
446
482
815
447
483
816
448
484
817
449
485
818
450
486
819
451
487
820
452
488
821
453
489
822
454
490
823
455
491
824
456
492
825
457
493
826
458
494
827
459
495
828
460
496
829
461
497
830
462
498
831
463
499
832
464
500
833
465
501
834
466
502
835
467
503
836
468
504
837
469
505
838
470
506
839
471
507
840
472
508
841
473
509
842
474
510
843
475
511
844
476
512
845
477
513
846
478
514
847
479
515
848
480
516
849
517
850
482
518
851
483
519
852
484
520
853
485
521
854
486
522
855
487
523
856
488
524
857
489
525
858
490
526
859
491
527
860
492
528
861
493
529
862
494
530
863
495
531
864
496
532
865
497
533
866
498
534
867
499
535
868
500
536
869
501
537
870
502
538
871
503
539
872
504
540
873
505
541
874
506
542
875
507
543
876
508
544
877
509
545
878
510
546
879
511
547
880
512
548
881
513
549
882
514
550
883
515
551
884
516
552
885
517
553
886
554
887
519
555
888
520
556
889
521
557
890
522
558
891
523
559
892
524
560
893
525
561
894
526
562
895
527
563
896
528
564
897
529
565
898
530
566
899
531
567
900
532
568
901
533
569
902
534
570
903
535
571
904
536
572
905
537
573
906
538
574
907
539
575
908
540
576
909
541
577
910
542
578
911
543
579
912
544
580
913
545
581
914
546
582
915
547
583
916
548
584
917
549
585
918
550
586
919
551
587
920
552
588
921
553
589
922
554
590
923
591
924
556
592
925
557
593
926
558
594
927
559
595
928
560
596
929
561
597
930
562
598
931
563
599
932
564
600
933
565
601
934
566
602
935
567
603
936
568
604
937
569
605
938
570
606
939
571
607
940
572
608
941
573
609
942
574
610
943
575
611
944
576
612
945
577
613
946
578
614
947
579
615
948
580
616
949
581
617
950
582
618
951
583
619
952
584
620
953
585
621
954
586
622
955
587
623
956
588
624
957
589
625
958
590
626
959
591
627
960
628
961
593
629
962
594
630
963
595
631
964
596
632
965
597
633
966
598
634
967
599
635
968
600
636
969
601
637
970
602
638
971
603
639
972
604
640
973
605
641
974
606
642
975
607
643
976
608
644
977
609
645
978
610
646
979
611
647
980
612
648
981
613
649
982
614
650
983
615
651
984
616
652
985
617
653
986
618
654
987
619
655
988
620
656
989
621
657
990
622
658
991
623
659
992
624
660
993
625
661
994
626
662
995
627
663
996
628
664
997
665
998
630
666
999
631
667
1000
632
668
1001
633
669
1002
634
670
1003
635
671
1004
636
672
1005
637
673
1006
638
674
1007
639
675
1008
640
676
1009
641
677
1010
642
678
1011
643
679
1012
644
680
1013
645
681
1014
646
682
1015
647
683
1016
648
684
1017
649
685
1018
650
686
1019
651
687
1020
652
688
1021
653
689
1022
654
690
1023
655
691
1024
656
692
1025
657
693
1026
658
694
1027
659
695
1028
660
696
1029
661
697
1030
662
698
1031
663
699
1032
664
700
1033
665
701
1034
702
1035
667
703
1036
668
704
1037
669
705
1038
670
706
1039
671
707
1040
672
708
1041
673
709
1042
674
710
1043
675
711
1044
676
712
1045
677
713
1046
678
714
1047
679
715
1048
680
716
1049
681
717
1050
682
718
1051
683
719
1052
684
720
1053
685
721
1054
686
722
1055
687
723
1056
688
724
1057
689
725
1058
690
726
1059
691
727
1060
692
728
1061
693
729
1062
694
730
1063
695
731
1064
696
732
1065
697
733
1066
698
734
1067
699
735
1068
700
736
1069
701
737
1070
702
738
1071
739
1072
704
1073
705
1074
706
1075
707
1076
708
1077
709
1078
710
1079
711
1080
712
1081
713
1082
714
1083
715
1084
716
1085
717
1086
718
1087
719
1088
720
1089
721
1090
722
1091
723
1092
724
1093
725
1094
726
1095
727
1096
728
1097
729
1098
730
1099
731
1100
732
1101
733
1102
734
1103
735
1104
736
1105
737
1106
738
1107
739
1108
1109
741
777
1110
742
778
1111
743
779
1112
744
780
1113
745
781
1114
746
782
1115
747
783
1116
748
784
1117
749
785
1118
750
786
1119
751
787
1120
752
788
1121
753
789
1122
754
790
1123
755
791
1124
756
792
1125
757
793
1126
758
794
1127
759
795
1128
760
796
1129
761
797
1130
762
798
1131
763
799
1132
764
800
1133
765
801
1134
766
802
1135
767
803
1136
768
804
1137
769
805
1138
770
806
1139
771
807
1140
772
808
1141
773
809
1142
774
810
1143
775
811
1144
776
812
1145
813
1146
778
814
1147
779
815
1148
780
816
1149
781
817
1150
782
818
1151
783
819
1152
784
820
1153
785
821
1154
786
822
1155
787
823
1156
788
824
1157
789
825
1158
790
826
1159
791
827
1160
792
828
1161
793
829
1162
794
830
1163
795
831
1164
796
832
1165
797
833
1166
798
834
1167
799
835
1168
800
836
1169
801
837
1170
802
838
1171
803
839
1172
804
840
1173
805
841
1174
806
842
1175
807
843
1176
808
844
1177
809
845
1178
810
846
1179
811
847
1180
812
848
1181
813
849
1182
850
1183
815
851
1184
816
852
1185
817
853
1186
818
854
1187
819
855
1188
820
856
1189
821
857
1190
822
858
1191
823
859
1192
824
860
1193
825
861
1194
826
862
1195
827
863
1196
828
864
1197
829
865
1198
830
866
1199
831
867
1200
832
868
1201
833
869
1202
834
870
1203
835
871
1204
836
872
1205
837
873
1206
838
874
1207
839
875
1208
840
876
1209
841
877
1210
842
878
1211
843
879
1212
844
880
1213
845
881
1214
846
882
1215
847
883
1216
848
884
1217
849
885
1218
850
886
1219
887
1220
852
888
1221
853
889
1222
854
890
1223
855
891
1224
856
892
1225
857
893
1226
858
894
1227
859
895
1228
860
896
1229
861
897
1230
862
898
1231
863
899
1232
864
900
1233
865
901
1234
866
902
1235
867
903
1236
868
904
1237
869
905
1238
870
906
1239
871
907
1240
872
908
1241
873
909
1242
874
910
1243
875
911
1244
876
912
1245
877
913
1246
878
914
1247
879
915
1248
880
916
1249
881
917
1250
882
918
1251
883
919
1252
884
920
1253
885
921
1254
886
922
1255
887
923
1256
924
1257
889
925
1258
890
926
1259
891
927
1260
892
928
1261
893
929
1262
894
930
1263
895
931
1264
896
932
1265
897
933
1266
898
934
1267
899
935
1268
900
936
1269
901
937
1270
902
938
1271
903
939
1272
904
940
1273
905
941
1274
906
942
1275
907
943
1276
908
944
1277
909
945
1278
910
946
1279
911
947
1280
912
948
1281
913
949
1282
914
950
1283
915
951
1284
916
952
1285
917
953
1286
918
954
1287
919
955
1288
920
956
1289
921
957
1290
922
958
1291
923
959
1292
924
960
1293
961
1294
926
962
1295
927
963
1296
928
964
1297
929
965
1298
930
966
1299
931
967
1300
932
968
1301
933
969
1302
934
970
1303
935
971
1304
936
972
1305
937
973
1306
938
974
1307
939
975
1308
940
976
1309
941
977
1310
942
978
1311
943
979
1312
944
980
1313
945
981
1314
946
982
1315
947
983
1316
948
984
1317
949
985
1318
950
986
1319
951
987
1320
952
988
1321
953
989
1322
954
990
1323
955
991
1324
956
992
1325
957
993
1326
958
994
1327
959
995
1328
960
996
1329
961
997
1330
998
1331
963
999
1332
964
1000
1333
965
1001
1334
966
1002
1335
967
1003
1336
968
1004
1337
969
1005
1338
970
1006
1339
971
1007
1340
972
1008
1341
973
1009
1342
974
1010
1343
975
1011
1344
976
1012
1345
977
1013
1346
978
1014
1347
979
1015
1348
980
1016
1349
981
1017
1350
982
1018
1351
983
1019
1352
984
1020
1353
985
1021
1354
986
1022
1355
987
1023
1356
988
1024
1357
989
1025
1358
990
1026
1359
991
1027
1360
992
1028
1361
993
1029
1362
994
1030
1363
995
1031
1364
996
1032
1365
997
1033
1366
998
1034
1367
1035
1368
1000
1036
1369
1001
1037
1370
1002
1038
1371
1003
1039
1372
1004
1040
1373
1005
1041
1374
1006
1042
1375
1007
1043
1376
1008
1044
1377
1009
1045
1378
1010
1046
1379
1011
1047
1380
1012
1048
1381
1013
1049
1382
1014
1050
1383
1015
1051
1384
1016
1052
1385
1017
1053
1386
1018
1054
1387
1019
1055
1388
1020
1056
1389
1021
1057
1390
1022
1058
1391
1023
1059
1392
1024
1060
1393
1025
1061
1394
1026
1062
1395
1027
1063
1396
1028
1064
1397
1029
1065
1398
1030
1066
1399
1031
1067
1400
1032
1068
1401
1033
1069
1402
1034
1070
1403
1035
1071
1404
1072
1405
1037
1073
1406
1038
1074
1407
1039
1075
1408
1040
1076
1409
1041
1077
1410
1042
1078
1411
1043
1079
1412
1044
1080
1413
1045
1081
1414
1046
1082
1415
1047
1083
1416
1048
1084
1417
1049
1085
1418
1050
1086
1419
1051
1087
1420
1052
1088
1421
1053
1089
1422
1054
1090
1423
1055
1091
1424
1056
1092
1425
1057
1093
1426
1058
1094
1427
1059
1095
1428
1060
1096
1429
1061
1097
1430
1062
1098
1431
1063
1099
1432
1064
1100
1433
1065
1101
1434
1066
1102
1435
1067
1103
1436
1068
1104
1437
1069
1105
1438
1070
1106
1439
1071
1107
1440
1072
1108
1441
1109
1442
1074
1443
1075
1444
1076
1445
1077
1446
1078
1447
1079
1448
1080
1449
1081
1450
1082
1451
1083
1452
1084
1453
1085
1454
1086
1455
1087
1456
1088
1457
1089
1458
1090
1459
1091
1460
1092
1461
1093
1462
1094
1463
1095
1464
1096
1465
1097
1466
1098
1467
1099
1468
1100
1469
1101
1470
1102
1471
1103
1472
1104
1473
1105
1474
1106
1475
1107
1476
1108
1477
1109
1478
1479
1111
1147
1480
1112
1148
1481
1113
1149
1482
1114
1150
1483
1115
1151
1484
1116
1152
1485
1117
1153
1486
1118
1154
1487
1119
1155
1488
1120
1156
1489
1121
1157
1490
1122
1158
1491
1123
1159
1492
1124
1160
1493
1125
1161
1494
1126
1162
1495
1127
1163
1496
1128
1164
1497
1129
1165
1498
1130
1166
1499
1131
1167
1500
1132
1168
1501
1133
1169
1502
1134
1170
1503
1135
1171
1504
1136
1172
1505
1137
1173
1506
1138
1174
1507
1139
1175
1508
1140
1176
1509
1141
1177
1510
1142
1178
1511
1143
1179
1512
1144
1180
1513
1145
1181
1514
1146
1182
1515
1183
1516
1148
1184
1517
1149
1185
1518
1150
1186
1519
1151
1187
1520
1152
1188
1521
1153
1189
1522
1154
1190
1523
1155
1191
1524
1156
1192
1525
1157
1193
1526
1158
1194
1527
1159
1195
1528
1160
1196
1529
1161
1197
1530
1162
1198
1531
1163
1199
1532
1164
1200
1533
1165
1201
1534
1166
1202
1535
1167
1203
1536
1168
1204
1537
1169
1205
1538
1170
1206
1539
1171
1207
1540
1172
1208
1541
1173
1209
1542
1174
1210
1543
1175
1211
1544
1176
1212
1545
1177
1213
1546
1178
1214
1547
1179
1215
1548
1180
1216
1549
1181
1217
1550
1182
1218
1551
1183
1219
1552
1220
1553
1185
1221
1554
1186
1222
1555
1187
1223
1556
1188
1224
1557
1189
1225
1558
1190
1226
1559
1191
1227
1560
1192
1228
1561
1193
1229
1562
1194
1230
1563
1195
1231
1564
1196
1232
1565
1197
1233
1566
1198
1234
1567
1199
1235
1568
1200
1236
1569
1201
1237
1570
1202
1238
1571
1203
1239
1572
1204
1240
1573
1205
1241
1574
1206
1242
1575
1207
1243
1576
1208
1244
1577
1209
1245
1578
1210
1246
1579
1211
1247
1580
1212
1248
1581
1213
1249
1582
1214
1250
1583
1215
1251
1584
1216
1252
1585
1217
1253
1586
1218
1254
1587
1219
1255
1588
1220
1256
1589
1257
1590
1222
1258
1591
1223
1259
1592
1224
1260
1593
1225
1261
1594
1226
1262
1595
1227
1263
1596
1228
1264
1597
1229
1265
1598
1230
1266
1599
1231
1267
1600
1232
1268
1601
1233
1269
1602
1234
1270
1603
1235
1271
1604
1236
1272
1605
1237
1273
1606
1238
1274
1607
1239
1275
1608
1240
1276
1609
1241
1277
1610
1242
1278
1611
1243
1279
1612
1244
1280
1613
1245
1281
1614
1246
1282
1615
1247
1283
1616
1248
1284
1617
1249
1285
1618
1250
1286
1619
1251
1287
1620
1252
1288
1621
1253
1289
1622
1254
1290
1623
1255
1291
1624
1256
1292
1625
1257
1293
1626
1294
1627
1259
1295
1628
1260
1296
1629
1261
1297
1630
1262
1298
1631
1263
1299
1632
1264
1300
1633
1265
1301
1634
1266
1302
1635
1267
1303
1636
1268
1304
1637
1269
1305
1638
1270
1306
1639
1271
1307
1640
1272
1308
1641
1273
1309
1642
1274
1310
1643
1275
1311
1644
1276
1312
1645
1277
1313
1646
1278
1314
1647
1279
1315
1648
1280
1316
1649
1281
1317
1650
1282
1318
1651
1283
1319
1652
1284
1320
1653
1285
1321
1654
1286
1322
1655
1287
1323
1656
1288
1324
1657
1289
1325
1658
1290
1326
1659
1291
1327
1660
1292
1328
1661
1293
1329
1662
1294
1330
1663
1331
1664
1296
1332
1665
1297
1333
1666
1298
1334
1667
1299
1335
1668
1300
1336
1669
1301
1337
1670
1302
1338
1671
1303
1339
1672
1304
1340
1673
1305
1341
1674
1306
1342
1675
1307
1343
1676
1308
1344
1677
1309
1345
1678
1310
1346
1679
1311
1347
1680
1312
1348
1681
1313
1349
1682
1314
1350
1683
1315
1351
1684
1316
1352
1685
1317
1353
1686
1318
1354
1687
1319
1355
1688
1320
1356
1689
1321
1357
1690
1322
1358
1691
1323
1359
1692
1324
1360
1693
1325
1361
1694
1326
1362
1695
1327
1363
1696
1328
1364
1697
1329
1365
1698
1330
1366
1699
1331
1367
1700
1368
1701
1333
1369
1702
1334
1370
1703
1335
1371
1704
1336
1372
1705
1337
1373
1706
1338
1374
1707
1339
1375
1708
1340
1376
1709
1341
1377
1710
1342
1378
1711
1343
1379
1712
1344
1380
1713
1345
1381
1714
1346
1382
1715
1347
1383
1716
1348
1384
1717
1349
1385
1718
1350
1386
1719
1351
1387
1720
1352
1388
1721
1353
1389
1722
1354
1390
1723
1355
1391
1724
1356
1392
1725
1357
1393
1726
1358
1394
1727
1359
1395
1728
1360
1396
1729
1361
1397
1730
1362
1398
1731
1363
1399
1732
1364
1400
1733
1365
1401
1734
1366
1402
1735
1367
1403
1736
1368
1404
1737
1405
1738
1370
1406
1739
1371
1407
1740
1372
1408
1741
1373
1409
1742
1374
1410
1743
1375
1411
1744
1376
1412
1745
1377
1413
1746
1378
1414
1747
1379
1415
1748
1380
1416
1749
1381
1417
1750
1382
1418
1751
1383
1419
1752
1384
1420
1753
1385
1421
1754
1386
1422
1755
1387
1423
1756
1388
1424
1757
1389
1425
1758
1390
1426
1759
1391
1427
1760
1392
1428
1761
1393
1429
1762
1394
1430
1763
1395
1431
1764
1396
1432
1765
1397
1433
1766
1398
1434
1767
1399
1435
1768
1400
1436
1769
1401
1437
1770
1402
1438
1771
1403
1439
1772
1404
1440
1773
1405
1441
1774
1442
1775
1407
1443
1776
1408
1444
1777
1409
1445
1778
1410
1446
1779
1411
1447
1780
1412
1448
1781
1413
1449
1782
1414
1450
1783
1415
1451
1784
1416
1452
1785
1417
1453
1786
1418
1454
1787
1419
1455
1788
1420
1456
1789
1421
1457
1790
1422
1458
1791
1423
1459
1792
1424
1460
1793
1425
1461
1794
1426
1462
1795
1427
1463
1796
1428
1464
1797
1429
1465
1798
1430
1466
1799
1431
1467
1800
1432
1468
1801
1433
1469
1802
1434
1470
1803
1435
1471
1804
1436
1472
1805
1437
1473
1806
1438
1474
1807
1439
1475
1808
1440
1476
1809
1441
1477
1810
1442
1478
1811
1479
1812
1444
1813
1445
1814
1446
1815
1447
1816
1448
1817
1449
1818
1450
1819
1451
1820
1452
1821
1453
1822
1454
1823
1455
1824
1456
1825
1457
1826
1458
1827
1459
1828
1460
1829
1461
1830
1462
1831
1463
1832
1464
1833
1465
1834
1466
1835
1467
1836
1468
1837
1469
1838
1470
1839
1471
1840
1472
1841
1473
1842
1474
1843
1475
1844
1476
1845
1477
1846
1478
1847
1479
1848
1849
1481
1517
1850
1482
1518
1851
1483
1519
1852
1484
1520
1853
1485
1521
1854
1486
1522
1855
1487
1523
1856
1488
1524
1857
1489
1525
1858
1490
1526
1859
1491
1527
1860
1492
1528
1861
1493
1529
1862
1494
1530
1863
1495
1531
1864
1496
1532
1865
1497
1533
1866
1498
1534
1867
1499
1535
1868
1500
1536
1869
1501
1537
1870
1502
1538
1871
1503
1539
1872
1504
1540
1873
1505
1541
1874
1506
1542
1875
1507
1543
1876
1508
1544
1877
1509
1545
1878
1510
1546
1879
1511
1547
1880
1512
1548
1881
1513
1549
1882
1514
1550
1883
1515
1551
1884
1516
1552
1885
1553
1886
1518
1554
1887
1519
1555
1888
1520
1556
1889
1521
1557
1890
1522
1558
1891
1523
1559
1892
1524
1560
1893
1525
1561
1894
1526
1562
1895
1527
1563
1896
1528
1564
1897
1529
1565
1898
1530
1566
1899
1531
1567
1900
1532
1568
1901
1533
1569
1902
1534
1570
1903
1535
1571
1904
1536
1572
1905
1537
1573
1906
1538
1574
1907
1539
1575
1908
1540
1576
1909
1541
1577
1910
1542
1578
1911
1543
1579
1912
1544
1580
1913
1545
1581
1914
1546
1582
1915
1547
1583
1916
1548
1584
1917
1549
1585
1918
1550
1586
1919
1551
1587
1920
1552
1588
1921
1553
1589
1922
1590
1923
1555
1591
1924
1556
1592
1925
1557
1593
1926
1558
1594
1927
1559
1595
1928
1560
1596
1929
1561
1597
1930
1562
1598
1931
1563
1599
1932
1564
1600
1933
1565
1601
1934
1566
1602
1935
1567
1603
1936
1568
1604
1937
1569
1605
1938
1570
1606
1939
1571
1607
1940
1572
1608
1941
1573
1609
1942
1574
1610
1943
1575
1611
1944
1576
1612
1945
1577
1613
1946
1578
1614
1947
1579
1615
1948
1580
1616
1949
1581
1617
1950
1582
1618
1951
1583
1619
1952
1584
1620
1953
1585
1621
1954
1586
1622
1955
1587
1623
1956
1588
1624
1957
1589
1625
1958
1590
1626
1959
1627
1960
1592
1628
1961
1593
1629
1962
1594
1630
1963
1595
1631
1964
1596
1632
1965
1597
1633
1966
1598
1634
1967
1599
1635
1968
1600
1636
1969
1601
1637
1970
1602
1638
1971
1603
1639
1972
1604
1640
1973
1605
1641
1974
1606
1642
1975
1607
1643
1976
1608
1644
1977
1609
1645
1978
1610
1646
1979
1611
1647
1980
1612
1648
1981
1613
1649
1982
1614
1650
1983
1615
1651
1984
1616
1652
1985
1617
1653
1986
1618
1654
1987
1619
1655
1988
1620
1656
1989
1621
1657
1990
1622
1658
1991
1623
1659
1992
1624
1660
1993
1625
1661
1994
1626
1662
1995
1627
1663
1996
1664
1997
1629
1665
1998
1630
1666
1999
1631
1667
2000
1632
1668
2001
1633
1669
2002
1634
1670
2003
1635
1671
2004
1636
1672
2005
1637
1673
2006
1638
1674
2007
1639
1675
2008
1640
1676
2009
1641
1677
2010
1642
1678
2011
1643
1679
2012
1644
1680
2013
1645
1681
2014
1646
1682
2015
1647
1683
2016
1648
1684
2017
1649
1685
2018
1650
1686
2019
1651
1687
2020
1652
1688
2021
1653
1689
2022
1654
1690
2023
1655
1691
2024
1656
1692
2025
1657
1693
2026
1658
1694
2027
1659
1695
2028
1660
1696
2029
1661
1697
2030
1662
1698
2031
1663
1699
2032
1664
1700
2033
1701
2034
1666
1702
2035
1667
1703
2036
1668
1704
2037
1669
1705
2038
1670
1706
2039
1671
1707
2040
1672
1708
2041
1673
1709
2042
1674
1710
2043
1675
1711
2044
1676
1712
2045
1677
1713
2046
1678
1714
2047
1679
1715
2048
1680
1716
2049
1681
1717
2050
1682
1718
2051
1683
1719
2052
1684
1720
2053
1685
1721
2054
1686
1722
2055
1687
1723
2056
1688
1724
2057
1689
1725
2058
1690
1726
2059
1691
1727
2060
1692
1728
2061
1693
1729
2062
1694
1730
2063
1695
1731
2064
1696
1732
2065
1697
1733
2066
1698
1734
2067
1699
1735
2068
1700
1736
2069
1701
1737
2070
1738
2071
1703
1739
2072
1704
1740
2073
1705
1741
2074
1706
1742
2075
1707
1743
2076
1708
1744
2077
1709
1745
2078
1710
1746
2079
1711
1747
2080
1712
1748
2081
1713
1749
2082
1714
1750
2083
1715
1751
2084
1716
1752
2085
1717
1753
2086
1718
1754
2087
1719
1755
2088
1720
1756
2089
1721
1757
2090
1722
1758
2091
1723
1759
2092
1724
1760
2093
1725
1761
2094
1726
1762
2095
1727
1763
2096
1728
1764
2097
1729
1765
2098
1730
1766
2099
1731
1767
2100
1732
1768
2101
1733
1769
2102
1734
1770
2103
1735
1771
2104
1736
1772
2105
1737
1773
2106
1738
1774
2107
1775
2108
1740
1776
2109
1741
1777
2110
1742
1778
2111
1743
1779
2112
1744
1780
2113
1745
1781
2114
1746
1782
2115
1747
1783
2116
1748
1784
2117
1749
1785
2118
1750
1786
2119
1751
1787
2120
1752
1788
2121
1753
1789
2122
1754
1790
2123
1755
1791
2124
1756
1792
2125
1757
1793
2126
1758
1794
2127
1759
1795
2128
1760
1796
2129
1761
1797
2130
1762
1798
2131
1763
1799
2132
1764
1800
2133
1765
1801
2134
1766
1802
2135
1767
1803
2136
1768
1804
2137
1769
1805
2138
1770
1806
2139
1771
1807
2140
1772
1808
2141
1773
1809
2142
1774
1810
2143
1775
1811
2144
1812
2145
1777
1813
2146
1778
1814
2147
1779
1815
2148
1780
1816
2149
1781
1817
2150
1782
1818
2151
1783
1819
2152
1784
1820
2153
1785
1821
2154
1786
1822
2155
1787
1823
2156
1788
1824
2157
1789
1825
2158
1790
1826
2159
1791
1827
2160
1792
1828
2161
1793
1829
2162
1794
1830
2163
1795
1831
2164
1796
1832
2165
1797
1833
2166
1798
1834
2167
1799
1835
2168
1800
1836
2169
1801
1837
2170
1802
1838
2171
1803
1839
2172
1804
1840
2173
1805
1841
2174
1806
1842
2175
1807
1843
2176
1808
1844
2177
1809
1845
2178
1810
1846
2179
1811
1847
2180
1812
1848
2181
1849
2182
1814
2183
1815
2184
1816
2185
1817
2186
1818
2187
1819
2188
1820
2189
1821
2190
1822
2191
1823
2192
1824
2193
1825
2194
1826
2195
1827
2196
1828
2197
1829
2198
1830
2199
1831
2200
1832
2201
1833
2202
1834
2203
1835
2204
1836
2205
1837
2206
1838
2207
1839
2208
1840
2209
1841
2210
1842
2211
1843
2212
1844
2213
1845
2214
1846
2215
1847
2216
1848
2217
1849
2218
2219
1851
1887
2220
1852
1888
2221
1853
1889
2222
1854
1890
2223
1855
1891
2224
1856
1892
2225
1857
1893
2226
1858
1894
2227
1859
1895
2228
1860
1896
2229
1861
1897
2230
1862
1898
2231
1863
1899
2232
1864
1900
2233
1865
1901
2234
1866
1902
2235
1867
1903
2236
1868
1904
2237
1869
1905
2238
1870
1906
2239
1871
1907
2240
1872
1908
2241
1873
1909
2242
1874
1910
2243
1875
1911
2244
1876
1912
2245
1877
1913
2246
1878
1914
2247
1879
1915
2248
1880
1916
2249
1881
1917
2250
1882
1918
2251
1883
1919
2252
1884
1920
2253
1885
1921
2254
1886
1922
2255
1923
2256
1888
1924
2257
1889
1925
2258
1890
1926
2259
1891
1927
2260
1892
1928
2261
1893
1929
2262
1894
1930
2263
1895
1931
2264
1896
1932
2265
1897
1933
2266
1898
1934
2267
1899
1935
2268
1900
1936
2269
1901
1937
2270
1902
1938
2271
1903
1939
2272
1904
1940
2273
1905
1941
2274
1906
1942
2275
1907
1943
2276
1908
1944
2277
1909
1945
2278
1910
1946
2279
1911
1947
2280
1912
1948
2281
1913
1949
2282
1914
1950
2283
1915
1951
2284
1916
1952
2285
1917
1953
2286
1918
1954
2287
1919
1955
2288
1920
1956
2289
1921
1957
2290
1922
1958
2291
1923
1959
2292
1960
2293
1925
1961
2294
1926
1962
2295
1927
1963
2296
1928
1964
2297
1929
1965
2298
1930
1966
2299
1931
1967
2300
1932
1968
2301
1933
1969
2302
1934
1970
2303
1935
1971
2304
1936
1972
2305
1937
1973
2306
1938
1974
2307
1939
1975
2308
1940
1976
2309
1941
1977
2310
1942
1978
2311
1943
1979
2312
1944
1980
2313
1945
1981
2314
1946
1982
2315
1947
1983
2316
1948
1984
2317
1949
1985
2318
1950
1986
2319
1951
1987
2320
1952
1988
2321
1953
1989
2322
1954
1990
2323
1955
1991
2324
1956
1992
2325
1957
1993
2326
1958
1994
2327
1959
1995
2328
1960
1996
2329
1997
2330
1962
1998
2331
1963
1999
2332
1964
2000
2333
1965
2001
2334
1966
2002
2335
1967
2003
2336
1968
2004
2337
1969
2005
2338
1970
2006
2339
1971
2007
2340
1972
2008
2341
1973
2009
2342
1974
2010
2343
1975
2011
2344
1976
2012
2345
1977
2013
2346
1978
2014
2347
1979
2015
2348
1980
2016
2349
1981
2017
2350
1982
2018
2351
1983
2019
2352
1984
2020
2353
1985
2021
2354
1986
2022
2355
1987
2023
2356
1988
2024
2357
1989
2025
2358
1990
2026
2359
1991
2027
2360
1992
2028
2361
1993
2029
2362
1994
2030
2363
1995
2031
2364
1996
2032
2365
1997
2033
2366
2034
2367
1999
2035
2368
2000
2036
2369
2001
2037
2370
2002
2038
2371
2003
2039
2372
2004
2040
2373
2005
2041
2374
2006
2042
2375
2007
2043
2376
2008
2044
2377
2009
2045
2378
2010
2046
2379
2011
2047
2380
2012
2048
2381
2013
2049
2382
2014
2050
2383
2015
2051
2384
2016
2052
2385
2017
2053
2386
2018
2054
2387
2019
2055
2388
2020
2056
2389
2021
2057
2390
2022
2058
2391
2023
2059
2392
2024
2060
2393
2025
2061
2394
2026
2062
2395
2027
2063
2396
2028
2064
2397
2029
2065
2398
2030
2066
2399
2031
2067
2400
2032
2068
2401
2033
2069
2402
2034
2070
2403
2071
2404
2036
2072
2405
2037
2073
2406
2038
2074
2407
2039
2075
2408
2040
2076
2409
2041
2077
2410
2042
2078
2411
2043
2079
2412
2044
2080
2413
2045
2081
2414
2046
2082
2415
2047
2083
2416
2048
2084
2417
2049
2085
2418
2050
2086
2419
2051
2087
2420
2052
2088
2421
2053
2089
2422
2054
2090
2423
2055
2091
2424
2056
2092
2425
2057
2093
2426
2058
2094
2427
2059
2095
2428
2060
2096
2429
2061
2097
2430
2062
2098
2431
2063
2099
2432
2064
2100
2433
2065
2101
2434
2066
2102
2435
2067
2103
2436
2068
2104
2437
2069
2105
2438
2070
2106
2439
2071
2107
2440
2108
2441
2073
2109
2442
2074
2110
2443
2075
2111
2444
2076
2112
2445
2077
2113
2446
2078
2114
2447
2079
2115
2448
2080
2116
2449
2081
2117
2450
2082
2118
2451
2083
2119
2452
2084
2120
2453
2085
2121
2454
2086
2122
2455
2087
2123
2456
2088
2124
2457
2089
2125
2458
2090
2126
2459
2091
2127
2460
2092
2128
2461
2093
2129
2462
2094
2130
2463
2095
2131
2464
2096
2132
2465
2097
2133
2466
2098
2134
2467
2099
2135
2468
2100
2136
2469
2101
2137
2470
2102
2138
2471
2103
2139
2472
2104
2140
2473
2105
2141
2474
2106
2142
2475
2107
2143
2476
2108
2144
2477
2145
2478
2110
2146
2479
2111
2147
2480
2112
2148
2481
2113
2149
2482
2114
2150
2483
2115
2151
2484
2116
2152
2485
2117
2153
2486
2118
2154
2487
2119
2155
2488
2120
2156
2489
2121
2157
2490
2122
2158
2491
2123
2159
2492
2124
2160
2493
2125
2161
2494
2126
2162
2495
2127
2163
2496
2128
2164
2497
2129
2165
2498
2130
2166
2499
2131
2167
2500
2132
2168
2501
2133
2169
2502
2134
2170
2503
2135
2171
2504
2136
2172
2505
2137
2173
2506
2138
2174
2507
2139
2175
2508
2140
2176
2509
2141
2177
2510
2142
2178
2511
2143
2179
2512
2144
2180
2513
2145
2181
2514
2182
2515
2147
2183
2516
2148
2184
2517
2149
2185
2518
2150
2186
2519
2151
2187
2520
2152
2188
2521
2153
2189
2522
2154
2190
2523
2155
2191
2524
2156
2192
2525
2157
2193
2526
2158
2194
2527
2159
2195
2528
2160
2196
2529
2161
2197
2530
2162
2198
2531
2163
2199
2532
2164
2200
2533
2165
2201
2534
2166
2202
2535
2167
2203
2536
2168
2204
2537
2169
2205
2538
2170
2206
2539
2171
2207
2540
2172
2208
2541
2173
2209
2542
2174
2210
2543
2175
2211
2544
2176
2212
2545
2177
2213
2546
2178
2214
2547
2179
2215
2548
2180
2216
2549
2181
2217
2550
2182
2218
2551
2219
2552
2184
2553
2185
2554
2186
2555
2187
2556
2188
2557
2189
2558
2190
2559
2191
2560
2192
2561
2193
2562
2194
2563
2195
2564
2196
2565
2197
2566
2198
2567
2199
2568
2200
2569
2201
2570
2202
2571
2203
2572
2204
2573
2205
2574
2206
2575
2207
2576
2208
2577
2209
2578
2210
2579
2211
2580
2212
2581
2213
2582
2214
2583
2215
2584
2216
2585
2217
2586
2218
2587
2219
2588
2589
2221
2257
2590
2222
2258
2591
2223
2259
2592
2224
2260
2593
2225
2261
2594
2226
2262
2595
2227
2263
2596
2228
2264
2597
2229
2265
2598
2230
2266
2599
2231
2267
2600
2232
2268
2601
2233
2269
2602
2234
2270
2603
2235
2271
2604
2236
2272
2605
2237
2273
2606
2238
2274
2607
2239
2275
2608
2240
2276
2609
2241
2277
2610
2242
2278
2611
2243
2279
2612
2244
2280
2613
2245
2281
2614
2246
2282
2615
2247
2283
2616
2248
2284
2617
2249
2285
2618
2250
2286
2619
2251
2287
2620
2252
2288
2621
2253
2289
2622
2254
2290
2623
2255
2291
2624
2256
2292
2625
2293
2626
2258
2294
2627
2259
2295
2628
2260
2296
2629
2261
2297
2630
2262
2298
2631
2263
2299
2632
2264
2300
2633
2265
2301
2634
2266
2302
2635
2267
2303
2636
2268
2304
2637
2269
2305
2638
2270
2306
2639
2271
2307
2640
2272
2308
2641
2273
2309
2642
2274
2310
2643
2275
2311
2644
2276
2312
2645
2277
2313
2646
2278
2314
2647
2279
2315
2648
2280
2316
2649
2281
2317
2650
2282
2318
2651
2283
2319
2652
2284
2320
2653
2285
2321
2654
2286
2322
2655
2287
2323
2656
2288
2324
2657
2289
2325
2658
2290
2326
2659
2291
2327
2660
2292
2328
2661
2293
2329
2662
2330
2663
2295
2331
2664
2296
2332
2665
2297
2333
2666
2298
2334
2667
2299
2335
2668
2300
2336
2669
2301
2337
2670
2302
2338
2671
2303
2339
2672
2304
2340
2673
2305
2341
2674
2306
2342
2675
2307
2343
2676
2308
2344
2677
2309
2345
2678
2310
2346
2679
2311
2347
2680
2312
2348
2681
2313
2349
2682
2314
2350
2683
2315
2351
2684
2316
2352
2685
2317
2353
2686
2318
2354
2687
2319
2355
2688
2320
2356
2689
2321
2357
2690
2322
2358
2691
2323
2359
2692
2324
2360
2693
2325
2361
2694
2326
2362
2695
2327
2363
2696
2328
2364
2697
2329
2365
2698
2330
2366
2699
2367
2700
2332
2368
2701
2333
2369
2702
2334
2370
2703
2335
2371
2704
2336
2372
2705
2337
2373
2706
2338
2374
2707
2339
2375
2708
2340
2376
2709
2341
2377
2710
2342
2378
2711
2343
2379
2712
2344
2380
2713
2345
2381
2714
2346
2382
2715
2347
2383
2716
2348
2384
2717
2349
2385
2718
2350
2386
2719
2351
2387
2720
2352
2388
2721
2353
2389
2722
2354
2390
2723
2355
2391
2724
2356
2392
2725
2357
2393
2726
2358
2394
2727
2359
2395
2728
2360
2396
2729
2361
2397
2730
2362
2398
2731
2363
2399
2732
2364
2400
2733
2365
2401
2734
2366
2402
2735
2367
2403
2736
2404
2737
2369
2405
2738
2370
2406
2739
2371
2407
2740
2372
2408
2741
2373
2409
2742
2374
2410
2743
2375
2411
2744
2376
2412
2745
2377
2413
2746
2378
2414
2747
2379
2415
2748
2380
2416
2749
2381
2417
2750
2382
2418
2751
2383
2419
2752
2384
2420
2753
2385
2421
2754
2386
2422
2755
2387
2423
2756
2388
2424
2757
2389
2425
2758
2390
2426
2759
2391
2427
2760
2392
2428
2761
2393
2429
2762
2394
2430
2763
2395
2431
2764
2396
2432
2765
2397
2433
2766
2398
2434
2767
2399
2435
2768
2400
2436
2769
2401
2437
2770
2402
2438
2771
2403
2439
2772
2404
2440
2773
2441
2774
2406
2442
2775
2407
2443
2776
2408
2444
2777
2409
2445
2778
2410
2446
2779
2411
2447
2780
2412
2448
2781
2413
2449
2782
2414
2450
2783
2415
2451
2784
2416
2452
2785
2417
2453
2786
2418
2454
2787
2419
2455
2788
2420
2456
2789
2421
2457
2790
2422
2458
2791
2423
2459
2792
2424
2460
2793
2425
2461
2794
2426
2462
2795
2427
2463
2796
2428
2464
2797
2429
2465
2798
2430
2466
2799
2431
2467
2800
2432
2468
2801
2433
2469
2802
2434
2470
2803
2435
2471
2804
2436
2472
2805
2437
2473
2806
2438
2474
2807
2439
2475
2808
2440
2476
2809
2441
2477
2810
2478
2811
2443
2479
2812
2444
2480
2813
2445
2481
2814
2446
2482
2815
2447
2483
2816
2448
2484
2817
2449
2485
2818
2450
2486
2819
2451
2487
2820
2452
2488
2821
2453
2489
2822
2454
2490
2823
2455
2491
2824
2456
2492
2825
2457
2493
2826
2458
2494
2827
2459
2495
2828
2460
2496
2829
2461
2497
2830
2462
2498
2831
2463
2499
2832
2464
2500
2833
2465
2501
2834
2466
2502
2835
2467
2503
2836
2468
2504
2837
2469
2505
2838
2470
2506
2839
2471
2507
2840
2472
2508
2841
2473
2509
2842
2474
2510
2843
2475
2511
2844
2476
2512
2845
2477
2513
2846
2478
2514
2847
2515
2848
2480
2516
2849
2481
2517
2850
2482
2518
2851
2483
2519
2852
2484
2520
2853
2485
2521
2854
2486
2522
2855
2487
2523
2856
2488
2524
2857
2489
2525
2858
2490
2526
2859
2491
2527
2860
2492
2528
2861
2493
2529
2862
2494
2530
2863
2495
2531
2864
2496
2532
2865
2497
2533
2866
2498
2534
2867
2499
2535
2868
2500
2536
2869
2501
2537
2870
2502
2538
2871
2503
2539
2872
2504
2540
2873
2505
2541
2874
2506
2542
2875
2507
2543
2876
2508
2544
2877
2509
2545
2878
2510
2546
2879
2511
2547
2880
2512
2548
2881
2513
2549
2882
2514
2550
2883
2515
2551
2884
2552
2885
2517
2553
2886
2518
2554
2887
2519
2555
2888
2520
2556
2889
2521
2557
2890
2522
2558
2891
2523
2559
2892
2524
2560
2893
2525
2561
2894
2526
2562
2895
2527
2563
2896
2528
2564
2897
2529
2565
2898
2530
2566
2899
2531
2567
2900
2532
2568
2901
2533
2569
2902
2534
2570
2903
2535
2571
2904
2536
2572
2905
2537
2573
2906
2538
2574
2907
2539
2575
2908
2540
2576
2909
2541
2577
2910
2542
2578
2911
2543
2579
2912
2544
2580
2913
2545
2581
2914
2546
2582
2915
2547
2583
2916
2548
2584
2917
2549
2585
2918
2550
2586
2919
2551
2587
2920
2552
2588
2921
2589
2922
2554
2923
2555
2924
2556
2925
2557
2926
2558
2927
2559
2928
2560
2929
2561
2930
2562
2931
2563
2932
2564
2933
2565
2934
2566
2935
2567
2936
2568
2937
2569
2938
2570
2939
2571
2940
2572
2941
2573
2942
2574
2943
2575
2944
2576
2945
2577
2946
2578
2947
2579
2948
2580
2949
2581
2950
2582
2951
2583
2952
2584
2953
2585
2954
2586
2955
2587
2956
2588
2957
2589
2958
2959
2591
2627
2960
2592
2628
2961
2593
2629
2962
2594
2630
2963
2595
2631
2964
2596
2632
2965
2597
2633
2966
2598
2634
2967
2599
2635
2968
2600
2636
2969
2601
2637
2970
2602
2638
2971
2603
2639
2972
2604
2640
2973
2605
2641
2974
2606
2642
2975
2607
2643
2976
2608
2644
2977
2609
2645
2978
2610
2646
2979
2611
2647
2980
2612
2648
2981
2613
2649
2982
2614
2650
2983
2615
2651
2984
2616
2652
2985
2617
2653
2986
2618
2654
2987
2619
2655
2988
2620
2656
2989
2621
2657
2990
2622
2658
2991
2623
2659
2992
2624
2660
2993
2625
2661
2994
2626
2662
2995
2663
2996
2628
2664
2997
2629
2665
2998
2630
2666
2999
2631
2667
3000
2632
2668
3001
2633
2669
3002
2634
2670
3003
2635
2671
3004
2636
2672
3005
2637
2673
3006
2638
2674
3007
2639
2675
3008
2640
2676
3009
2641
2677
3010
2642
2678
3011
2643
2679
3012
2644
2680
3013
2645
2681
3014
2646
2682
3015
2647
2683
3016
2648
2684
3017
2649
2685
3018
2650
2686
3019
2651
2687
3020
2652
2688
3021
2653
2689
3022
2654
2690
3023
2655
2691
3024
2656
2692
3025
2657
2693
3026
2658
2694
3027
2659
2695
3028
2660
2696
3029
2661
2697
3030
2662
2698
3031
2663
2699
3032
2700
3033
2665
2701
3034
2666
2702
3035
2667
2703
3036
2668
2704
3037
2669
2705
3038
2670
2706
3039
2671
2707
3040
2672
2708
3041
2673
2709
3042
2674
2710
3043
2675
2711
3044
2676
2712
3045
2677
2713
3046
2678
2714
3047
2679
2715
3048
2680
2716
3049
2681
2717
3050
2682
2718
3051
2683
2719
3052
2684
2720
3053
2685
2721
3054
2686
2722
3055
2687
2723
3056
2688
2724
3057
2689
2725
3058
2690
2726
3059
2691
2727
3060
2692
2728
3061
2693
2729
3062
2694
2730
3063
2695
2731
3064
2696
2732
3065
2697
2733
3066
2698
2734
3067
2699
2735
3068
2700
2736
3069
2737
3070
2702
2738
3071
2703
2739
3072
2704
2740
3073
2705
2741
3074
2706
2742
3075
2707
2743
3076
2708
2744
3077
2709
2745
3078
2710
2746
3079
2711
2747
3080
2712
2748
3081
2713
2749
3082
2714
2750
3083
2715
2751
3084
2716
2752
3085
2717
2753
3086
2718
2754
3087
2719
2755
3088
2720
2756
3089
2721
2757
3090
2722
2758
3091
2723
2759
3092
2724
2760
3093
2725
2761
3094
2726
2762
3095
2727
2763
3096
2728
2764
3097
2729
2765
3098
2730
2766
3099
2731
2767
3100
2732
2768
3101
2733
2769
3102
2734
2770
3103
2735
2771
3104
2736
2772
3105
2737
2773
3106
2774
3107
2739
2775
3108
2740
2776
3109
2741
2777
3110
2742
2778
3111
2743
2779
3112
2744
2780
3113
2745
2781
3114
2746
2782
3115
2747
2783
3116
2748
2784
3117
2749
2785
3118
2750
2786
3119
2751
2787
3120
2752
2788
3121
2753
2789
3122
2754
2790
3123
2755
2791
3124
2756
2792
3125
2757
2793
3126
2758
2794
3127
2759
2795
3128
2760
2796
3129
2761
2797
3130
2762
2798
3131
2763
2799
3132
2764
2800
3133
2765
2801
3134
2766
2802
3135
2767
2803
3136
2768
2804
3137
2769
2805
3138
2770
2806
3139
2771
2807
3140
2772
2808
3141
2773
2809
3142
2774
2810
3143
2811
3144
2776
2812
3145
2777
2813
3146
2778
2814
3147
2779
2815
3148
2780
2816
3149
2781
2817
3150
2782
2818
3151
2783
2819
3152
2784
2820
3153
2785
2821
3154
2786
2822
3155
2787
2823
3156
2788
2824
3157
2789
2825
3158
2790
2826
3159
2791
2827
3160
2792
2828
3161
2793
2829
3162
2794
2830
3163
2795
2831
3164
2796
2832
3165
2797
2833
3166
2798
2834
3167
2799
2835
3168
2800
2836
3169
2801
2837
3170
2802
2838
3171
2803
2839
3172
2804
2840
3173
2805
2841
3174
2806
2842
3175
2807
2843
3176
2808
2844
3177
2809
2845
3178
2810
2846
3179
2811
2847
3180
2848
3181
2813
2849
3182
2814
2850
3183
2815
2851
3184
2816
2852
3185
2817
2853
3186
2818
2854
3187
2819
2855
3188
2820
2856
3189
2821
2857
3190
2822
2858
3191
2823
2859
3192
2824
2860
3193
2825
2861
3194
2826
2862
3195
2827
2863
3196
2828
2864
3197
2829
2865
3198
2830
2866
3199
2831
2867
3200
2832
2868
3201
2833
2869
3202
2834
2870
3203
2835
2871
3204
2836
2872
3205
2837
2873
3206
2838
2874
3207
2839
2875
3208
2840
2876
3209
2841
2877
3210
2842
2878
3211
2843
2879
3212
2844
2880
3213
2845
2881
3214
2846
2882
3215
2847
2883
3216
2848
2884
3217
2885
3218
2850
2886
3219
2851
2887
3220
2852
2888
3221
2853
2889
3222
2854
2890
3223
2855
2891
3224
2856
2892
3225
2857
2893
3226
2858
2894
3227
2859
2895
3228
2860
2896
3229
2861
2897
3230
2862
2898
3231
2863
2899
3232
2864
2900
3233
2865
2901
3234
2866
2902
3235
2867
2903
3236
2868
2904
3237
2869
2905
3238
2870
2906
3239
2871
2907
3240
2872
2908
3241
2873
2909
3242
2874
2910
3243
2875
2911
3244
2876
2912
3245
2877
2913
3246
2878
2914
3247
2879
2915
3248
2880
2916
3249
2881
2917
3250
2882
2918
3251
2883
2919
3252
2884
2920
3253
2885
2921
3254
2922
3255
2887
2923
3256
2888
2924
3257
2889
2925
3258
2890
2926
3259
2891
2927
3260
2892
2928
3261
2893
2929
3262
2894
2930
3263
2895
2931
3264
2896
2932
3265
2897
2933
3266
2898
2934
3267
2899
2935
3268
2900
2936
3269
2901
2937
3270
2902
2938
3271
2903
2939
3272
2904
2940
3273
2905
2941
3274
2906
2942
3275
2907
2943
3276
2908
2944
3277
2909
2945
3278
2910
2946
3279
2911
2947
3280
2912
2948
3281
2913
2949
3282
2914
2950
3283
2915
2951
3284
2916
2952
3285
2917
2953
3286
2918
2954
3287
2919
2955
3288
2920
2956
3289
2921
2957
3290
2922
2958
3291
2959
3292
2924
3293
2925
3294
2926
3295
2927
3296
2928
3297
2929
3298
2930
3299
2931
3300
2932
3301
2933
3302
2934
3303
2935
3304
2936
3305
2937
3306
2938
3307
2939
3308
2940
3309
2941
3310
2942
3311
2943
3312
2944
3313
2945
3314
2946
3315
2947
3316
2948
3317
2949
3318
2950
3319
2951
3320
2952
3321
2953
3322
2954
3323
2955
3324
2956
3325
2957
3326
2958
3327
2959
3328
3329
2961
2997
3330
2962
2998
3331
2963
2999
3332
2964
3000
3333
2965
3001
3334
2966
3002
3335
2967
3003
3336
2968
3004
3337
2969
3005
3338
2970
3006
3339
2971
3007
3340
2972
3008
3341
2973
3009
3342
2974
3010
3343
2975
3011
3344
2976
3012
3345
2977
3013
3346
2978
3014
3347
2979
3015
3348
2980
3016
3349
2981
3017
3350
2982
3018
3351
2983
3019
3352
2984
3020
3353
2985
3021
3354
2986
3022
3355
2987
3023
3356
2988
3024
3357
2989
3025
3358
2990
3026
3359
2991
3027
3360
2992
3028
3361
2993
3029
3362
2994
3030
3363
2995
3031
3364
2996
3032
3365
3033
3366
2998
3034
3367
2999
3035
3368
3000
3036
3369
3001
3037
3370
3002
3038
3371
3003
3039
3372
3004
3040
3373
3005
3041
3374
3006
3042
3375
3007
3043
3376
3008
3044
3377
3009
3045
3378
3010
3046
3379
3011
3047
3380
3012
3048
3381
3013
3049
3382
3014
3050
3383
3015
3051
3384
3016
3052
3385
3017
3053
3386
3018
3054
3387
3019
3055
3388
3020
3056
3389
3021
3057
3390
3022
3058
3391
3023
3059
3392
3024
3060
3393
3025
3061
3394
3026
3062
3395
3027
3063
3396
3028
3064
3397
3029
3065
3398
3030
3066
3399
3031
3067
3400
3032
3068
3401
3033
3069
3402
3070
3403
3035
3071
3404
3036
3072
3405
3037
3073
3406
3038
3074
3407
3039
3075
3408
3040
3076
3409
3041
3077
3410
3042
3078
3411
3043
3079
3412
3044
3080
3413
3045
3081
3414
3046
3082
3415
3047
3083
3416
3048
3084
3417
3049
3085
3418
3050
3086
3419
3051
3087
3420
3052
3088
3421
3053
3089
3422
3054
3090
3423
3055
3091
3424
3056
3092
3425
3057
3093
3426
3058
3094
3427
3059
3095
3428
3060
3096
3429
3061
3097
3430
3062
3098
3431
3063
3099
3432
3064
3100
3433
3065
3101
3434
3066
3102
3435
3067
3103
3436
3068
3104
3437
3069
3105
3438
3070
3106
3439
3107
3440
3072
3108
3441
3073
3109
3442
3074
3110
3443
3075
3111
3444
3076
3112
3445
3077
3113
3446
3078
3114
3447
3079
3115
3448
3080
3116
3449
3081
3117
3450
3082
3118
3451
3083
3119
3452
3084
3120
3453
3085
3121
3454
3086
3122
3455
3087
3123
3456
3088
3124
3457
3089
3125
3458
3090
3126
3459
3091
3127
3460
3092
3128
3461
3093
3129
3462
3094
3130
3463
3095
3131
3464
3096
3132
3465
3097
3133
3466
3098
3134
3467
3099
3135
3468
3100
3136
3469
3101
3137
3470
3102
3138
3471
3103
3139
3472
3104
3140
3473
3105
3141
3474
3106
3142
3475
3107
3143
3476
3144
3477
3109
3145
3478
3110
3146
3479
3111
3147
3480
3112
3148
3481
3113
3149
3482
3114
3150
3483
3115
3151
3484
3116
3152
3485
3117
3153
3486
3118
3154
3487
3119
3155
3488
3120
3156
3489
3121
3157
3490
3122
3158
3491
3123
3159
3492
3124
3160
3493
3125
3161
3494
3126
3162
3495
3127
3163
3496
3128
3164
3497
3129
3165
3498
3130
3166
3499
3131
3167
3500
3132
3168
3501
3133
3169
3502
3134
3170
3503
3135
3171
3504
3136
3172
3505
3137
3173
3506
3138
3174
3507
3139
3175
3508
3140
3176
3509
3141
3177
3510
3142
3178
3511
3143
3179
3512
3144
3180
3513
3181
3514
3146
3182
3515
3147
3183
3516
3148
3184
3517
3149
3185
3518
3150
3186
3519
3151
3187
3520
3152
3188
3521
3153
3189
3522
3154
3190
3523
3155
3191
3524
3156
3192
3525
3157
3193
3526
3158
3194
3527
3159
3195
3528
3160
3196
3529
3161
3197
3530
3162
3198
3531
3163
3199
3532
3164
3200
3533
3165
3201
3534
3166
3202
3535
3167
3203
3536
3168
3204
3537
3169
3205
3538
3170
3206
3539
3171
3207
3540
3172
3208
3541
3173
3209
3542
3174
3210
3543
3175
3211
3544
3176
3212
3545
3177
3213
3546
3178
3214
3547
3179
3215
3548
3180
3216
3549
3181
3217
3550
3218
3551
3183
3219
3552
3184
3220
3553
3185
3221
3554
3186
3222
3555
3187
3223
3556
3188
3224
3557
3189
3225
3558
3190
3226
3559
3191
3227
3560
3192
3228
3561
3193
3229
3562
3194
3230
3563
3195
3231
3564
3196
3232
3565
3197
3233
3566
3198
3234
3567
3199
3235
3568
3200
3236
3569
3201
3237
3570
3202
3238
3571
3203
3239
3572
3204
3240
3573
3205
3241
3574
3206
3242
3575
3207
3243
3576
3208
3244
3577
3209
3245
3578
3210
3246
3579
3211
3247
3580
3212
3248
3581
3213
3249
3582
3214
3250
3583
3215
3251
3584
3216
3252
3585
3217
3253
3586
3218
3254
3587
3255
3588
3220
3256
3589
3221
3257
3590
3222
3258
3591
3223
3259
3592
3224
3260
3593
3225
3261
3594
3226
3262
3595
3227
3263
3596
3228
3264
3597
3229
3265
3598
3230
3266
3599
3231
3267
3600
3232
3268
3601
3233
3269
3602
3234
3270
3603
3235
3271
3604
3236
3272
3605
3237
3273
3606
3238
3274
3607
3239
3275
3608
3240
3276
3609
3241
3277
3610
3242
3278
3611
3243
3279
3612
3244
3280
3613
3245
3281
3614
3246
3282
3615
3247
3283
3616
3248
3284
3617
3249
3285
3618
3250
3286
3619
3251
3287
3620
3252
3288
3621
3253
3289
3622
3254
3290
3623
3255
3291
3624
3292
3625
3257
3293
3626
3258
3294
3627
3259
3295
3628
3260
3296
3629
3261
3297
3630
3262
3298
3631
3263
3299
3632
3264
3300
3633
3265
3301
3634
3266
3302
3635
3267
3303
3636
3268
3304
3637
3269
3305
3638
3270
3306
3639
3271
3307
3640
3272
3308
3641
3273
3309
3642
3274
3310
3643
3275
3311
3644
3276
3312
3645
3277
3313
3646
3278
3314
3647
3279
3315
3648
3280
3316
3649
3281
3317
3650
3282
3318
3651
3283
3319
3652
3284
3320
3653
3285
3321
3654
3286
3322
3655
3287
3323
3656
3288
3324
3657
3289
3325
3658
3290
3326
3659
3291
3327
3660
3292
3328
3661
3329
3662
3294
3663
3295
3664
3296
3665
3297
3666
3298
3667
3299
3668
3300
3669
3301
3670
3302
3671
3303
3672
3304
3673
3305
3674
3306
3675
3307
3676
3308
3677
3309
3678
3310
3679
3311
3680
3312
3681
3313
3682
3314
3683
3315
3684
3316
3685
3317
3686
3318
3687
3319
3688
3320
3689
3321
3690
3322
3691
3323
3692
3324
3693
3325
3694
3326
3695
3327
3696
3328
3697
3329
3698
3699
3331
3367
3332
3368
3333
3369
3334
3370
3335
3371
3336
3372
3337
3373
3338
3374
3339
3375
3340
3376
3341
3377
3342
3378
3343
3379
3344
3380
3345
3381
3346
3382
3347
3383
3348
3384
3349
3385
3350
3386
3351
3387
3352
3388
3353
3389
3354
3390
3355
3391
3356
3392
3357
3393
3358
3394
3359
3395
3360
3396
3361
3397
3362
3398
3363
3399
3364
3400
3365
3401
3366
3402
3403
3368
3404
3369
3405
3370
3406
3371
3407
3372
3408
3373
3409
3374
3410
3375
3411
3376
3412
3377
3413
3378
3414
3379
3415
3380
3416
3381
3417
3382
3418
3383
3419
3384
3420
3385
3421
3386
3422
3387
3423
3388
3424
3389
3425
3390
3426
3391
3427
3392
3428
3393
3429
3394
3430
3395
3431
3396
3432
3397
3433
3398
3434
3399
3435
3400
3436
3401
3437
3402
3438
3403
3439
3440
3405
3441
3406
3442
3407
3443
3408
3444
3409
3445
3410
3446
3411
3447
3412
3448
3413
3449
3414
3450
3415
3451
3416
3452
3417
3453
3418
3454
3419
3455
3420
3456
3421
3457
3422
3458
3423
3459
3424
3460
3425
3461
3426
3462
3427
3463
3428
3464
3429
3465
3430
3466
3431
3467
3432
3468
3433
3469
3434
3470
3435
3471
3436
3472
3437
3473
3438
3474
3439
3475
3440
3476
3477
3442
3478
3443
3479
3444
3480
3445
3481
3446
3482
3447
3483
3448
3484
3449
3485
3450
3486
3451
3487
3452
3488
3453
3489
3454
3490
3455
3491
3456
3492
3457
3493
3458
3494
3459
3495
3460
3496
3461
3497
3462
3498
3463
3499
3464
3500
3465
3501
3466
3502
3467
3503
3468
3504
3469
3505
3470
3506
3471
3507
3472
3508
3473
3509
3474
3510
3475
3511
3476
3512
3477
3513
3514
3479
3515
3480
3516
3481
3517
3482
3518
3483
3519
3484
3520
3485
3521
3486
3522
3487
3523
3488
3524
3489
3525
3490
3526
3491
3527
3492
3528
3493
3529
3494
3530
3495
3531
3496
3532
3497
3533
3498
3534
3499
3535
3500
3536
3501
3537
3502
3538
3503
3539
3504
3540
3505
3541
3506
3542
3507
3543
3508
3544
3509
3545
3510
3546
3511
3547
3512
3548
3513
3549
3514
3550
3551
3516
3552
3517
3553
3518
3554
3519
3555
3520
3556
3521
3557
3522
3558
3523
3559
3524
3560
3525
3561
3526
3562
3527
3563
3528
3564
3529
3565
3530
3566
3531
3567
3532
3568
3533
3569
3534
3570
3535
3571
3536
3572
3537
3573
3538
3574
3539
3575
3540
3576
3541
3577
3542
3578
3543
3579
3544
3580
3545
3581
3546
3582
3547
3583
3548
3584
3549
3585
3550
3586
3551
3587
3588
3553
3589
3554
3590
3555
3591
3556
3592
3557
3593
3558
3594
3559
3595
3560
3596
3561
3597
3562
3598
3563
3599
3564
3600
3565
3601
3566
3602
3567
3603
3568
3604
3569
3605
3570
3606
3571
3607
3572
3608
3573
3609
3574
3610
3575
3611
3576
3612
3577
3613
3578
3614
3579
3615
3580
3616
3581
3617
3582
3618
3583
3619
3584
3620
3585
3621
3586
3622
3587
3623
3588
3624
3625
3590
3626
3591
3627
3592
3628
3593
3629
3594
3630
3595
3631
3596
3632
3597
3633
3598
3634
3599
3635
3600
3636
3601
3637
3602
3638
3603
3639
3604
3640
3605
3641
3606
3642
3607
3643
3608
3644
3609
3645
3610
3646
3611
3647
3612
3648
3613
3649
3614
3650
3615
3651
3616
3652
3617
3653
3618
3654
3619
3655
3620
3656
3621
3657
3622
3658
3623
3659
3624
3660
3625
3661
3662
3627
3663
3628
3664
3629
3665
3630
3666
3631
3667
3632
3668
3633
3669
3634
3670
3635
3671
3636
3672
3637
3673
3638
3674
3639
3675
3640
3676
3641
3677
3642
3678
3643
3679
3644
3680
3645
3681
3646
3682
3647
3683
3648
3684
3649
3685
3650
3686
3651
3687
3652
3688
3653
3689
3654
3690
3655
3691
3656
3692
3657
3693
3658
3694
3659
3695
3660
3696
3661
3697
3662
3698
3699
3664
3665
3666
3667
3668
3669
3670
3671
3672
3673
3674
3675
3676
3677
3678
3679
3680
3681
3682
3683
3684
3685
3686
3687
3688
3689
3690
3691
3692
3693
3694
3695
3696
3697
3698
3699
)


// ************************************************************************* //
