/*--------------------------------*- C++ -*----------------------------------*\
  =========                 |
  \\      /  F ield         | OpenFOAM: The Open Source CFD Toolbox
   \\    /   O peration     | Website:  https://openfoam.org
    \\  /    A nd           | Version:  13
     \\/     M anipulation  |
\*---------------------------------------------------------------------------*/
FoamFile
{
    format      ascii;
    class       labelList;
    note        "nPoints: 3208 nCells: 7241 nFaces: 17688 nInternalFaces: 11276";
    location    "constant/polyMesh";
    object      neighbour;
}
// * * * * * * * * * * * * * * * * * * * * * * * * * * * * * * * * * * * * * //


11276
(
1477
1992
4167
6211
32
1620
5418
5638
1196
1682
4003
1324
2479
3143
3374
1207
2475
960
4094
6237
6965
281
3418
6164
1669
1885
4969
1065
3406
12
952
3731
6642
956
3288
5019
7168
4337
5979
6555
31
4364
5441
5447
6197
3487
4065
548
1286
5130
5736
1352
2754
5879
6008
24
6138
1897
3805
6537
483
842
799
2374
5514
483
1850
5032
25
107
1804
7226
548
1685
1286
5130
1117
1863
1877
2859
3383
975
1981
2777
2848
4994
4815
5388
952
5128
952
3213
4354
4970
5757
2853
5195
2092
5162
5765
7001
2133
2464
6981
162
5632
5643
46
1115
2462
6272
1178
2200
5716
578
3240
3810
362
4142
6936
1018
4149
5180
2706
2897
5181
5536
4143
6011
2122
3588
3814
51
3546
5429
1541
2411
3314
5272
875
1193
3771
50
1835
2017
1537
1240
2959
5629
2085
6374
6686
54
90
3187
4502
1065
4380
6659
1156
1159
4123
1547
5144
5996
6246
444
1123
2154
7198
733
1708
2010
443
1221
3319
1527
3574
6100
6807
2935
3461
1249
3566
3567
6925
963
2749
6039
6730
4692
5082
6571
1960
4249
5227
5311
6298
6366
6813
1157
2730
3027
6273
6275
6845
1157
5228
5876
6581
4576
5464
5589
1188
2712
4136
5961
1049
1335
5246
6256
120
4329
5242
6045
2076
5088
6912
4132
5502
6943
2326
5492
4599
5084
1599
5650
5862
2757
5098
6585
323
2603
4530
1158
1423
2211
2714
4985
99
116
395
4652
682
6479
6931
2405
3175
5346
100
2877
5214
493
5101
6054
1958
4090
6914
7164
493
3590
5110
116
4380
4652
5253
5975
4140
4203
6480
2921
7072
835
6979
7165
4168
4169
5271
4873
4992
4993
1402
5711
6088
199
3788
878
4370
140
2783
4945
6082
6708
1138
3639
5112
6612
6670
538
4737
5122
1288
2102
7009
1030
6878
5535
6044
1489
6919
3599
6241
604
4545
5497
6419
3057
4092
4894
2252
4591
4987
6701
644
4500
6419
5609
6781
6919
2474
3742
2904
3659
491
2488
6229
1296
2896
6499
1339
4599
3615
4186
7008
126
3750
5838
3752
4184
1482
3728
4904
292
998
2561
4526
214
6808
2284
5582
129
275
5309
579
2755
275
4410
5844
3877
5404
1333
5325
6610
4163
4172
4622
6757
590
2556
5328
5602
1676
3100
2327
3115
5326
6610
155
211
4654
4815
2761
5506
768
3049
3087
4375
2940
5218
3031
5340
5420
6651
2517
3018
1601
4212
6750
732
1602
1634
3299
235
5500
5914
3432
5446
3534
4376
6435
1415
3655
3675
6709
2354
2358
5670
1246
4566
6328
3588
4424
1050
3475
4750
7106
1268
5009
6198
4382
6198
6297
3628
5661
6276
2139
3485
5435
6464
2116
3937
3324
3439
6024
994
1037
5217
891
3702
7002
1840
2764
4542
3297
4043
5661
3609
6372
1165
4699
5280
176
616
5513
3944
3946
6167
1157
1882
6581
1819
2557
5349
6222
3617
4809
2140
3408
3549
485
1906
7143
2201
6633
1571
1613
3518
6884
3992
5517
2333
5542
6989
1686
4424
5186
5336
2147
4656
5380
2057
2746
2286
2290
2953
4135
1133
2350
5382
5888
278
5169
1098
2540
2286
4114
7123
7136
1901
5410
6930
1729
4270
5253
1591
2645
4255
5257
514
3889
190
989
1463
2514
1729
3150
5260
6031
930
1061
6092
1550
3962
4175
881
886
890
6471
2152
6322
2247
2846
3579
875
988
2213
1943
2670
321
1535
6242
6710
2790
3297
4900
2983
3222
4519
6894
7119
205
1581
4532
5738
1028
6953
255
1752
3096
2834
2954
7037
3690
5696
1662
2337
6155
1211
1399
4195
3708
5306
6762
3536
5592
5848
6333
6063
5165
5196
5972
6640
588
6231
588
3919
4813
238
3538
4616
2228
5832
7137
245
2400
3258
5989
3517
3980
6067
1538
6038
6738
224
1349
3741
3969
1053
2765
7174
262
1746
3118
230
2084
2690
1305
2656
4776
6860
465
2084
2295
533
2662
1794
4387
6755
4850
6135
3499
5121
5391
5356
5654
6854
3260
5433
6770
608
5433
6770
3727
5500
1642
5656
6884
2190
6541
2791
5877
6816
6323
7135
2081
6239
1046
3964
3281
4554
6108
2401
3818
5821
5614
5814
6296
5623
6604
938
5930
260
264
266
2270
3063
6264
6288
256
1476
2207
4517
6749
3891
4263
4220
5729
6528
3102
5415
5481
2590
3644
836
2566
3779
5752
2270
5039
5680
6681
2423
2684
4060
1761
3994
2107
2976
3242
5704
3110
3364
286
4428
5451
1518
4214
4281
6509
286
1630
6733
1158
2390
5419
1575
2629
4251
4534
2152
3678
6458
4268
4741
391
488
2198
4545
4365
5068
6407
278
1001
2672
6277
1204
4596
6161
1579
3468
5230
2599
3223
5978
2663
1507
1731
942
2303
6652
4056
4479
687
6533
2253
5339
3756
6959
3052
3062
4570
1090
2598
291
836
4208
5471
4690
6391
2215
4965
6560
1910
3783
6215
294
566
5409
1698
2638
325
2176
5048
5480
1553
2354
4844
3007
5317
6744
6777
2020
2277
1445
5563
5761
1366
4777
5347
1039
3479
5657
5873
1510
1658
4022
6746
962
3479
5657
5854
3329
3494
4717
5204
3578
5182
5725
1582
5741
5742
1915
4997
774
1721
1383
3037
1574
4720
804
5115
1867
2948
312
2242
3860
3276
1023
3663
4049
7021
1216
2790
3291
3297
1899
2151
6484
3496
5733
6114
319
3774
6570
732
1628
1635
4259
4989
437
2803
5752
6404
2205
3996
5115
324
330
2807
1423
4438
6704
336
340
6911
966
5270
2780
5207
1660
1662
5222
5377
2413
5849
6567
340
4438
6911
2521
3193
4495
783
2928
5355
5428
5734
1660
2695
6969
1471
4747
6994
967
3097
1411
2120
5708
4775
6773
1765
3124
5048
5474
1629
5855
802
3023
347
6082
347
3881
5883
3269
4588
676
2605
3283
6604
6099
1467
6221
1910
6560
1438
2762
4013
769
7146
2297
4278
4586
3256
3593
5907
1508
5147
5938
3148
3152
3664
1655
2661
2707
1254
3469
5127
6021
1021
1796
7090
1393
2137
5208
6062
4272
4309
4581
4619
3062
4581
4619
2897
772
3148
4811
2813
3363
5718
5910
522
637
3410
2813
3409
5718
5905
2823
4226
705
5015
5327
5473
552
4174
6035
6061
378
1132
373
1772
6553
1545
2077
4351
6677
1319
2916
7059
2909
6002
377
3872
5070
695
3926
4630
3897
6022
2871
6720
1112
1962
3886
6014
384
398
4358
5131
1536
2624
4936
385
4669
387
3381
6748
7023
5730
1055
2694
5484
5489
396
2463
6998
1216
5441
5447
6368
470
484
4470
1070
4289
1262
1881
5261
1141
4913
2474
2475
2786
968
1694
523
2461
2015
4676
431
4244
1638
3201
3788
1386
1848
5423
3429
3780
5411
3022
4760
4769
2058
3284
3860
3195
3620
6309
1752
5243
1160
2101
4458
4895
411
413
5936
6136
2161
4884
6123
3389
5749
5931
417
6652
1929
3385
5749
2511
2522
6636
6818
1176
1478
4400
6137
1601
5131
5650
1492
6336
859
2115
5542
2841
5737
5936
3581
5349
6222
425
1626
6999
818
959
2448
2633
1577
2239
2715
1520
2389
4032
4716
5759
3464
3501
484
644
3128
4470
740
5590
5591
5842
3845
5272
432
2430
433
6186
1160
5545
2108
5558
7003
3658
5947
6674
1314
4695
4731
473
2708
6982
444
1123
5742
6807
1308
1689
2810
6244
487
1755
5308
1827
2145
4006
445
2731
6592
6851
6382
2454
3607
4443
448
452
3059
5971
2509
4159
6205
6233
3452
3656
5961
4467
4812
1080
1549
747
1940
3109
3403
3452
3647
4853
4856
3120
5971
6945
670
3565
6343
2700
3595
6673
6980
770
1613
1944
4959
4448
6393
6735
461
468
3425
1610
4472
4144
5221
5763
7153
940
2382
6076
859
1287
1996
7009
1309
6786
468
737
1842
2939
4399
4765
4712
3055
4403
6605
1451
3130
478
824
5674
2310
4378
1674
5510
1653
2626
6299
1952
4158
5669
560
4777
800
2740
480
4872
3093
4521
7133
4874
1304
3775
713
2090
2094
3074
1807
488
3801
583
3826
4577
1005
1717
5080
2373
490
5915
2109
6673
4500
5496
2508
4806
1658
4024
4964
4977
4349
7178
1907
6084
6138
4724
5796
2903
3164
4803
503
4383
1684
3599
5135
1399
5748
1866
2975
1708
3390
4367
4724
4742
1865
6901
1512
3436
4026
516
526
3463
6029
4306
4732
6004
2588
4006
4441
5477
2026
2416
3036
4061
2769
3243
4653
515
1251
2893
6504
1985
7115
1425
4557
3948
6050
4328
5808
6032
2182
7041
1557
2854
3371
5691
1258
4084
5234
5974
2711
3666
4440
7215
2008
2461
4528
3401
4562
783
1084
1307
2339
4673
2524
2529
764
5808
6021
1318
3534
529
572
3432
3809
1468
4070
4976
5909
6124
6317
3885
4536
569
1163
3735
6071
5449
3426
3435
3961
6274
6606
1297
1469
3653
3861
3368
5156
6319
6644
762
3455
4471
1227
1485
3737
5939
1208
1963
5703
5983
1696
5269
6209
6742
6897
975
1108
5489
1357
1535
2356
825
1983
2089
4684
2742
3709
3931
7201
2739
5567
1991
5735
550
4173
3969
6061
771
3665
4137
1281
3969
6261
1802
3010
4813
775
979
3477
6418
1974
3963
4770
4386
6083
1295
5820
6038
780
2195
6043
645
1992
2062
4504
1245
4508
4515
3571
6938
788
4183
4584
5739
2082
4830
6251
5148
5471
746
1509
4700
1767
4168
5283
2968
3527
6206
2968
3636
4667
6783
1489
2535
5831
647
2636
4002
940
970
2320
6076
578
1686
3810
6769
578
582
611
4266
3107
6271
2402
4836
616
3007
5309
5851
678
1932
3135
3815
7173
2830
3808
2301
4595
1322
1369
593
1003
1079
3979
6524
6636
1236
1238
3379
1238
2100
3884
1333
3024
1973
3794
4463
1788
4299
7085
2908
5871
1403
4838
5427
1236
2489
2885
1187
2045
3514
6069
605
1328
6069
1612
1751
1177
4835
5003
687
1590
5194
3130
4507
918
2026
3036
2042
3940
5297
606
4470
6047
6924
644
3800
922
1282
1927
7139
3903
1211
1399
6197
3430
4882
5668
616
2781
3910
3411
3777
6091
1266
6407
6611
1922
2145
795
4906
6209
2831
2993
6599
626
628
2628
6366
5398
6761
6891
2332
3179
4141
4658
6668
4433
5882
5886
3680
5750
1648
2632
6478
626
1580
5169
6277
3020
6298
1956
3045
4608
629
654
6268
883
6275
6366
1153
3983
6199
6282
765
3674
4520
802
5859
6086
1464
4246
4458
4885
638
1629
3996
2281
3773
1455
3286
6939
1345
1363
1649
3557
3911
709
902
5291
6390
690
3329
3816
3484
4703
4935
6959
650
2170
5693
943
4167
6960
3281
4554
5639
5922
5506
5769
3565
4055
6515
3338
3735
3163
3636
652
1203
3596
5872
2676
6960
658
6269
2389
4218
5185
657
1475
3653
6334
851
2173
3020
2345
5023
3804
5533
4614
4792
6474
5543
6147
3433
4844
6096
6294
6534
6742
1586
3261
7021
989
1518
3772
3787
1229
4413
4997
5002
1424
2174
4605
2378
3998
4450
6942
860
1808
6351
7226
4615
7083
697
1614
1622
2688
4248
4550
5008
2037
3180
680
1495
3963
4618
1634
4260
1933
2687
1488
4620
1936
2431
3582
5042
6661
1566
2384
2981
5984
4582
5588
5635
689
1386
1587
3482
4049
6533
1596
1250
2863
5753
4005
6085
698
4717
1957
3928
5081
1543
2337
2313
4323
4810
6422
1679
2293
1704
2750
4294
719
729
3638
4036
4863
4902
709
701
3622
7223
5525
6918
5882
4760
7193
3357
4909
2868
4718
5204
5291
1498
5330
7141
3699
5512
6477
710
834
3633
6119
3611
6085
1270
1409
5896
6115
1566
6729
714
4023
6093
1058
3695
5490
2150
1141
5792
6682
1388
3879
6986
993
1402
3930
3263
3524
6223
6300
2248
3907
723
728
1763
876
2178
7027
4302
7060
5901
728
2592
810
5947
6790
2654
4260
901
1103
1940
6874
4877
3966
5074
7057
1241
6142
2114
4918
6685
1241
3339
4567
5765
741
742
2309
2435
2439
5998
1812
1850
4325
4361
1314
4402
3259
5183
5476
2305
2309
4593
3502
4954
4968
2059
2308
1498
5327
5897
1677
4251
749
776
3683
5343
1925
1942
5959
2096
3415
2622
6823
1562
3146
3513
4332
5968
6948
769
776
5350
770
4894
1213
2289
3696
5794
3559
3838
2336
4454
7038
5653
5760
5969
1588
4718
7129
786
1797
6179
2932
3520
4756
1456
3668
6552
1985
3676
6417
1722
3608
6149
4737
4742
4746
1204
4987
5804
6013
1367
4939
6899
1788
3351
4987
1085
2995
6173
6472
2088
2535
5391
5343
2639
4135
2287
2986
1584
2857
1972
5012
2071
3019
4327
5348
1095
3378
779
790
996
6154
2172
3713
6144
1458
3483
3364
5911
6144
787
5233
6598
3032
3283
5621
5626
2964
5323
4119
2280
4165
1300
3506
1309
4773
6243
2372
3720
6153
995
1278
2351
2567
4021
2318
3055
4496
3497
5102
6251
6342
797
3737
2424
4509
6676
5941
886
4931
7213
801
1350
6938
842
860
6073
6556
7164
1358
4442
826
945
1726
5948
2172
2612
6135
1433
5397
2829
2900
4525
4527
3047
5608
6730
6841
1435
6730
4246
6077
815
5244
3230
6370
7138
959
2633
1389
1832
2099
6107
1227
3722
3737
3799
822
2051
4181
2367
3174
6072
1675
4079
6631
6857
1678
3167
3171
1378
6926
1840
3592
4542
5104
884
2822
6747
6974
4012
5924
6156
1664
4044
945
1169
5922
6156
1313
1818
4798
6225
1440
3299
4312
3629
6111
7075
841
4978
2692
2708
5269
1922
5896
6394
2828
6980
1553
2565
1425
2933
4556
4557
3133
5346
4021
5893
6332
3085
5151
5908
4057
5509
6921
4582
5812
1091
1539
5557
6971
916
2669
2670
4891
4892
6624
1394
4843
5692
1097
3699
1666
2694
5484
3524
5004
5010
5188
1405
3653
1297
1665
3817
6335
4674
6491
937
6314
6385
6784
1566
1666
2981
6325
6505
1287
1411
1996
2345
4950
6556
6914
2087
7010
2772
4910
2615
4904
5161
1810
2393
7188
4167
4185
6212
6960
865
873
980
5373
891
1197
4668
1782
4721
6898
874
3711
2864
5988
1371
3626
3977
2187
6387
7026
1547
1548
5160
2261
4204
2994
4352
7187
2014
3893
2171
1790
1890
4637
5881
1539
3871
6971
1312
2407
3500
6905
6385
7195
7213
1312
3495
6898
6913
3308
6813
885
3199
3293
4040
4757
1027
3949
5359
1590
3481
4727
6840
1835
1838
4432
4925
2343
4611
2388
2994
2722
7222
897
2275
4046
6376
896
4301
7011
906
1345
3444
4482
1104
1693
4298
4222
4298
6825
1220
1698
6551
2142
5218
3784
4029
4989
5799
910
1888
1917
5200
6954
1602
3299
5209
5829
913
915
4717
1087
2958
5329
2793
3410
3990
1429
1878
3206
3972
6051
3201
3205
3776
953
1940
6860
7082
1102
2510
4389
6636
5200
1282
1486
918
3494
2668
4889
6628
933
4092
6411
3351
3521
4783
3351
4299
4594
4783
3538
5655
923
1711
4374
1486
2611
4341
1356
1830
6359
6748
1597
3469
1715
3098
6378
7198
2039
4322
936
5395
5564
4374
5068
5837
4506
6803
2799
4543
4560
935
5330
1712
2322
7141
2890
5786
3981
6238
5175
5722
2264
3625
4779
7198
1667
2995
4692
5035
1875
4261
7083
3128
6419
6727
5502
7158
2190
6649
1829
2457
3300
3313
1704
3683
3832
6976
1174
2198
4545
1128
1185
3268
6201
1139
1958
2827
1712
3529
6416
7228
4099
2215
2630
3227
6560
1555
2949
4648
5019
1412
2348
4648
4322
4478
4804
7103
1292
4712
4735
5801
1969
961
2620
5977
1542
6237
5652
5853
6714
6731
982
1315
3957
1529
3079
2860
5522
3644
1131
975
2090
5490
5575
1663
3946
6472
2455
3350
3228
3454
3669
2251
4327
976
2367
6173
6472
2110
7184
7190
1736
4375
1273
3476
5316
1143
7187
1667
2382
7216
2456
4789
4155
5770
5815
985
5349
2057
7089
988
1463
2213
2514
1821
2410
6527
6250
5535
5793
7191
1768
3313
3718
4790
994
3344
5216
3122
5541
999
1735
2355
2172
4051
6324
2125
3709
3922
4197
1009
3247
4250
4818
4950
5023
2072
4117
4226
4288
2562
6070
6569
1955
3158
1355
6279
7080
1008
1013
2895
2899
5807
2827
3833
4384
1913
4287
6788
1029
4187
4818
1549
1770
1771
7018
1122
5617
6001
1024
1717
3952
4444
5825
6189
2023
2904
5176
5958
3792
4049
6533
1025
1722
1755
2373
2898
5176
1398
5372
6406
1556
3465
4309
5950
6799
1315
3718
4789
5561
1362
1576
4048
2415
2835
4483
1042
1724
4473
3180
5008
2040
4139
7058
4944
7170
1559
7168
1569
3719
1562
4714
5334
2459
3967
6643
2574
3661
4550
1606
5371
6055
1479
2818
4605
1605
4265
4267
6952
1699
5302
5551
6254
6822
2413
5018
5858
4578
5493
2971
4387
1043
1063
1755
2365
3343
3960
2977
5781
6754
1237
1933
5836
6543
1736
5284
3670
5568
6192
7136
1631
2297
5479
7135
2947
5935
1483
4751
4764
1932
2064
5024
1060
1324
7236
1071
1093
6930
1082
2523
4389
6636
2376
3083
5490
4210
6392
7219
2821
3895
1739
3079
2437
5473
2044
5108
3921
6102
1498
4593
5330
6411
2726
2950
5308
2475
2786
5437
3187
1093
2433
6049
6308
2160
4343
7213
1353
6297
3698
5289
6852
3354
6632
2331
2422
4190
4078
4079
4276
4634
3537
4080
4634
4268
5258
5266
6602
3555
6562
2312
2441
2698
4518
6896
2517
3440
4389
4390
1082
3002
2208
6837
4837
4839
7159
6532
3575
4698
6943
2737
4472
6598
4929
6158
1595
2562
4848
6070
4465
4475
4822
1630
3207
6733
2201
4405
5309
1137
1633
2531
1097
1099
4966
1594
3175
6220
5619
7174
2422
5619
1691
3226
2035
4345
6965
5557
2563
2983
5508
7194
7196
6105
7200
1494
1646
5681
3003
4390
6526
1925
1942
6872
1838
3478
4432
3611
6106
6795
3880
5875
3377
3380
5264
2694
1354
1356
2449
6354
5771
6014
1845
2532
6379
6544
1646
5874
6165
1114
2528
3369
4830
6542
1497
3546
3831
6662
1852
4348
4660
2766
2787
4362
1127
2435
5620
5998
1189
1366
1414
3176
4467
5385
1125
3646
2181
2873
2014
3893
7027
7032
2881
5617
5658
3973
6265
5600
5617
6128
2189
2238
2493
2468
3363
3373
1978
5487
3417
5038
3417
4350
5748
6091
4108
4109
5038
6057
5219
5397
6456
2304
6433
6437
2598
3215
2185
5487
5973
2832
3380
5264
6684
5264
3510
4755
4829
6379
4381
3322
6125
1505
2303
6348
4154
4922
5550
1737
1747
1983
1166
4836
4839
5594
1197
4386
4917
7000
6811
6997
2136
4033
1166
1168
4508
4840
5918
5920
5927
1164
2714
5747
1758
5747
4125
5532
6023
5417
3705
5539
5539
1787
4793
5682
6500
2181
2873
3274
1400
4667
4671
1787
2447
7056
4686
4694
4697
4411
4774
2315
2781
4422
4837
4839
4547
6109
6648
3708
7216
3003
3979
1267
2034
3900
4985
2568
3624
3878
4854
3986
2938
4786
6292
1308
3942
4702
1268
2705
1907
3376
5044
6682
1715
2873
1361
3750
4184
1183
2781
3910
5055
1197
2006
4668
4670
1188
1192
4136
5450
5639
3366
5839
6065
3715
3934
3533
6444
2015
4116
4676
5259
1629
3393
6075
6614
2189
3654
3915
2214
5192
2514
5800
2677
4487
4569
4487
6510
4381
1748
2122
3088
3594
3884
4455
4531
4596
4991
5781
3993
4035
5062
1794
3730
4387
4725
3579
5642
3734
4058
4217
5179
3544
4406
4502
4652
5254
7163
2523
4817
1242
6168
6572
5632
5661
1508
5147
5469
6304
2937
5982
4146
4147
6166
7049
1825
5170
2586
2723
1903
2647
4466
3158
4430
1902
5147
2561
4600
5604
2216
6100
6806
1880
2489
6357
1362
2403
4049
2777
5526
1892
6761
2401
5263
5610
1432
2186
1231
3738
4356
5000
4088
5823
5981
1384
3857
6286
3762
5324
6176
1934
3852
6587
2835
4745
5581
1598
1793
6853
1239
6174
6538
2874
5210
5631
5829
2483
4820
6176
2132
5429
6078
3189
5362
6955
2458
4328
6048
2567
2578
3689
4854
4837
1823
1828
3462
3515
3732
4522
5456
5930
1517
5760
5969
1937
3732
6230
4346
5073
5664
6906
1449
4828
1597
3462
4159
1997
4693
5035
2865
4112
5065
5064
5664
5849
6568
4158
6429
3110
5426
7040
3473
3520
2883
4947
1870
4338
3626
3751
3977
6964
1279
2608
6589
1277
5608
6200
3827
6615
2211
2233
7069
4763
1563
2768
5092
5865
7129
1561
1988
4109
6172
2800
6747
3473
5599
2313
2322
4086
3091
3867
5510
2538
2938
3938
5615
1815
5009
2725
3740
4864
4739
4740
1349
1458
4174
3825
2828
3595
4205
2306
3693
4707
2134
2263
4865
6964
6983
2000
4166
6990
1298
3140
3962
4173
1298
1816
3741
3969
2879
3875
2096
4723
5774
3265
7208
3606
3631
6246
7017
1531
6033
5150
5743
1664
3368
1550
4528
3606
7024
4768
6786
3450
5057
3134
4097
6249
3790
3966
4300
4799
3811
4872
1318
2295
2681
1791
2262
3734
1944
6879
4694
6690
2295
4771
1331
3198
4010
4484
3499
4773
2236
4721
1317
2576
6222
4439
4735
3955
7015
2711
5069
1824
5364
6210
2656
4985
1829
7054
3024
5779
2567
3111
4763
4835
6202
6204
5565
7238
1326
4194
6208
6210
6566
3072
6442
3366
5109
5798
6855
1341
3972
4392
6605
1346
1680
1868
1795
3460
5109
5120
1879
4039
4239
4241
1336
5248
5251
1339
1340
1990
1995
5127
3155
6047
6767
5251
6311
1784
3055
3058
3480
4171
6842
1344
2408
5362
4855
4886
1867
2417
3775
3166
4510
6868
7117
3367
1846
2871
3137
1373
1416
6281
5771
6591
2370
6200
3837
6350
7205
6259
6985
3837
6267
3779
1710
6283
6327
2925
3138
3144
2332
6074
5103
2847
2789
3179
4358
4364
6647
1368
1370
5607
1847
6444
4096
4520
6446
3591
4525
4527
1371
4864
1394
3338
4891
3862
4889
6629
1935
2064
5995
1391
1844
4812
6287
1392
2025
6293
4208
5402
4181
5566
2289
6040
3626
4644
4234
5504
6597
3814
4447
6461
6094
6294
1387
4213
3236
6080
3857
2963
3851
4531
4262
1831
2340
3610
2183
2590
3956
1623
2625
4649
1844
5031
3405
5885
1400
3437
5374
6188
1982
3793
5430
5883
1733
5174
5294
4462
6658
1406
6071
5633
5646
6563
2125
3122
6507
2643
2646
5674
6319
2606
3862
4492
2948
3778
6373
1439
4073
5543
6939
1420
6112
3913
6150
3288
6978
2272
4878
7025
4559
4867
4877
4882
4492
1418
3618
3839
6305
4833
4841
6901
1533
2429
2553
3629
1858
3892
6310
1976
5146
2807
1938
2292
4555
1439
3913
5547
6933
3781
5389
5511
1653
3224
6628
2592
4555
4651
1649
3703
4846
5153
5256
5943
5039
7086
1485
5153
6796
7229
4934
6016
6318
3800
3903
6727
2599
4011
1455
6146
5209
1504
1979
4861
6369
2281
3216
3652
2501
5913
6097
2498
3202
5913
6098
3671
4002
6400
6666
3322
3616
4237
1818
6828
1503
4237
3322
4239
4241
4452
1462
1688
3340
4895
4245
4246
4885
4297
4772
4537
6513
1481
3976
6217
3120
5293
3367
6043
2425
2782
3890
6315
6505
6862
1520
3013
7112
1731
2198
3772
3784
3983
5245
6888
5866
6639
3109
3659
5688
6275
6845
3806
4024
4026
1475
4044
4256
3504
7068
4657
4955
1475
2372
4051
5929
2028
6392
7030
2279
2477
3934
1707
1872
6325
1480
1999
6814
7006
1482
4912
3279
6657
1484
2555
3015
4750
3982
6657
4597
7078
4275
5155
6749
2209
2177
1711
2856
2878
3992
4522
5458
1495
4905
6341
1625
4047
5684
4261
4615
6535
6574
3541
7145
1508
1526
2840
6535
1778
4310
6159
4083
4323
1504
2704
6346
6349
4562
6028
2705
4682
3446
6346
3898
5695
7046
3004
6646
1516
6736
1521
3807
2328
4279
2636
3671
2638
4285
5595
5738
3763
4279
6900
1526
5731
6787
3567
4113
4220
6250
2225
3341
5826
1554
4062
3436
6746
1523
1885
1887
5058
1524
3812
6389
1671
1885
4971
1887
2496
6388
3250
4085
3522
4592
3472
3574
4061
7095
5484
6932
3284
3860
4078
4079
6034
2891
3106
6462
4425
5893
4122
4307
5030
1651
5752
4074
4666
6313
4054
6793
4174
6058
4960
2444
4707
2098
2406
6476
5772
2906
5221
2065
2673
2906
4810
3577
4115
3745
6526
2267
5150
5986
3265
1816
4754
1716
1770
2440
2887
1567
6623
1574
2389
3294
1641
5236
2182
4574
2162
2909
5548
2142
5074
5302
7077
2348
1725
6558
6941
7127
1895
1965
2775
2519
2768
5675
5308
7238
2358
3779
6476
7004
7193
1792
2500
6519
1792
2508
3136
6517
1572
1954
4616
6884
1574
3294
6528
1578
6821
4450
5454
2192
3657
2629
3468
1583
5189
6277
1585
2628
2823
2637
4238
2342
1677
2629
2672
2532
6438
4226
5230
6277
3482
7019
1591
1596
6127
4863
3336
3349
5719
5824
1596
2645
3482
6942
4628
6167
3080
5585
5848
6333
1824
6566
1714
2572
4407
6126
6233
4603
4896
1600
1748
2961
5129
5340
1932
2064
4199
5641
3139
3488
4356
1622
4896
6950
3971
4329
5239
5935
1955
4211
4859
3556
6434
2544
4178
2136
5825
6402
4865
6588
1950
1951
4265
4863
7129
1843
2250
2973
6875
4493
4498
4831
6266
4272
4309
4369
6632
2409
2470
4781
2744
2751
5220
3729
6836
3358
6263
6270
1931
2685
1652
4824
6291
2478
4565
6321
1862
5441
4697
4702
6381
5387
5632
1637
1640
6142
1633
1757
1640
3827
4319
1657
4841
6901
2169
3995
1635
4312
1637
4260
3288
6557
4282
5479
4892
1645
4908
5772
4610
6140
2759
5019
1643
5945
7111
3834
4959
6884
2066
3856
6448
2519
3486
5096
1962
5880
1894
4221
6859
6862
5662
2689
6518
3209
4008
6934
1869
2356
2550
2625
2626
4868
1655
1828
4289
4272
4598
5509
6649
3916
2215
2642
3454
5164
6215
1675
1681
1992
5720
6552
2165
4636
1678
2320
1665
3647
1670
6181
1983
2089
2798
2735
4000
2995
3536
3706
2652
6663
1808
2774
4182
4910
1749
1920
4866
2095
2709
5178
1679
5377
2075
3578
5189
6631
4557
5389
5511
1683
2293
6969
2734
2065
2165
5955
6483
1991
3605
5517
2825
5262
4572
4887
5407
1946
2803
1691
7148
4294
2882
3631
4514
3478
6386
2463
2678
2797
1704
1705
2732
4294
3914
5270
1967
3357
4353
6804
2361
2845
4363
5142
5933
2728
4951
5238
4981
5001
5453
6415
1705
3683
5343
7146
6975
2724
7148
4404
6605
2372
4045
4897
2123
5765
1772
4314
4648
5775
1723
4418
4442
2611
2671
4804
1972
4518
4943
1742
4565
4575
7200
1864
5606
4746
7035
3711
5620
7206
1949
6882
2911
4295
2312
6417
4483
6834
2789
3104
3179
2824
3952
4384
4129
5240
6463
4012
4057
5509
4816
5357
7171
4914
5720
6217
6521
4271
5252
4145
5297
6216
6946
2817
4053
5425
2012
6908
6918
6947
2013
3064
4950
2987
2843
3979
4811
6524
1747
3921
5357
6595
7169
3544
3753
6307
2001
4407
4521
2219
2872
4126
4955
5507
3576
5006
6647
1982
5426
5431
2094
2124
2575
3627
3375
3635
4036
4305
1843
2973
5412
2581
3395
1759
6958
6255
5843
5850
6776
3994
5036
5682
6951
3645
5159
1896
5966
6295
2270
4431
1764
5729
3197
3655
4877
3784
4029
2820
3895
1778
1783
2077
4536
3053
6003
6006
7214
2357
4705
6719
4151
3265
4761
5606
1783
6678
4507
5916
6728
3260
3797
5944
6885
1782
4721
5841
3302
4916
4926
6958
5775
6669
2045
5622
2212
2506
5776
1782
2675
6553
3980
4392
5107
2497
3623
5536
7046
3248
6788
4983
5747
3119
4942
6549
1803
4639
5731
2977
2495
3607
6848
6171
6194
2054
2834
3950
4730
4820
5324
4541
5889
6848
2914
2917
3547
7154
3330
4087
6802
7144
2427
5746
6856
3923
2338
3844
4085
4748
6122
1806
4290
2640
3844
1850
2256
6921
7175
7176
2779
4678
2994
3905
4352
1813
3937
5612
7232
1852
4152
6984
2546
3029
6620
2184
3254
3938
5615
6200
3489
6261
1825
1838
4890
2576
2394
2395
2404
2537
2538
2938
2414
7061
2057
2414
7063
7089
4566
4570
4598
6220
6222
4925
6609
6910
4544
4254
1905
6360
1908
3609
2340
6096
6365
4300
6177
3284
6631
2650
5739
2134
4792
3187
3749
2017
3367
4169
5687
3928
5081
5403
6117
3498
6253
4625
4649
6293
4480
6414
4508
4840
6938
4777
4784
4795
5871
3246
3639
5431
4349
2650
5739
7091
1863
4325
2894
3394
4422
7156
2900
6163
2957
3561
5392
7186
2658
3200
3207
3618
6467
3770
4007
5534
2183
4263
6740
2263
2608
4864
5607
2153
4198
7231
5600
6001
2158
3200
2923
4862
4874
3889
4557
7160
2541
2983
4519
1881
2678
6993
2577
5048
6739
2806
4263
6740
4405
5123
5851
2704
4685
3420
3803
6348
2451
2771
4638
1891
6409
3324
3679
4858
6356
4663
4747
6506
1889
4034
4266
6769
4687
4907
6897
2735
4398
5123
5847
5851
2734
4019
3824
4665
2315
5790
5521
4519
4428
5451
1904
2813
5713
2391
4004
4326
3936
3234
5591
5789
3027
4639
5521
2802
4108
6902
2268
3678
6482
5448
5463
3151
6049
2635
4941
4046
4432
4584
6902
4641
3878
3381
5721
3604
1912
3248
5700
4020
3742
4380
4462
3244
3247
5603
4529
4532
4534
2216
3259
3319
5476
5823
7033
2970
5152
6129
1925
1934
2683
1986
6367
3319
4505
3242
6869
3347
5092
4459
4366
4373
1930
2193
6023
3852
1930
6136
1934
2683
3825
2342
2866
3034
3329
3383
5917
6185
5931
3661
4550
4896
5963
3824
3339
2229
2686
3558
5482
4601
2699
3303
3310
5011
2627
7108
7109
7098
2540
6409
1951
4673
1972
1975
1987
6917
4699
5235
5876
6020
3268
3715
2039
4940
3518
5990
1956
3045
5041
5403
2744
5225
5499
1956
2601
7064
5764
5527
7125
5223
5338
6855
2053
2935
3460
3427
5300
5577
6000
3346
5050
2770
3361
5254
4090
4161
5768
1988
4338
2290
7150
4638
4646
4660
2068
4181
6957
2035
4114
5250
2809
4203
6967
6907
6324
3412
4680
4940
4943
6882
5034
5417
2156
5243
5923
3795
4945
2383
2705
5111
5112
5906
7132
2093
2804
3118
3219
2094
2817
6336
1987
1989
2832
4940
6417
2678
2797
4669
6084
2926
3948
3090
5138
2095
4227
5985
2207
3813
5457
6205
2113
6685
6889
2002
6929
6212
7183
4417
7167
2360
4075
2761
4024
4026
6746
3012
3484
4486
3145
3813
4034
5457
3700
3726
2015
3700
3741
2428
3630
7199
5538
5058
6090
2106
5167
2725
5527
5973
2440
5648
2277
5494
5495
6929
7011
2092
2106
3360
5168
4265
4267
5891
4693
5501
2904
5184
6717
6410
6789
6792
6831
5180
5184
6936
2067
4125
4373
6182
5026
3819
2066
2306
3856
5570
2141
3134
4097
3416
4143
5780
2141
2182
2820
4574
2447
4277
7056
4938
6824
6872
3904
4219
7069
2036
6890
7059
3584
3900
7066
3032
5025
5030
5132
6431
6416
3112
6698
4587
6037
5992
7050
3854
5995
3960
5834
4259
4610
3514
3752
4946
2922
3146
3513
6178
2824
3343
2175
5796
5798
2448
4710
6963
2971
4725
5583
7073
5227
5798
5802
2919
3459
4303
4677
6882
6917
2066
6957
5873
4124
3676
4739
7103
2673
5955
3101
6928
3064
4069
5631
5221
6422
2108
4244
5545
4710
2952
2998
4150
2080
3923
5323
6110
3924
6418
5596
5818
2299
3379
4995
6179
2254
4152
7231
2205
6280
6429
3577
6669
2294
2296
4995
3523
5279
6766
3379
4995
7172
3497
6342
6414
2769
4749
6455
2117
3705
3049
3087
6780
2112
2113
2115
3493
4375
6699
2093
5573
2677
4970
5762
2094
2822
2105
3091
3424
4700
2370
3047
4832
6200
3845
5558
6374
2335
3157
3603
3902
5745
6685
3685
4611
7182
2105
2891
3106
5593
2709
2886
6113
5134
2117
4360
3597
5178
5593
2395
4408
4852
3316
5273
2114
4734
3316
6971
5706
3964
6620
5545
6374
3399
4867
5186
5344
5420
3022
4966
2851
4733
5708
3586
3596
3390
5093
6104
3586
5335
5862
2146
5711
2127
6360
2460
6619
3397
5129
5335
5862
2134
2263
3241
2760
4561
7012
2154
2184
2801
4379
2330
3035
3238
2473
5628
2258
5124
5524
6399
3614
3622
5207
2929
4862
2144
2793
3410
3405
2870
7030
5579
4808
4893
6880
4883
6464
4023
3709
3879
6986
5378
5384
2625
6364
5528
5531
7024
3414
4441
3651
3677
3628
4775
7202
3660
5140
3690
4571
5920
4097
6005
2169
3215
2598
7086
6003
7197
2168
2170
2854
3619
7044
2166
2606
3648
5648
5649
5658
2337
5221
4667
6783
6199
6888
4884
4885
4903
3200
6732
4191
5807
3794
5929
2615
5802
2587
3644
5699
2535
4183
5830
4967
5777
3793
6285
2603
5480
2801
2810
2795
5430
5797
5883
3443
5256
2188
2238
4388
2208
2436
4153
2192
5673
5948
2197
5717
2238
2239
5532
2197
2377
3141
6109
6425
3619
3896
6895
4681
4335
6162
2204
3986
4682
5313
2634
3803
3080
5163
3275
4681
5716
3290
4626
4916
2239
7018
3412
3958
2217
2231
2447
3904
2233
6695
4025
5799
3771
5590
5591
4022
2776
5954
5282
6905
2375
2386
2542
4510
4787
2221
2652
2222
2660
2831
3240
4339
5318
5845
2226
5472
5899
3853
5836
5046
5051
5052
2659
3812
4035
5055
3798
5795
5963
3168
5123
2236
2583
5841
2557
2576
2447
5776
2242
2413
5969
6920
4280
6905
4438
5037
5474
7026
6837
2244
2922
3138
4305
3321
5861
5997
5657
2244
3375
4296
4693
5220
5498
5499
3546
5734
2564
3394
6339
3635
2257
2275
2855
2975
4958
3683
3832
2253
2259
7088
2256
5249
6442
7176
7217
4152
4910
4066
4932
6132
2262
5038
5898
5519
5988
6701
3977
2419
6139
6378
4236
4363
5142
4222
4990
7126
2882
3631
5160
3651
3655
3660
2855
4046
4584
3767
5292
5936
6136
2934
3406
5376
6753
6024
6464
4223
4728
5766
6735
3843
3401
3769
4503
3452
5688
5494
5546
5970
2595
2283
3153
6214
6257
2287
4150
6207
5568
6192
3059
5971
6030
2943
6192
3148
4103
2591
3000
4449
6218
4162
2920
5215
5705
5788
4037
4089
4605
5955
4816
7172
2657
2299
3508
3827
2679
6302
6400
6026
2305
2880
3048
4593
7173
4308
5562
5393
6456
6691
4608
2472
6957
4228
5381
6394
4730
5327
5950
2314
2317
3065
5267
5277
6034
4805
4083
4512
2371
5363
4266
2336
2371
2913
7049
2371
3114
4018
5107
5296
5394
7234
2380
3332
4537
4478
4921
6759
2326
2334
3370
4202
6326
6452
3550
3100
5117
2676
3011
2808
4362
6353
6078
6850
4842
6758
6930
6616
3874
6988
6996
4336
3587
6107
4426
4427
2543
6574
4729
4005
6085
3014
3026
3836
3858
6766
7195
2346
3165
6239
6260
2674
4819
6236
6314
3045
3050
5990
2349
4068
6678
2597
5386
5877
2355
2759
3382
3385
3370
3883
6424
4513
5409
4069
5478
3776
4139
6525
7058
2965
7035
3840
5494
5970
3638
5074
2368
2369
3047
2374
3073
5514
6445
6506
6577
7071
7081
2726
5108
7240
4463
4838
2375
4827
6985
2370
2507
3717
6834
6351
6442
2379
3174
4126
4752
5507
4554
4875
5444
4620
2542
3946
6472
6181
2982
3780
4513
5406
3958
4663
4747
4758
2736
4162
2547
2415
6834
2393
2997
4214
2990
3239
4436
6862
2593
2595
5709
2480
2557
2405
6220
2412
3082
6476
7193
3536
5592
7155
3458
3810
3704
4733
7194
5614
5816
3258
3573
5594
7122
6127
2405
6042
7089
4851
3314
6686
3501
4059
3707
4009
6469
5832
7062
2412
5512
7192
3025
5571
5795
6042
4383
2613
3822
3198
4872
4874
2570
3183
4199
6308
2428
3625
2771
3388
5979
6669
4842
5410
5597
3723
3652
3947
4074
5626
6313
3637
6708
3209
3214
7053
3273
2433
4425
6308
3845
6374
2434
5835
5991
2433
3016
5619
6778
3582
6867
3334
4388
4922
3866
5330
5052
5655
6539
4154
3648
2664
4083
3325
4276
3572
5672
2448
6688
3226
4138
4627
2459
2460
6359
7023
3584
2452
3162
6358
3342
4429
3345
3864
2459
3971
6359
5099
5247
2731
2984
6227
2467
4952
2457
3348
6004
6721
5371
6183
7228
3509
5627
5868
6844
4340
4663
2470
3962
5329
4657
5261
7181
4542
5100
5983
5906
6670
3336
4156
4794
6398
2506
4297
4793
2633
4181
5570
5868
3749
6880
4134
7192
3654
3104
4141
5572
7238
7061
5364
6210
6569
2484
7230
2912
3884
5423
2486
4714
4082
4779
3374
4111
2899
3893
2508
2984
7051
3311
4807
7210
7224
3311
4640
7210
2494
2503
2786
6880
3268
6578
4808
5026
5385
2500
6592
2733
4490
4573
5193
5909
6125
2503
4649
6364
6470
6520
6124
6863
4385
4806
6517
3978
5385
2505
4007
4934
2573
4933
2913
3474
3607
2525
2984
6227
2515
6526
2516
3153
6524
6565
7085
3787
4281
2522
2522
5586
4817
2521
2790
6012
3762
6026
2586
6818
3764
6027
6205
6229
3764
4391
6538
2539
3745
4390
7101
2545
3991
5102
4475
4822
2531
2533
3995
3212
6542
2534
2648
6732
3506
2580
2591
2839
3008
6559
6288
2591
3000
6680
2541
2550
6409
6158
3836
2927
4999
3161
3497
6162
5612
5946
2549
2559
2549
2559
6722
7122
7159
3201
3788
3071
4548
4831
5106
2559
3169
4628
7147
6778
3668
4879
3220
3959
5331
5333
4071
4973
5671
3174
3252
4287
3247
5595
2589
2565
5689
2829
2846
5368
2983
5752
4208
6404
2578
4855
5362
6358
7205
4015
5864
2579
3504
3747
4764
4848
6321
2587
4007
6740
6603
3088
3203
4933
5047
3684
5486
2580
3001
3008
7068
7101
3591
6402
3021
5469
6304
3302
4320
4076
5956
7065
3005
3414
4495
6368
2590
5047
4016
4224
5666
4575
6740
2838
7025
2594
6937
2595
2610
6512
3216
2619
4822
4656
5388
2604
2609
6946
2908
3968
4859
2606
3862
4516
6911
4957
5915
3180
3271
4549
4221
5903
6475
2969
4038
2618
2762
3209
4008
6302
6400
5166
7130
4072
5257
4689
3257
3818
5610
3308
3849
3275
4685
3140
4173
2836
3688
5096
3751
4958
6588
6809
6833
7134
2630
2642
3672
4923
6866
6883
7111
4583
6278
4052
4879
3182
4234
4824
4231
5504
4707
2704
6346
5465
5469
5937
4026
5506
4052
4247
4533
4526
4959
7105
3848
6371
4968
4986
5470
5937
4964
3985
7239
2646
3198
4010
3481
4242
6376
3613
6310
4063
4066
4324
7124
4054
4499
3821
3850
4564
4971
3481
4065
4324
6380
5479
7135
4583
5230
3154
2681
2690
2862
3859
4833
2660
3910
4690
2831
4035
4369
2690
6435
6438
2672
4489
4512
4739
7103
3494
4304
7130
2668
3204
4892
6624
3270
3271
3283
5746
2670
3206
5692
2683
2856
6666
4052
4740
4161
6914
4068
4536
2826
6774
6992
6396
4856
6859
6258
7082
3890
6487
4099
4846
6513
6518
2688
4248
5022
5033
5209
5829
5865
3210
3911
3951
2857
2700
4204
6982
2891
3030
3522
6857
3951
5709
6641
4543
6679
7114
6893
6903
6907
2863
5753
6877
3914
5556
4157
4899
5089
3059
5553
4369
6632
6798
3899
5184
5310
3301
4598
2709
5556
3597
2718
5077
6877
4401
4368
5553
3456
4914
5720
4151
2915
3632
5212
3196
4120
4581
4269
6329
2751
5076
3697
5993
6040
2751
3566
5220
6925
4772
6503
3291
6195
2732
5229
5525
5565
7230
2905
4322
4478
6608
4590
4953
5339
5223
5311
3515
4138
2738
4019
6665
5058
4019
4696
3670
4317
3509
4465
6710
4017
4031
6664
2742
3931
4406
6935
4961
4980
5589
2760
5531
2840
5448
6301
2753
5767
6117
5196
5972
2750
3832
3306
6395
6731
6796
7080
3926
3961
4835
5461
5616
3331
4333
4908
5676
4398
5081
5234
5672
5974
3585
4094
3251
4928
4197
5530
3782
3637
6512
4084
6580
7140
4540
5625
2770
6713
3069
4182
3486
5090
4325
4647
4353
4362
4313
5249
7226
2779
3421
4670
7178
7217
3688
5099
3263
6303
6805
5004
3525
5132
6431
4116
3173
5134
2783
6285
3223
6099
2788
4565
4575
3341
4107
5033
5881
4653
2789
4654
6191
2861
3553
5007
2796
5890
3083
5575
2801
4128
3428
3917
5401
3417
4350
3074
3562
6446
3863
6967
4400
6057
2810
2822
5255
3365
7132
3901
6315
6325
6739
5254
6699
6968
4400
2819
5282
2815
4106
4440
5907
4113
5073
6906
4409
4695
3485
4655
5435
6290
6508
6352
6522
2870
7041
2854
5549
6683
6278
2965
5275
5516
3011
4185
4703
7125
2894
4577
7092
5513
4669
4683
4585
4704
6268
2837
3459
4383
4743
5977
6012
2954
3457
4471
2839
3503
2932
4645
5466
4535
5933
2846
4525
4684
6973
5171
6551
2859
2896
5917
5816
5814
3879
3931
4505
5618
5740
4734
5706
3384
6240
7176
3320
6296
5540
5959
2862
4278
4282
5479
5986
4131
6017
6876
6243
5644
5113
6672
4110
5064
5664
3036
3494
7130
2868
4304
5204
5891
3553
5751
6866
6883
3371
5548
2872
3137
2885
2912
6289
3875
6245
7204
2884
5144
5685
4587
5213
5705
6408
5996
6246
3057
4729
6411
3847
5651
5743
3295
3846
4535
5142
2908
3968
3078
5593
2893
7032
2895
3450
6498
3451
4967
5649
3098
5649
5651
7029
2900
5150
5986
7016
3402
7029
5181
5293
7028
3623
5061
6248
2908
2936
5871
2906
3953
4789
6494
3894
4216
5315
6011
4144
5784
2936
7166
2946
3067
3542
3550
6667
6718
7048
3542
5350
2929
5136
5208
3461
5122
2944
7055
3116
5554
3790
6177
4629
4834
6473
4060
4537
6513
3748
6032
3139
4999
6457
4962
5338
6561
2955
3475
2934
3778
4651
4556
4249
4803
5423
2945
6190
4481
4768
4776
4719
5216
5217
2949
6432
2954
4745
2951
2953
5582
3317
3317
5993
4146
6203
6256
5389
6677
5299
7230
2998
4150
5580
6257
3665
7150
3504
4764
4963
6584
5677
6454
4391
5732
6397
4170
6152
3594
4578
4799
7076
3855
4457
6365
4316
7152
3952
3427
5214
3684
6337
2972
4572
3188
4444
6469
4239
4453
6196
3340
6206
6059
6588
2985
6474
6875
7185
6875
2985
4614
3730
2982
5151
3682
4744
5714
3682
4744
5277
5283
4662
5488
3433
6412
3242
4629
6151
3087
5284
5833
5585
5724
6063
3440
3503
6680
5412
5696
3695
4126
3153
3970
6257
3005
3267
3702
4929
4042
4468
5701
3421
4668
5707
3975
3986
4682
4331
3747
4347
3152
6635
3275
4685
6349
3328
4410
5196
5404
5850
4756
5320
3011
4924
5154
3488
5000
4935
4626
4028
6269
3747
3177
6594
7152
7068
7101
3471
5169
5636
3392
5325
5602
3082
4133
3027
3848
6273
3849
5637
5638
5119
6617
7232
3033
5741
4212
5637
4302
3034
3816
3036
5741
5732
6080
3040
3043
5654
6272
3066
3547
3236
5352
5353
3507
5468
6320
3477
5975
6421
5353
6850
3821
6950
3048
5369
5379
6188
6039
3050
3057
5121
7142
3408
4461
3310
3353
3686
5283
7119
4634
5853
3071
3777
7075
7235
4673
3358
3973
6270
3066
3840
5231
5003
6266
3938
4832
6041
5973
6056
6425
3067
3068
3840
3540
3550
6873
4152
6984
3072
3693
3856
3358
4496
3073
3075
3856
3695
3692
4177
6445
5680
6437
3081
4207
5406
4205
5489
5578
5399
5755
5994
4752
3362
5910
4201
5405
6443
3157
4457
6365
5830
5867
4355
4359
6468
3602
6621
3092
4227
3106
3867
7189
4849
4530
4672
6705
6693
6995
7211
4672
4445
6911
3254
4752
7181
3115
4504
4558
6935
3103
5702
4845
5415
4418
4565
3246
4850
5424
7190
6283
6616
4491
5459
3402
5962
3249
4527
4854
6163
4944
3117
5529
6986
4427
4713
7222
6087
6452
4719
5791
3121
5564
3881
5202
5958
3122
3231
6986
6377
3426
3724
3935
3126
4574
3457
3950
3132
3957
3725
5333
5856
3802
6711
5436
5497
5914
4470
3142
4002
5769
3134
4574
7015
5866
7063
7219
6461
7042
7052
4558
6935
3143
4296
6187
3509
4465
4875
4979
5445
6108
3144
3146
7236
3147
6734
3374
5155
3149
3152
3153
6524
5252
5818
6726
6180
4481
3511
3531
4860
6289
7064
3160
4342
7007
3161
3369
3165
4342
3967
6354
4661
4859
3497
6262
3168
6307
3169
3946
6167
3569
3171
3174
4461
5369
5376
6660
3997
4457
4531
3627
4435
4821
4808
3178
4425
3181
6572
6327
3183
4425
6332
3253
3712
5864
4625
4629
6473
3186
3545
4781
3188
6589
3190
4781
3285
3299
3591
4444
6402
3192
4495
6195
3194
4446
3984
3199
4495
6600
6305
6467
7090
3431
3660
4972
3293
3985
4833
3204
4039
4235
6129
6750
3205
3206
6626
6409
3598
5867
6459
3210
3214
3216
4330
4631
5451
5371
6055
7228
3703
3951
3883
7161
3220
3228
3807
3793
7040
3221
3227
3976
4879
6623
4945
5797
4807
7224
5483
6344
4294
4621
3228
4020
4022
3235
4029
3545
6981
4262
5395
6377
3759
5722
3311
3328
5667
6060
3235
5728
5789
4642
3447
6783
5353
5355
6080
6487
6491
7093
6189
4866
4361
3245
5857
4250
3248
4014
5426
5704
4290
6301
4494
5067
4251
4534
3873
5665
7202
3262
4048
5454
5787
5894
3261
3663
3320
6296
3263
6300
5500
5943
4998
5821
6803
4394
6684
6811
3839
4722
6305
3328
4807
6478
3270
5746
5889
3273
4541
3273
3850
4541
6244
6946
4080
6157
3797
5434
6529
3838
4677
6903
5926
6211
6521
4686
6690
5949
4112
5076
6904
5623
5827
4846
3298
5024
6543
3445
5964
6915
3449
5643
3350
3361
5697
5983
3296
6368
4028
6509
5085
5088
6465
4047
7239
4198
4104
6867
3718
4254
4789
3312
5841
3304
5633
5646
4460
5011
3307
4448
5314
4981
5171
4451
4723
6275
3312
4269
5644
4293
6877
6430
4566
3666
7215
6477
5044
5792
6241
3871
5976
4994
4997
5190
5987
3323
3479
3326
3326
4078
5854
3333
3928
5662
3858
3333
4291
4627
6145
6508
4333
5290
5403
6117
6662
6802
4018
4378
4586
4736
6071
4259
4427
7222
7240
3512
3697
3886
5049
3347
5771
5879
5050
4106
7215
3721
4378
3352
4591
3361
6355
5633
4118
6630
3912
6641
4221
4326
3359
4831
4105
4353
4970
5298
4353
3897
3936
3365
5906
4253
5910
6051
3653
6170
3550
7154
3895
6005
4823
5714
7218
6022
4714
5337
3377
5071
4612
6662
4813
4394
4669
6682
3902
4366
3385
7175
4160
5105
7179
5917
6185
6499
3577
3864
6555
5737
5921
3396
3398
4748
4188
5328
3570
3996
6280
5493
6846
7138
4416
5017
6765
3692
6121
3400
4643
3430
4553
4882
3410
3519
3403
4257
6019
6194
6062
5372
4433
5028
5366
5358
3593
5898
5380
5892
3420
3963
3416
4700
5805
5811
6060
4731
3419
3425
4109
5924
4143
4144
5782
3958
6369
3726
4668
5373
4680
4861
6369
5774
7221
4700
4712
3941
3435
3916
4883
6443
6373
4878
4070
4513
3669
3782
5300
3862
4889
5692
5745
6185
3441
4241
6316
6532
3485
6024
6028
4053
4479
6344
3728
3917
4886
6309
5175
6900
6646
3448
5693
4664
4903
3453
5274
6995
7008
3934
3760
5159
5177
3457
6403
4715
5173
6760
4471
4724
4303
5798
4303
5710
3466
5806
4032
4716
3955
7015
3470
3822
5952
3470
6021
3475
5316
3492
3819
5316
4794
3477
3743
7106
3480
4890
5861
5817
5975
4063
7021
3490
4624
3519
5097
6008
4222
6825
3490
4393
6261
6479
6973
6801
7095
3498
4050
4264
3500
6913
4539
4539
3501
3791
5443
5842
3510
3532
4755
4399
5391
4726
6611
4586
6323
6401
4528
4376
6067
5213
5705
5976
3906
3531
5839
4382
5459
5616
6270
7110
4503
6028
4753
5583
3574
3682
3686
7218
4506
5526
7134
4041
4456
5078
3735
3736
3563
4414
5594
4943
3533
3965
4398
3752
6066
6342
6258
5118
5946
6737
7216
5222
7111
4077
5652
5861
5233
5492
5970
4033
6844
5537
5751
5942
4784
4738
4484
4825
5358
5440
5887
5400
6775
4738
5968
4098
5051
3859
4841
6338
3559
5063
5056
5211
5547
4456
5053
5645
6436
3903
5436
5497
6727
4229
5902
6322
4939
3997
7147
3725
4200
4692
5082
3842
3988
5438
6081
4767
6307
6444
3989
4523
6074
4422
4840
5083
5241
5263
5823
7033
6596
4129
4901
3754
5345
3885
6087
6280
4318
7145
4798
5899
3612
6828
7167
6688
6965
6697
3588
5872
4642
3590
6700
6931
6661
6712
3596
3598
3597
5556
4524
4205
4524
4578
5130
3870
5273
7010
3835
4801
6340
5726
3604
3855
4005
5793
5157
6878
6255
3610
3611
6106
4407
4423
6079
3839
3617
5882
5886
5294
4503
5207
4833
6310
6575
4482
3627
4962
5885
4435
5208
5310
7045
6163
6955
6382
4815
6119
6088
6377
7014
6549
6719
3641
5895
3638
5337
3748
4572
5693
7053
3796
6506
6723
7081
3649
4024
4977
5634
3649
3761
4016
4275
5455
3648
6115
5673
6837
3675
5673
3678
5960
6945
3915
4497
5958
4902
4210
7214
3818
4048
4137
4103
6151
5559
6009
5173
6909
3976
4022
4797
5251
5132
3829
5054
5365
5226
5668
3678
5901
5902
4039
5624
3681
6637
4235
5624
5279
3689
4206
7007
7107
7197
3698
5119
5097
5098
5367
3691
4571
6123
5244
5570
3867
7188
3941
5300
5992
6613
5508
4670
3710
5245
5923
6068
4133
4769
5163
6333
6843
3712
5486
6337
5848
5544
4664
4884
4240
5641
6332
3716
5932
4762
7209
5095
3720
3720
4464
7214
6519
6754
5072
3727
5941
5943
4190
5414
6219
4419
3799
5939
6055
5781
6161
3733
6363
4159
6227
5006
6642
6161
6701
3744
6523
3919
6447
4209
6354
3751
4893
6228
6842
4572
5407
3746
4347
7101
4305
4814
3945
4179
5843
6765
3764
6007
6027
6174
3759
4930
4202
5855
6086
4417
4442
3766
3763
4916
6958
5666
4780
3766
5177
3920
4658
5390
6707
4279
4930
5680
6764
3888
4868
6599
3990
5699
4025
5812
3774
3789
6082
6708
3784
4215
7160
5382
7102
4553
5389
3999
5408
4643
6746
4914
4547
6895
5152
5912
6637
3789
6527
4305
5576
4058
5733
6522
6131
6135
6143
4011
6937
5430
5431
6507
5432
6886
6815
5161
3802
4957
5045
7083
3817
6335
6845
4976
7087
4266
6745
4002
5445
5761
4446
5145
6090
6391
5790
4801
5368
6340
3820
6131
3861
6853
4061
3824
3825
4527
4595
4854
6611
6340
7143
4460
5645
6537
6785
5505
5669
6941
7127
5206
5491
6459
3848
4641
6232
4096
4075
4683
5259
6367
6811
5501
5231
5494
3848
4639
6428
6465
6128
5521
3855
3857
3884
4938
5210
4104
6865
4005
5423
7131
5657
4256
6966
7157
3868
3886
7184
7187
4593
7142
5874
6347
6555
6251
6262
4164
4920
4291
4630
4231
4234
6299
6706
7183
7017
4824
7233
3965
5846
4855
3885
6555
3883
4738
6948
7154
5237
4492
6071
7084
5422
4484
3891
6315
5036
5548
6141
5548
7041
5678
5718
4273
5540
4149
5197
5819
4007
5534
6318
4121
5749
4277
6068
6330
5576
6254
7057
5140
5904
6707
4321
6547
7092
6934
3913
6933
4204
6987
3918
3917
6312
4136
5694
4178
4391
4475
6092
6601
3930
4563
5094
4271
4270
4996
5266
7149
4357
6260
3933
4192
4823
6784
4335
4819
5095
3940
3941
4147
5678
5925
5462
3955
4790
4145
5992
6218
6137
6991
5295
5592
6076
4184
6064
6066
3951
6518
6641
5127
5808
5066
5120
4483
4254
4408
5364
4937
5047
4420
5117
6255
4498
4548
4261
6737
5847
5852
4036
5698
4860
6357
6818
6358
3973
4461
4474
6660
4861
4020
4864
5863
6364
5839
6440
4343
6385
5164
6217
6521
4571
6077
4825
6600
5674
6600
3989
3996
5115
6327
6886
6271
6616
4482
6162
6361
4027
4969
4971
5036
6732
4869
5715
6343
5409
5411
5686
5934
4003
5934
6654
4017
4632
4856
6645
7093
4016
4023
4013
5864
5683
4945
6512
6164
6949
5424
5427
6101
7174
6115
4019
5934
4713
4794
6215
6168
5896
5789
5800
5173
5458
6760
6922
4050
4488
4569
4632
5281
5628
6734
6760
4971
5337
4095
6742
6897
5375
6469
4828
5447
5211
4095
4687
4900
6276
4045
4252
4298
6368
5821
6898
5166
6331
4238
4056
5919
6791
6800
4056
4057
5919
6164
6515
5282
6905
4721
6596
4720
6362
7112
4072
6819
4067
4324
6380
6840
4223
7126
4728
6557
5634
4494
5860
7124
4468
6146
6147
4588
5485
5537
6426
6809
6833
5849
5999
5854
4080
5377
6423
6824
4262
5395
5087
6429
4290
6574
7153
4607
4612
4630
4413
5439
4095
6145
6508
6956
7158
5018
5065
5676
6165
5098
6962
4468
6439
6899
4101
5751
6666
6449
6896
4107
4509
5199
4137
4150
5835
6543
5697
5043
5678
5905
5678
4346
5997
6178
4135
5237
4670
4917
4963
6031
5897
4995
5323
4579
6329
4125
4366
6023
5029
7099
5921
5950
6799
5539
5984
6932
6137
6453
6943
5111
5712
6052
5113
5124
5522
6451
5508
7196
5810
5359
6531
5137
5687
5180
6030
4147
4148
4148
4292
5785
7018
4782
5550
7018
4761
5813
6820
6951
6580
5127
4952
6192
4167
4715
6211
6486
6988
6996
5503
5546
6492
5268
4268
6602
4609
5818
4185
4703
5518
6038
6036
4870
7224
5244
6441
4999
6598
5303
6064
6808
4183
5830
6751
7175
7104
4568
6497
7034
5020
5332
4780
6027
4659
5625
4568
7211
5587
7182
4196
6944
7170
4848
4654
5387
5888
5205
5315
4563
7012
5441
5661
6180
4842
6758
5750
6095
6133
4819
6314
7182
5670
4802
6350
5561
4476
6103
4218
4283
4220
5729
6570
5201
5301
5560
4280
6252
4705
6509
4223
4324
4225
6383
4441
6625
6466
6093
5392
5904
6832
4231
4807
4868
6478
5665
4915
5164
6570
6922
6291
5913
6637
5996
4241
6028
4288
6129
5290
5620
5773
4255
5878
4561
5079
7013
4373
5407
4285
4489
6020
4287
6153
4463
6101
6143
7019
6502
5095
4264
4315
6652
4280
5291
4603
4293
6877
4741
4289
5691
4619
6799
6857
4320
4283
5321
5281
4514
5567
7013
4533
4860
6357
6582
4426
6216
6219
4566
4570
5778
6667
5572
5813
4301
7081
7100
5698
4990
5626
5796
4334
4666
4334
5246
7090
5775
6978
6618
7229
5321
4344
6669
5236
6689
4320
6110
7151
7171
5251
6715
4729
6411
4610
4726
4594
7116
6550
4749
6645
4336
5084
6025
5803
4487
6511
6635
6977
7161
6117
6802
5239
4342
5348
6347
5143
5844
6175
6729
4365
5068
7078
4819
6689
5977
5653
4909
6655
4361
6175
6553
4359
4766
4800
5638
6466
7189
6187
6447
6314
6784
6651
7188
7189
4395
7003
4646
5292
4415
6320
7001
5810
4397
4652
6201
7026
5560
6384
7139
4379
7006
4775
6658
4386
4473
6516
6755
6578
4817
6680
4404
6065
4754
6182
5344
6836
6656
4539
4768
7006
4412
4440
4412
4439
5106
5622
4787
4849
6220
4439
4440
4788
6640
4836
7120
5980
4774
4736
6302
6401
4686
6104
4521
4521
7133
5333
5640
5869
4898
5333
6283
7133
6070
6225
6828
5335
4429
7049
7038
5039
7086
6219
4641
6232
6671
4466
4466
5828
4826
4962
4847
6491
6170
6334
6702
5723
6060
6235
6878
5607
6694
4524
6459
6460
4735
5723
5320
7021
5774
4453
6316
6216
7166
5646
5753
6888
5384
6394
4897
5329
6293
6534
5424
5704
5928
4742
6710
5299
4502
6598
6234
7074
6078
7020
4512
5611
4765
6149
6233
6412
4623
4924
4935
4632
4635
6759
6774
4569
4493
4498
6263
4708
4974
5341
5453
6415
5461
4925
6800
6841
4508
4515
4558
7118
4795
6868
6300
5188
6711
5027
4785
5025
5744
7060
4810
5670
6928
6629
4880
5276
7114
5182
6271
5642
4532
5738
6242
6788
6821
4533
4534
4776
6253
6860
5391
5690
5697
5467
5690
5060
6446
4870
5477
4640
5477
5666
6649
6606
7096
4552
5467
6603
4552
4576
4645
4564
5008
4643
4651
5442
6193
7117
4795
6868
5482
7204
5467
6853
5304
5807
6498
6774
4579
5245
5549
5465
5368
7143
4581
4598
5776
5819
6010
5590
6221
6273
6371
5788
4666
6822
7055
6547
6577
7100
7073
7088
6806
7088
7100
5367
5149
5939
6045
5595
6488
6145
6150
6858
7098
7134
5265
5361
6725
4912
5357
5361
7144
7149
6726
4621
6802
4617
6341
6341
4978
5715
4620
4869
5383
4627
4630
4675
5518
4626
4916
4930
5518
7156
6875
4632
4633
6654
4635
4921
5222
5763
5731
5938
6804
6537
5352
6474
7185
6535
4647
6353
4653
4660
6678
7233
6237
6688
7025
5877
6316
4662
4747
5393
5640
5779
5869
4909
4667
4671
5507
7181
6729
5956
4843
5158
4894
6319
6644
5926
4678
4683
4913
5430
6507
7047
5915
6946
6349
6684
6968
6974
4762
5998
7206
4904
4906
4912
7092
4949
6826
5495
4699
4702
6663
6665
5093
6104
5768
5179
6118
6999
4709
6278
7067
4709
6757
5067
5601
5603
6959
6697
6819
7126
5809
4791
6503
5565
6757
6352
6522
6390
7131
5215
5554
6118
4886
4731
4735
6019
6161
6819
6839
6376
5473
5804
6029
5708
6971
6408
5080
4810
6031
4743
4745
4746
6056
6830
6445
5032
6421
4753
6228
7106
4756
4764
6242
5102
6544
5322
5587
5984
6998
5925
6731
5571
5550
5679
5679
4786
6190
5831
6330
7184
7190
5843
5847
5852
4771
5571
7194
5383
4773
4776
5824
6720
5584
6171
6194
6773
6176
6398
6387
7209
6723
4785
6307
4787
4795
6548
6935
5559
5723
7031
5069
7039
7225
6059
4983
5813
4798
5014
6225
5250
6256
7136
5576
6643
6339
6460
6284
6582
6286
4805
6416
6417
7103
5440
7220
5422
5000
5863
6880
5478
6432
4826
4866
5134
7195
5145
4834
7223
6247
6098
5449
6361
5102
6544
6265
6039
6264
4862
4866
6607
6101
6722
6720
6312
5869
6623
6692
6016
6079
5421
4852
6815
5533
6335
7093
5256
6770
5021
5375
6709
6299
4905
5483
6430
5332
5414
5640
4972
4876
6410
5563
6831
4881
4881
5455
5965
6749
4882
7025
5245
4887
4895
4903
6397
6846
6624
6853
6334
5597
4901
6453
5693
6523
5715
6336
4911
6523
4911
5149
6921
4912
6897
6684
5926
6521
5259
6997
5557
4920
6485
6703
5025
6313
7060
4926
5828
5288
6493
4988
5001
7155
4935
7107
7124
6856
5474
5224
6416
5937
6576
6525
6718
6531
6440
5083
5764
4954
4968
6576
4975
5202
5020
4953
6579
5100
5967
5496
5716
5491
7196
4968
5470
5635
5208
5258
7087
4977
5708
7194
5648
7027
5145
5674
4974
4981
5171
4982
5601
5198
5778
6667
6501
6290
6648
5192
5635
4982
5001
6586
5776
6010
4989
5799
6295
5443
5636
4992
7094
6160
6520
5001
6413
6586
5002
5004
5265
6102
7033
6007
5324
5005
5981
5461
5005
5010
5613
5022
5051
5016
5740
6328
6907
7113
5400
6634
7137
6079
6798
7141
5187
5980
5870
5873
5478
6556
6350
7205
6432
5027
5881
5030
6313
5370
6406
5030
5199
6427
6597
5042
5043
5037
6702
5220
6675
5401
6338
7144
5046
5991
5046
5051
5071
5736
6081
6540
5048
5050
5472
6866
5059
5211
5482
5059
5645
6564
6090
5059
5063
6562
5162
7001
5060
5063
6679
5310
6717
5513
6436
5065
5858
6890
7070
5700
7215
6975
6983
5682
6500
5075
5760
5579
5664
6573
6904
5082
5078
5753
7014
7207
5663
6904
5085
5234
6032
5087
5241
5690
5703
6712
5088
6580
5089
6463
6912
5092
5879
6008
5093
5280
5757
5756
6110
6134
5097
5772
6590
5099
5104
6054
5104
5110
6661
5295
5307
5105
5110
5137
7096
6440
5334
5565
7037
6931
5894
6015
5114
6132
5114
6015
5124
6612
5120
5311
5287
6781
6247
5125
5275
5516
5524
5351
5352
6106
6372
6183
5336
5342
5138
5340
6473
7223
5138
5141
6621
6861
6480
7179
5139
5141
5535
5793
6482
6485
6703
5144
7062
5150
6600
5416
6871
5411
5399
6530
7104
6779
6120
6170
5685
6246
5415
5419
6705
5274
5455
7207
5168
5304
6181
5832
6638
7062
5929
5168
5174
5288
5172
6800
6831
5174
6693
6995
6496
5177
5964
5180
5962
5722
5985
5733
5184
6936
5187
6352
5740
5190
6927
6267
7074
5536
7028
6840
5613
5981
5310
5312
5201
5202
5212
5957
6390
5205
6953
5435
5890
6390
5212
7170
7108
5827
6549
5214
6000
5216
7055
5705
5218
5302
7186
5227
5228
6893
7113
5515
5546
6687
7115
5232
5232
5338
7162
5876
6608
6873
5764
5238
6375
6014
5876
6579
5242
5246
6558
7128
6696
5248
6046
5920
5248
5552
6962
6716
5562
5253
5817
7180
6942
5260
6031
6083
5266
6226
6673
6980
5439
6682
5266
6601
5271
5278
6053
5271
6043
6053
5556
6987
6425
7192
5276
6627
5278
5840
5283
6894
7203
5286
5605
5286
5289
6756
6910
5287
5609
5289
6737
5304
6613
5660
7129
6936
6496
5306
5303
5305
6808
6693
5794
5778
5782
6011
5551
5307
6763
5307
5585
6063
5307
5848
5317
5569
5317
5319
6775
7031
7106
5318
5319
5844
5400
6634
5322
6838
6179
5326
5328
5331
6452
6630
5331
6326
5602
6148
5336
6750
7100
5342
6606
5420
6765
7162
5345
5420
6650
7089
5846
6948
7154
5354
6184
6797
6094
5354
5355
6847
5356
5429
5734
5369
6188
6944
5363
6166
7049
6595
5486
6679
5370
5440
7220
7173
5370
5376
6643
5376
6659
6468
5887
6861
6157
5380
6089
6116
6653
7102
6111
6810
5386
7235
5483
6293
6817
7102
5630
5877
5392
5393
6454
5396
5396
6808
6924
6139
6456
6827
5398
6456
6675
5405
5406
5890
5409
5686
5669
6744
5408
6095
5408
6849
5413
5481
5696
5918
5920
5416
5419
5481
5419
6704
6642
6650
6836
5424
6101
6143
6287
6169
5427
5431
6184
5654
5433
5434
5438
5436
5916
5438
6470
6728
5886
5444
5445
5450
5717
5761
5446
5450
5466
6438
5456
5458
6779
6909
5671
5964
5965
6916
5458
6779
5461
5476
6224
6041
6292
5464
5475
5465
5470
5466
5469
6848
7078
5475
5689
7109
5588
6430
7168
5699
5918
5488
5626
5746
6856
6168
5797
5507
6932
5490
6879
5523
6339
5499
6889
5915
5501
6923
6925
5546
6940
6923
5974
7140
5512
5683
5571
6448
5523
5519
6979
6769
5522
6987
6172
6992
5988
5970
7165
5527
6223
6914
7201
5544
5531
6245
7013
5567
6182
6487
5903
6490
7016
6104
6381
5545
5549
7046
7022
5547
7201
7209
5554
7077
6926
6963
5961
6822
5579
5698
6186
6476
5766
7054
6953
6494
7219
6256
6121
6311
6002
7045
6121
5574
5575
6683
6037
7050
5585
7234
5582
6213
6149
6019
7042
6214
6471
5635
5966
6722
5599
6418
5869
6134
6152
7151
5606
7208
5604
6489
5640
5604
5857
6551
6780
6910
5679
6189
5833
6752
6258
7082
6279
5618
6198
6297
6204
6554
5620
5623
6676
6065
5779
5629
5659
7043
6844
7079
6397
7020
5888
6887
5995
6543
5937
6651
6541
6337
6339
6460
5646
6223
6303
5773
5658
6866
5942
7110
5773
6844
6846
7138
5773
5777
5667
5672
5767
7212
6625
5974
5681
5880
6484
5998
5880
5719
5874
6347
6835
5983
6005
5960
7016
6939
5927
6713
7123
6013
7005
5713
5907
6290
6495
6022
5770
6951
6211
5730
5735
6138
6735
6961
5727
6087
5730
5735
6610
5842
6785
6362
5736
6241
6300
6596
6596
6420
5749
5888
6443
5940
6885
6317
5757
5759
5762
5759
5762
6113
6904
6495
5765
6009
6956
5813
5824
6689
5784
5809
6160
5784
5811
6481
6700
6966
6972
6826
5982
6105
6139
6378
6672
5791
5799
5993
6040
5832
7063
5978
5812
5809
6393
6608
5806
6384
7221
6029
7034
6050
6201
6384
6736
5822
7225
5821
5818
6418
6035
5823
5981
6296
6503
5835
5991
6865
5829
6841
5833
6919
5838
6069
5836
5963
6231
7177
6067
6034
7203
6638
6744
5852
5850
5858
5851
6444
5854
6614
6326
5860
5861
6075
5870
5972
6272
5872
5875
6165
6380
5880
6099
6196
7116
5887
6062
5895
5906
5907
6119
6093
7145
5905
5901
5904
6829
5904
6482
6902
5912
6154
6133
6124
5933
6871
6290
6343
5931
6109
6541
5951
7227
6199
5932
5965
6023
6144
5936
6523
5941
5944
5945
5944
6530
6881
6883
6789
6792
6514
5951
6630
6156
6224
7095
6156
6345
6648
6100
6224
7095
6874
6426
7065
5962
5961
5971
5965
5967
7162
7063
5993
6000
7047
6159
5992
5989
6131
6546
6186
6906
6037
7044
6025
6046
6009
6187
6457
6593
6820
6021
6052
6672
6475
6052
6375
6547
6577
6029
6045
6179
6038
6043
6053
6036
6261
6985
6714
6815
7061
6490
6706
6046
6724
6064
6066
6050
6892
6930
6065
6743
7163
6172
6061
6474
6964
6430
6861
6768
6069
6208
7122
6086
6087
6452
6075
6282
6728
6367
6614
6111
6812
7102
6152
7169
6106
6107
6130
6864
6103
6098
6285
6851
6365
7022
6294
6895
7177
6116
6115
6383
7112
6119
6394
6362
6645
6240
6351
6445
6130
6129
6127
6839
7208
6133
6317
7132
6637
7199
6142
6615
7030
6144
6146
6150
6534
7240
7150
6154
6157
6171
6519
6169
6741
6332
6949
6516
6306
6176
6187
6178
6308
7023
6372
6198
6204
6276
7160
7073
6548
6607
7121
6559
7084
6213
6214
6210
6225
7104
6217
6741
6366
6725
6726
6230
6838
6235
7172
6234
7074
6284
7064
6238
6239
6441
6690
7017
7024
7237
6575
6494
6252
6435
6264
6262
6266
6748
6269
6273
6554
6614
6624
6626
6870
6350
6356
6291
6597
7166
6299
6927
6408
6806
6782
6309
6843
6312
6732
6338
6318
6475
6401
6611
7186
6396
6331
6616
6462
6502
6961
6644
6344
6949
6348
6369
6646
7176
6455
6804
6357
7064
6360
6522
6619
7043
7199
7200
6435
6438
6991
6471
6825
6389
6391
6405
6415
6401
6399
6981
6402
7079
6830
6410
6794
6413
7051
6415
6789
6544
6423
6431
6550
7153
6426
6873
6427
6431
6809
7127
6454
6436
6449
6439
6691
6446
6449
6536
6451
6465
6696
6453
6463
6536
6709
6461
6465
7233
7182
6862
6599
6481
6481
6966
6931
6484
6485
6492
6486
6490
6492
6489
6586
6988
6496
6504
6501
6497
6498
6504
6995
6583
7225
6859
6922
6511
6708
6933
6515
6517
6519
7042
6933
6531
6549
6530
7170
6540
6546
6546
6865
6970
6559
7168
6908
6565
6581
6564
6564
7071
6568
6573
6573
7044
6579
7071
7071
7056
6594
6602
6590
7139
6964
6593
6593
6595
6601
6602
6604
7097
6613
6618
6627
6617
6618
6620
7228
6737
6622
6703
6629
6632
6634
6639
6638
6680
6640
6640
6647
7093
6650
6651
6656
6660
6984
6658
6659
6660
6759
6771
6771
6671
6691
6681
6791
7091
6681
6761
6678
6691
6747
6903
6907
6917
6694
6705
6702
7070
6963
7048
7066
7180
7073
6704
6705
6727
6728
6716
6724
6724
7147
6764
6745
6826
6743
6894
6779
6752
6756
7220
6852
6772
6769
6763
6768
6768
6892
7202
6777
6777
6892
6787
6787
6790
7094
6792
6793
6800
6794
6797
7227
7237
6847
6805
6805
6851
6823
6812
6817
6999
6817
7099
6858
6832
6891
6832
7035
6858
6874
6849
6961
6854
6864
6872
6864
7185
6871
6874
6881
6883
7105
6886
7235
6929
7067
7069
6896
6899
6903
6916
7128
6916
7115
7125
6923
6925
7178
6941
6943
6956
6947
6956
7125
7161
6952
6954
6963
6965
6967
6972
6972
6973
6970
6974
7180
6976
6977
6980
6987
7079
7080
6989
7191
6996
7009
7183
6993
6994
7010
7000
7002
7004
7012
7036
7010
7014
7017
7219
7043
7199
7036
7032
7034
7054
7036
7036
7039
7045
7046
7058
7059
7052
7076
7077
7067
7067
7070
7076
7077
7138
7237
7085
7116
7097
7119
7111
7118
7120
7123
7136
7148
7156
7152
7169
7179
7164
7171
7177
7177
7190
7218
7213
7218
7202
7212
7229
7232
7237
)


// ************************************************************************* //
