/*--------------------------------*- C++ -*----------------------------------*\
  =========                 |
  \\      /  F ield         | OpenFOAM: The Open Source CFD Toolbox
   \\    /   O peration     | Website:  https://openfoam.org
    \\  /    A nd           | Version:  13
     \\/     M anipulation  |
\*---------------------------------------------------------------------------*/
FoamFile
{
    format      ascii;
    class       labelList;
    note        "nPoints: 3208 nCells: 7241 nFaces: 17688 nInternalFaces: 11276";
    location    "constant/polyMesh";
    object      owner;
}
// * * * * * * * * * * * * * * * * * * * * * * * * * * * * * * * * * * * * * //


17688
(
0
0
0
0
1
1
1
1
2
2
2
3
3
3
3
4
4
5
5
5
5
6
6
6
7
7
7
8
8
9
9
9
9
10
10
10
10
11
11
11
12
12
13
13
13
14
14
15
15
15
15
16
16
16
16
17
17
18
18
18
19
19
20
20
20
21
21
21
22
22
23
23
24
24
25
25
26
26
26
27
27
28
28
29
29
29
30
30
31
31
32
32
32
33
33
34
34
35
35
35
35
36
36
36
37
37
37
38
38
38
38
39
39
39
40
40
40
41
41
41
42
42
42
43
43
43
43
44
44
45
45
45
46
46
46
47
47
47
47
48
48
48
49
49
49
50
51
51
51
52
52
52
53
53
53
53
54
54
54
55
55
55
56
56
56
56
57
57
57
57
58
58
58
59
59
59
60
60
60
60
61
61
62
62
62
62
63
63
63
63
64
64
64
65
65
65
65
66
66
66
67
67
68
68
68
68
69
69
69
69
70
70
70
71
71
71
71
72
72
72
72
73
73
73
73
74
74
74
75
75
75
76
76
77
77
78
78
78
79
79
79
80
80
80
81
81
82
82
82
83
83
83
83
84
84
84
85
85
85
86
86
86
87
87
87
88
88
88
88
89
89
89
90
90
90
91
91
92
92
92
93
93
94
94
94
95
95
95
96
96
96
97
97
97
98
98
99
99
100
101
101
101
101
102
102
103
103
103
104
104
104
105
105
105
106
106
107
107
108
108
109
109
110
110
111
111
112
112
112
113
113
113
113
114
114
114
115
115
115
116
116
117
117
118
118
118
119
119
119
120
120
121
121
121
122
122
122
123
123
124
124
124
125
125
125
125
126
126
127
127
128
128
128
129
129
130
130
130
131
131
132
132
132
133
133
133
133
134
134
134
134
135
135
136
136
136
136
137
137
137
137
138
138
139
139
139
139
140
140
141
141
141
141
142
142
143
143
143
144
144
144
144
145
145
145
146
146
147
147
147
148
148
148
148
149
149
149
150
150
150
151
151
152
152
152
152
153
153
153
154
154
154
155
155
155
156
156
156
156
157
157
158
158
158
159
159
159
160
160
160
161
161
161
162
162
162
163
163
164
164
164
165
165
165
166
166
166
167
167
167
168
168
168
168
169
169
170
170
170
171
171
171
172
172
173
173
173
173
174
174
175
175
175
176
177
177
177
178
178
178
179
179
180
180
180
180
181
181
181
181
182
182
183
183
184
184
184
184
185
185
185
186
186
186
187
187
187
187
188
188
189
189
190
190
191
191
191
191
192
192
192
193
193
193
194
194
194
194
195
195
196
196
196
197
197
197
198
198
199
199
200
200
201
201
201
202
202
202
203
203
204
204
205
205
206
206
207
207
207
208
208
208
209
209
210
210
210
211
211
211
212
212
212
213
213
213
213
214
215
215
215
215
216
216
217
217
217
218
218
218
219
219
219
220
220
220
220
221
221
221
222
222
222
223
223
224
224
225
225
225
226
226
226
227
227
227
228
228
228
228
229
229
229
230
230
231
231
231
232
232
233
233
233
234
234
234
235
235
235
236
236
236
237
237
238
238
238
239
239
240
240
240
241
241
242
242
243
243
244
244
244
245
245
245
246
246
246
247
247
248
248
249
249
249
249
250
250
250
251
251
252
252
252
253
253
254
254
254
255
255
255
256
256
257
257
257
257
258
258
258
258
259
259
259
260
260
261
261
261
262
263
263
264
264
264
265
265
265
265
266
266
266
267
267
267
268
268
268
268
269
269
269
270
270
271
271
271
271
272
272
272
273
273
273
273
274
274
274
276
276
276
277
277
277
278
279
279
280
280
280
281
281
282
282
283
283
284
284
285
285
285
286
286
287
287
287
287
288
288
289
289
289
290
290
290
291
291
291
292
292
293
293
293
293
294
294
294
295
295
295
295
296
296
297
297
297
298
298
298
299
299
299
299
300
300
300
300
301
301
301
301
302
302
302
302
303
303
303
304
304
304
305
305
306
306
307
307
308
308
309
309
310
310
311
311
311
312
313
313
313
313
314
314
314
314
315
315
315
316
316
316
317
317
317
318
318
318
318
319
320
320
321
321
322
322
322
323
323
323
324
324
324
325
325
325
326
326
327
327
328
328
328
328
329
329
329
330
330
330
331
331
331
332
332
333
333
333
334
334
334
335
335
335
336
336
337
337
337
338
338
339
339
340
340
341
341
342
342
343
343
344
344
344
345
345
346
346
346
346
347
348
348
349
349
350
350
350
351
351
352
352
352
353
353
353
354
354
354
355
355
355
356
356
356
357
357
357
357
358
358
358
359
359
359
359
360
360
360
360
361
361
361
362
363
363
363
364
364
364
364
365
365
365
366
366
366
366
367
367
368
368
368
368
369
369
369
369
370
370
371
371
371
372
372
372
373
374
374
374
375
375
376
376
376
377
377
377
378
378
379
379
380
380
380
380
381
381
382
382
383
383
383
384
384
385
385
386
386
387
388
388
388
388
389
389
389
390
390
390
390
391
391
391
392
392
393
393
393
394
394
395
395
395
396
396
397
397
398
398
399
399
400
400
400
401
401
401
402
402
402
403
403
403
404
404
404
405
405
405
406
406
407
407
408
408
409
409
409
409
410
410
410
411
411
411
412
412
413
413
413
414
414
414
414
415
415
415
415
416
416
416
417
417
418
418
418
419
419
419
420
420
420
421
421
421
422
422
422
422
423
423
423
424
424
424
424
425
426
426
427
427
427
427
428
428
428
428
429
429
430
430
431
431
432
432
433
433
433
434
434
434
435
435
435
436
436
436
437
437
438
438
439
439
439
439
440
440
440
441
441
441
442
442
442
443
444
445
445
445
446
446
446
446
447
447
447
447
448
448
448
449
449
450
450
451
451
452
452
452
453
453
453
454
454
454
455
455
455
456
456
456
456
457
457
457
457
458
458
458
459
459
459
460
460
461
462
462
462
463
463
463
464
464
464
464
465
465
466
466
467
467
467
467
468
469
469
469
470
470
471
471
471
472
472
473
473
474
474
474
475
475
475
476
476
477
477
478
478
479
479
479
480
481
481
482
482
482
482
483
484
484
485
485
485
486
486
486
487
488
488
489
489
490
490
491
491
492
492
492
492
494
494
495
495
495
496
496
497
497
497
498
498
499
499
499
500
500
501
501
502
502
502
503
503
504
504
505
505
505
506
506
506
506
507
507
507
508
508
508
508
509
509
509
509
510
510
510
511
511
512
512
513
513
514
514
515
515
516
516
516
517
517
518
518
518
518
519
519
519
519
520
520
520
520
521
521
521
522
522
523
523
524
524
524
525
525
526
526
526
527
527
528
528
528
528
529
529
529
530
530
530
531
531
532
532
532
532
533
534
534
535
535
535
536
536
536
536
537
537
537
537
538
538
538
539
539
539
539
540
540
540
540
541
541
542
542
542
543
543
543
544
544
544
545
545
545
545
546
546
546
546
547
547
548
548
549
549
550
550
551
551
551
552
552
552
553
553
553
554
554
554
554
555
555
555
556
556
557
557
557
558
558
558
559
559
560
560
561
561
561
562
562
563
563
564
564
565
565
565
566
566
567
567
567
568
568
568
569
569
569
570
570
570
570
571
571
571
572
572
572
573
573
573
573
574
574
574
574
575
575
575
575
576
576
577
577
578
579
579
579
580
580
581
581
581
582
582
583
583
584
584
585
585
586
586
586
586
587
587
588
589
589
589
590
590
591
591
591
592
592
592
593
593
594
594
594
595
595
595
596
596
596
596
597
597
597
598
598
599
599
599
600
600
600
601
601
602
602
602
603
603
603
604
604
605
605
606
606
607
607
607
607
608
609
609
609
610
610
610
611
611
611
612
612
612
613
613
613
614
614
615
615
615
616
617
617
618
618
618
618
619
619
619
620
620
620
621
621
622
622
622
623
623
624
624
624
625
625
625
625
626
626
627
627
627
628
628
628
629
629
629
630
630
630
630
631
631
631
632
632
632
633
633
633
633
634
634
634
635
635
636
636
636
637
638
639
639
639
640
640
640
640
641
641
641
642
642
642
642
643
643
643
644
645
645
646
646
646
646
647
647
648
648
648
649
649
650
650
651
651
651
652
653
653
654
654
655
655
655
656
656
656
656
657
657
658
659
659
660
660
661
661
661
662
662
663
663
664
664
665
665
666
666
666
667
667
667
667
668
668
668
668
669
669
669
670
670
671
671
672
672
672
672
673
673
674
674
674
674
675
675
675
676
676
677
677
677
677
678
678
679
679
680
680
681
681
681
681
682
683
683
683
683
684
684
684
685
685
686
686
686
686
687
688
688
688
689
689
690
690
691
691
691
692
692
693
693
693
693
694
694
695
695
695
696
696
696
696
697
697
698
699
699
699
700
700
701
702
702
703
703
704
704
704
704
705
705
705
706
706
706
707
707
707
707
708
708
709
710
710
710
711
711
712
712
712
713
713
713
714
715
715
715
716
716
716
717
717
717
718
718
718
718
719
719
720
720
720
721
721
721
722
722
723
724
724
725
725
725
726
726
727
727
727
727
728
729
729
729
730
730
731
731
731
732
732
733
733
734
734
734
735
735
735
736
736
736
736
737
737
738
738
738
739
739
739
740
740
740
741
741
742
742
742
743
743
744
744
744
744
745
745
745
746
746
747
747
748
748
748
749
749
749
750
750
750
751
751
752
752
752
752
753
753
754
754
754
755
755
755
756
756
756
757
757
757
758
758
758
759
759
759
760
760
760
761
761
761
762
762
762
763
763
764
764
765
765
765
766
766
766
767
767
767
767
768
768
768
769
770
771
772
772
773
773
774
774
775
775
776
776
777
777
778
778
778
778
779
779
779
780
780
781
781
781
782
782
783
784
784
784
784
785
785
786
787
787
788
788
789
789
789
790
790
790
791
791
791
792
792
793
793
793
794
794
794
794
795
795
796
796
796
797
798
798
798
799
800
800
801
801
802
803
803
804
804
805
805
805
805
806
806
806
807
807
808
808
808
808
809
809
809
810
811
811
812
812
813
813
814
814
814
815
815
816
816
816
816
817
817
817
817
818
818
818
819
819
819
820
820
820
820
821
821
821
822
822
823
823
823
823
824
825
825
825
826
826
826
827
827
828
828
828
828
829
829
829
829
830
830
830
831
831
831
832
832
833
833
833
834
834
834
835
835
836
836
837
837
837
837
838
838
839
839
839
840
840
840
841
841
842
843
843
844
844
844
844
845
845
845
846
846
846
847
847
847
848
848
849
849
849
850
850
850
850
851
851
852
852
852
852
853
853
854
854
854
854
855
855
855
856
856
857
857
857
858
858
858
858
859
859
860
860
861
861
861
862
862
862
863
863
863
863
864
864
864
864
865
865
865
866
866
866
867
867
868
868
869
869
869
870
870
870
871
871
871
872
872
873
873
873
874
874
876
877
877
877
878
879
879
879
880
880
880
880
881
881
881
882
882
882
882
883
883
884
884
885
885
886
887
887
887
888
888
888
888
889
889
889
889
890
890
891
891
892
892
893
893
893
893
894
894
894
895
895
895
895
896
896
896
897
897
897
898
898
898
899
899
900
900
900
900
901
901
901
902
902
903
903
903
903
904
904
904
905
905
905
906
906
906
907
907
907
908
908
909
909
909
910
910
911
911
912
912
912
912
913
914
914
915
915
916
916
916
917
917
917
919
919
919
920
920
920
920
921
921
922
922
922
923
923
923
924
924
924
924
925
925
926
926
926
926
927
927
928
928
928
929
929
930
931
931
932
932
932
933
933
934
934
935
936
936
937
937
938
938
939
939
939
939
940
940
941
941
942
942
942
943
943
943
944
944
945
945
946
946
946
946
947
947
947
947
948
948
948
949
949
949
949
950
950
950
951
951
951
952
953
954
954
954
954
955
955
955
955
956
956
956
957
957
957
957
958
958
958
958
959
960
960
960
961
961
962
962
963
963
964
964
964
965
965
966
966
967
968
969
969
969
969
970
970
970
971
971
972
972
972
973
973
974
974
976
976
977
977
977
978
978
979
979
979
980
980
981
981
981
982
982
983
983
983
984
984
985
985
986
986
986
986
987
987
988
989
990
990
990
991
991
991
991
992
992
992
993
993
995
995
995
996
996
996
997
997
997
997
998
998
998
999
999
999
1000
1000
1001
1001
1002
1002
1002
1003
1003
1004
1004
1004
1005
1005
1006
1006
1006
1007
1007
1008
1009
1009
1009
1010
1010
1010
1011
1011
1011
1011
1012
1012
1012
1013
1013
1013
1014
1014
1014
1015
1015
1015
1015
1016
1016
1016
1017
1017
1017
1017
1018
1018
1019
1019
1019
1020
1020
1021
1021
1021
1022
1022
1022
1022
1023
1023
1023
1024
1024
1024
1025
1025
1025
1026
1026
1027
1027
1027
1028
1028
1029
1029
1030
1030
1031
1031
1031
1032
1032
1032
1033
1033
1033
1034
1034
1034
1035
1035
1035
1036
1036
1036
1036
1037
1037
1038
1038
1038
1039
1039
1039
1040
1040
1041
1041
1042
1042
1042
1043
1043
1043
1044
1044
1044
1045
1045
1045
1045
1046
1046
1047
1047
1047
1047
1048
1048
1048
1048
1049
1049
1050
1050
1050
1051
1051
1051
1052
1052
1052
1053
1053
1053
1054
1054
1054
1054
1055
1055
1055
1056
1056
1056
1057
1057
1058
1058
1059
1059
1060
1060
1061
1061
1062
1062
1062
1062
1063
1063
1063
1064
1064
1064
1065
1066
1066
1066
1066
1067
1067
1067
1068
1068
1069
1069
1069
1070
1070
1071
1071
1071
1072
1072
1072
1072
1073
1073
1073
1074
1074
1074
1074
1075
1075
1076
1076
1077
1077
1077
1078
1078
1078
1078
1079
1079
1080
1080
1081
1081
1081
1082
1083
1083
1083
1084
1084
1084
1085
1085
1086
1086
1086
1086
1087
1087
1087
1088
1088
1088
1089
1089
1089
1090
1090
1090
1091
1091
1091
1092
1092
1092
1093
1093
1094
1094
1095
1095
1096
1096
1096
1097
1098
1098
1099
1099
1099
1100
1100
1101
1101
1101
1102
1102
1102
1103
1103
1103
1104
1104
1104
1105
1105
1105
1106
1106
1107
1107
1107
1108
1109
1109
1109
1109
1110
1110
1111
1111
1111
1111
1112
1112
1112
1113
1113
1113
1114
1114
1115
1115
1116
1116
1117
1117
1117
1118
1118
1118
1119
1119
1119
1119
1120
1120
1120
1121
1121
1121
1122
1122
1123
1123
1124
1124
1124
1124
1125
1125
1125
1126
1126
1127
1127
1127
1128
1128
1128
1129
1129
1129
1130
1130
1131
1131
1132
1132
1133
1133
1134
1134
1134
1134
1135
1135
1135
1136
1136
1136
1137
1137
1138
1138
1139
1140
1140
1140
1140
1141
1142
1142
1142
1142
1143
1144
1144
1145
1145
1145
1146
1146
1146
1147
1147
1147
1148
1148
1148
1148
1149
1149
1149
1149
1150
1150
1151
1151
1152
1152
1152
1152
1153
1153
1153
1154
1154
1154
1155
1155
1156
1156
1156
1158
1159
1159
1160
1161
1161
1161
1161
1162
1162
1162
1163
1163
1163
1164
1164
1164
1165
1165
1165
1166
1166
1167
1167
1168
1168
1168
1169
1169
1169
1170
1170
1171
1171
1172
1172
1172
1172
1173
1173
1173
1173
1174
1175
1175
1175
1176
1176
1176
1177
1178
1179
1179
1179
1179
1180
1180
1181
1181
1181
1182
1182
1182
1183
1184
1184
1184
1184
1185
1185
1185
1186
1186
1187
1187
1187
1188
1188
1189
1189
1190
1190
1190
1190
1191
1191
1191
1191
1192
1192
1192
1193
1193
1194
1194
1195
1195
1195
1196
1196
1197
1198
1198
1198
1198
1199
1199
1199
1200
1200
1200
1201
1201
1201
1202
1202
1202
1202
1203
1203
1204
1205
1205
1205
1206
1206
1207
1207
1208
1208
1209
1209
1210
1210
1210
1211
1211
1212
1212
1212
1212
1213
1213
1214
1214
1214
1214
1215
1215
1216
1216
1217
1217
1217
1218
1218
1219
1219
1220
1220
1220
1221
1221
1221
1222
1222
1222
1223
1223
1223
1224
1224
1225
1225
1226
1226
1226
1227
1227
1228
1228
1228
1228
1229
1229
1229
1230
1230
1230
1231
1231
1231
1232
1232
1232
1233
1233
1233
1234
1234
1234
1235
1235
1235
1236
1237
1237
1237
1238
1239
1239
1240
1240
1240
1241
1242
1242
1243
1243
1243
1244
1244
1244
1244
1245
1246
1246
1247
1247
1247
1248
1248
1248
1249
1249
1249
1250
1251
1251
1252
1252
1252
1252
1253
1253
1254
1254
1254
1255
1255
1255
1256
1256
1256
1257
1257
1257
1257
1258
1258
1259
1259
1259
1260
1260
1261
1261
1262
1262
1263
1263
1263
1263
1264
1264
1264
1265
1265
1265
1266
1266
1267
1267
1267
1268
1269
1269
1269
1270
1270
1271
1271
1271
1271
1272
1272
1273
1273
1274
1274
1274
1275
1275
1275
1276
1276
1276
1276
1277
1277
1278
1279
1279
1280
1280
1281
1281
1281
1282
1283
1283
1283
1284
1284
1284
1285
1285
1285
1285
1286
1287
1288
1288
1289
1289
1289
1289
1290
1290
1290
1290
1291
1291
1292
1292
1292
1293
1293
1294
1294
1294
1294
1295
1295
1296
1296
1297
1297
1298
1298
1299
1299
1300
1300
1301
1301
1302
1302
1302
1303
1303
1303
1303
1304
1304
1305
1305
1305
1306
1306
1306
1307
1307
1308
1308
1309
1309
1310
1310
1310
1310
1311
1311
1312
1312
1313
1313
1313
1314
1314
1315
1315
1316
1316
1317
1317
1317
1318
1319
1320
1320
1321
1321
1322
1322
1323
1323
1323
1323
1324
1324
1325
1325
1325
1326
1326
1327
1327
1328
1329
1329
1329
1330
1330
1330
1330
1331
1331
1331
1332
1332
1332
1332
1334
1334
1334
1334
1335
1335
1335
1336
1336
1337
1337
1337
1338
1338
1338
1340
1340
1341
1341
1341
1342
1342
1342
1343
1343
1343
1344
1345
1346
1346
1346
1347
1347
1348
1348
1349
1350
1350
1350
1351
1351
1351
1352
1352
1353
1353
1354
1354
1354
1355
1355
1356
1356
1357
1358
1358
1358
1359
1359
1359
1360
1360
1361
1362
1363
1363
1364
1364
1364
1365
1365
1365
1366
1366
1367
1367
1367
1368
1369
1369
1370
1370
1372
1372
1372
1373
1373
1373
1374
1374
1374
1375
1375
1375
1375
1376
1376
1376
1377
1377
1378
1378
1379
1379
1380
1380
1381
1381
1381
1382
1382
1382
1383
1383
1384
1384
1385
1385
1386
1387
1387
1387
1388
1389
1389
1389
1390
1390
1390
1391
1391
1391
1392
1392
1393
1393
1394
1394
1395
1395
1396
1396
1396
1396
1397
1397
1397
1398
1398
1400
1400
1401
1401
1401
1402
1402
1403
1404
1404
1404
1405
1406
1406
1406
1407
1407
1407
1408
1408
1408
1408
1409
1409
1410
1410
1412
1412
1413
1413
1413
1414
1415
1415
1415
1416
1417
1417
1417
1417
1418
1418
1418
1419
1419
1419
1420
1421
1421
1421
1422
1422
1423
1424
1424
1425
1426
1426
1426
1426
1427
1427
1427
1428
1428
1429
1430
1430
1430
1431
1431
1431
1432
1432
1432
1433
1433
1434
1434
1435
1435
1436
1436
1436
1437
1437
1437
1438
1438
1439
1439
1440
1441
1441
1441
1441
1442
1442
1442
1443
1443
1443
1444
1444
1444
1444
1445
1445
1446
1446
1447
1447
1447
1448
1448
1449
1449
1450
1450
1450
1450
1451
1452
1452
1452
1453
1453
1453
1454
1454
1455
1455
1456
1456
1456
1457
1457
1458
1458
1459
1459
1460
1460
1460
1460
1461
1461
1461
1462
1462
1463
1463
1464
1464
1464
1465
1465
1466
1466
1466
1467
1467
1468
1468
1468
1469
1469
1469
1470
1470
1471
1471
1472
1472
1472
1472
1473
1473
1473
1474
1474
1474
1475
1476
1476
1477
1477
1478
1478
1479
1479
1480
1480
1481
1481
1483
1483
1484
1484
1485
1486
1487
1487
1487
1488
1489
1490
1490
1490
1491
1491
1491
1492
1492
1492
1493
1493
1494
1495
1495
1496
1496
1497
1498
1499
1499
1499
1499
1500
1500
1500
1501
1501
1502
1502
1502
1502
1503
1503
1504
1504
1505
1505
1506
1506
1506
1507
1507
1508
1509
1510
1510
1511
1511
1512
1512
1513
1513
1514
1514
1515
1515
1515
1516
1516
1516
1517
1517
1518
1518
1519
1519
1519
1520
1520
1521
1521
1522
1522
1522
1522
1523
1523
1523
1524
1524
1524
1525
1525
1525
1526
1526
1527
1527
1528
1528
1528
1528
1529
1529
1530
1530
1530
1530
1531
1532
1532
1532
1533
1533
1534
1534
1534
1535
1535
1536
1536
1536
1537
1537
1538
1538
1539
1540
1540
1541
1541
1541
1542
1543
1543
1544
1544
1544
1544
1545
1545
1546
1546
1547
1547
1548
1549
1550
1550
1551
1551
1552
1552
1553
1553
1554
1554
1554
1555
1555
1556
1556
1557
1557
1557
1558
1558
1558
1558
1559
1560
1560
1560
1560
1561
1561
1563
1564
1564
1564
1565
1565
1567
1567
1568
1568
1568
1569
1569
1569
1570
1570
1570
1570
1571
1571
1572
1572
1573
1573
1573
1575
1575
1576
1576
1577
1577
1578
1578
1579
1579
1579
1580
1580
1580
1581
1581
1582
1583
1583
1583
1584
1584
1585
1585
1585
1586
1586
1587
1587
1587
1588
1589
1589
1589
1589
1590
1590
1591
1591
1592
1592
1593
1593
1593
1593
1594
1594
1595
1595
1595
1596
1597
1598
1598
1599
1599
1600
1601
1601
1602
1602
1603
1603
1604
1604
1604
1605
1605
1605
1606
1607
1607
1607
1608
1608
1608
1609
1609
1610
1610
1611
1611
1611
1612
1612
1613
1613
1614
1614
1614
1615
1615
1615
1615
1616
1616
1616
1616
1617
1617
1617
1617
1618
1618
1618
1619
1619
1619
1620
1620
1621
1621
1621
1622
1622
1623
1623
1623
1624
1624
1624
1625
1625
1626
1626
1626
1627
1627
1628
1628
1628
1630
1630
1631
1631
1631
1632
1632
1632
1633
1633
1634
1634
1635
1635
1636
1636
1637
1637
1638
1639
1639
1639
1640
1640
1641
1641
1642
1642
1642
1643
1643
1643
1644
1644
1644
1645
1645
1645
1646
1646
1647
1647
1647
1647
1648
1649
1649
1650
1650
1650
1651
1651
1651
1652
1652
1653
1654
1654
1654
1655
1655
1656
1656
1657
1658
1658
1659
1659
1659
1660
1660
1661
1661
1661
1662
1662
1663
1663
1664
1665
1667
1667
1668
1668
1668
1669
1669
1670
1670
1670
1671
1671
1672
1672
1672
1672
1673
1673
1673
1674
1674
1674
1675
1675
1676
1676
1677
1679
1680
1680
1680
1681
1681
1681
1682
1683
1683
1683
1684
1685
1685
1686
1687
1687
1688
1688
1688
1689
1689
1690
1690
1691
1692
1692
1692
1693
1693
1694
1694
1694
1695
1695
1695
1695
1696
1696
1697
1697
1697
1697
1699
1700
1700
1700
1700
1701
1701
1701
1702
1702
1702
1702
1703
1703
1703
1703
1704
1705
1705
1706
1706
1707
1707
1707
1708
1708
1709
1709
1709
1709
1710
1710
1710
1711
1711
1712
1713
1713
1713
1714
1714
1714
1715
1716
1716
1717
1717
1718
1718
1718
1719
1719
1720
1720
1721
1721
1722
1722
1723
1723
1723
1724
1724
1724
1725
1725
1725
1726
1726
1726
1727
1727
1727
1728
1728
1728
1728
1729
1729
1730
1730
1730
1731
1732
1732
1732
1733
1734
1734
1734
1735
1735
1735
1736
1737
1738
1738
1738
1739
1740
1740
1740
1740
1741
1741
1741
1742
1742
1742
1743
1743
1744
1744
1744
1745
1745
1745
1746
1746
1746
1747
1748
1748
1749
1750
1750
1750
1750
1751
1751
1752
1753
1753
1754
1754
1755
1756
1756
1756
1757
1757
1758
1758
1759
1759
1760
1760
1760
1761
1761
1762
1762
1763
1763
1763
1764
1764
1765
1765
1766
1766
1766
1766
1767
1767
1768
1768
1769
1769
1769
1770
1771
1771
1771
1772
1772
1773
1773
1773
1774
1774
1774
1774
1775
1775
1775
1776
1777
1777
1777
1778
1778
1779
1779
1780
1780
1780
1781
1783
1783
1784
1784
1784
1785
1785
1785
1785
1786
1786
1787
1787
1789
1789
1789
1790
1790
1790
1791
1792
1792
1793
1794
1794
1795
1795
1795
1796
1797
1797
1798
1798
1798
1799
1799
1799
1799
1800
1800
1800
1800
1801
1801
1801
1802
1803
1803
1803
1804
1804
1805
1805
1806
1806
1807
1807
1807
1808
1808
1809
1809
1810
1810
1810
1811
1811
1811
1811
1812
1812
1812
1813
1813
1813
1814
1814
1815
1815
1815
1816
1816
1817
1817
1817
1818
1819
1819
1819
1820
1820
1820
1821
1821
1822
1822
1822
1822
1823
1823
1823
1824
1824
1825
1826
1826
1827
1829
1830
1830
1831
1831
1832
1832
1832
1833
1833
1834
1834
1835
1835
1836
1836
1837
1837
1838
1839
1839
1840
1841
1841
1841
1841
1842
1842
1843
1844
1844
1845
1845
1846
1846
1846
1847
1847
1847
1848
1849
1849
1849
1850
1851
1851
1851
1852
1852
1853
1853
1854
1854
1855
1855
1856
1856
1856
1856
1857
1857
1857
1858
1858
1859
1859
1859
1860
1860
1860
1861
1861
1861
1861
1862
1862
1863
1864
1864
1865
1865
1866
1866
1867
1868
1868
1868
1869
1869
1869
1870
1870
1870
1871
1871
1871
1872
1872
1872
1873
1873
1873
1874
1874
1875
1875
1875
1876
1876
1877
1878
1878
1879
1879
1880
1880
1881
1881
1882
1883
1883
1883
1883
1884
1884
1884
1885
1886
1886
1886
1886
1887
1887
1888
1888
1889
1889
1890
1891
1892
1892
1893
1893
1893
1894
1894
1894
1895
1896
1896
1896
1897
1897
1897
1898
1898
1898
1899
1899
1899
1900
1900
1901
1901
1902
1902
1903
1903
1903
1904
1905
1906
1907
1907
1908
1909
1909
1909
1910
1911
1911
1911
1912
1912
1912
1913
1913
1913
1914
1914
1914
1914
1915
1915
1916
1916
1916
1917
1917
1917
1918
1918
1919
1919
1920
1920
1921
1921
1922
1923
1923
1924
1924
1924
1925
1926
1926
1927
1927
1927
1928
1928
1928
1928
1929
1929
1929
1930
1931
1931
1931
1933
1934
1935
1936
1936
1937
1937
1938
1939
1939
1939
1939
1941
1941
1941
1942
1943
1943
1944
1944
1945
1945
1945
1945
1946
1947
1947
1947
1948
1948
1949
1949
1950
1950
1951
1951
1952
1952
1953
1953
1953
1954
1955
1955
1957
1958
1958
1959
1959
1959
1960
1960
1960
1961
1961
1961
1961
1962
1962
1963
1963
1963
1964
1964
1964
1965
1965
1966
1966
1967
1967
1967
1968
1968
1968
1969
1970
1970
1971
1971
1971
1972
1973
1974
1974
1975
1975
1975
1976
1976
1977
1977
1977
1978
1978
1979
1979
1980
1980
1980
1980
1981
1981
1982
1982
1983
1984
1984
1985
1986
1986
1987
1987
1988
1988
1989
1989
1990
1990
1991
1991
1993
1993
1993
1994
1994
1994
1995
1996
1996
1997
1998
1998
1999
2000
2001
2001
2002
2002
2003
2003
2003
2003
2004
2004
2004
2005
2005
2005
2005
2006
2006
2007
2007
2008
2009
2009
2009
2010
2011
2011
2012
2012
2013
2013
2013
2014
2014
2016
2016
2016
2016
2017
2018
2018
2018
2018
2019
2019
2019
2020
2020
2021
2021
2021
2022
2022
2022
2022
2023
2023
2023
2024
2024
2024
2024
2025
2026
2027
2027
2027
2027
2028
2028
2028
2029
2029
2029
2030
2030
2030
2030
2031
2031
2031
2032
2032
2032
2033
2033
2033
2034
2034
2034
2035
2036
2036
2037
2038
2038
2038
2038
2039
2040
2040
2041
2041
2042
2042
2043
2043
2044
2045
2046
2046
2047
2047
2047
2048
2048
2048
2048
2049
2049
2050
2050
2050
2051
2051
2051
2052
2052
2052
2052
2053
2053
2053
2054
2054
2054
2055
2055
2055
2056
2056
2058
2059
2060
2060
2060
2061
2061
2062
2062
2063
2063
2064
2065
2065
2067
2067
2067
2068
2069
2069
2069
2070
2070
2070
2070
2071
2071
2072
2072
2073
2073
2073
2073
2074
2074
2074
2075
2075
2076
2077
2077
2078
2078
2078
2079
2079
2079
2080
2080
2080
2081
2081
2082
2083
2083
2083
2085
2085
2086
2086
2086
2087
2087
2087
2088
2088
2089
2090
2090
2091
2092
2092
2093
2093
2095
2095
2096
2096
2097
2097
2097
2097
2098
2098
2098
2099
2099
2100
2101
2101
2102
2103
2103
2103
2104
2104
2104
2104
2105
2105
2106
2107
2108
2108
2109
2109
2110
2111
2111
2111
2112
2112
2113
2113
2114
2114
2115
2116
2116
2117
2117
2118
2118
2119
2119
2119
2120
2120
2121
2121
2121
2122
2122
2123
2123
2123
2124
2124
2124
2125
2125
2126
2126
2127
2127
2128
2128
2128
2128
2129
2129
2129
2130
2130
2130
2131
2131
2131
2131
2132
2132
2132
2133
2133
2135
2135
2135
2136
2137
2137
2137
2138
2138
2139
2139
2139
2140
2141
2141
2142
2143
2143
2143
2144
2144
2145
2146
2146
2146
2147
2147
2148
2148
2149
2149
2149
2150
2150
2151
2152
2153
2154
2154
2155
2155
2156
2156
2156
2157
2157
2158
2158
2159
2159
2160
2160
2161
2161
2162
2162
2162
2163
2163
2164
2164
2164
2164
2165
2165
2166
2166
2167
2167
2168
2168
2168
2169
2169
2171
2171
2172
2173
2174
2175
2176
2176
2176
2177
2177
2177
2178
2178
2179
2179
2180
2180
2181
2181
2184
2185
2185
2185
2186
2186
2187
2187
2187
2188
2188
2188
2189
2189
2190
2191
2191
2192
2192
2193
2194
2194
2194
2194
2195
2196
2196
2197
2198
2199
2199
2200
2200
2200
2201
2202
2202
2203
2203
2204
2204
2204
2206
2206
2206
2208
2208
2209
2209
2210
2210
2211
2211
2212
2212
2213
2213
2214
2214
2214
2215
2216
2216
2217
2217
2218
2218
2218
2219
2219
2220
2220
2221
2221
2222
2222
2223
2223
2223
2224
2224
2224
2225
2225
2226
2226
2226
2227
2227
2227
2227
2228
2228
2229
2230
2230
2231
2231
2231
2232
2232
2233
2233
2234
2234
2235
2235
2236
2236
2237
2237
2237
2238
2239
2240
2240
2240
2240
2241
2241
2241
2242
2243
2243
2244
2245
2245
2245
2245
2246
2246
2247
2247
2247
2248
2249
2249
2249
2250
2250
2251
2251
2252
2252
2253
2254
2254
2255
2255
2255
2256
2256
2257
2257
2258
2259
2260
2260
2261
2261
2262
2263
2264
2264
2264
2265
2265
2265
2266
2266
2266
2267
2267
2267
2268
2268
2268
2269
2269
2269
2270
2271
2271
2271
2272
2273
2273
2273
2274
2274
2275
2275
2276
2276
2277
2278
2278
2278
2279
2279
2280
2280
2280
2281
2282
2282
2282
2282
2283
2283
2283
2284
2284
2285
2285
2285
2286
2286
2287
2287
2288
2288
2288
2289
2290
2291
2291
2291
2291
2292
2292
2292
2293
2294
2294
2295
2296
2297
2297
2298
2298
2298
2299
2300
2300
2300
2300
2301
2302
2302
2304
2304
2304
2305
2306
2306
2307
2307
2307
2308
2308
2308
2310
2310
2311
2311
2311
2311
2312
2313
2313
2314
2314
2315
2316
2316
2316
2316
2317
2317
2317
2318
2319
2319
2319
2320
2321
2321
2322
2323
2323
2324
2324
2324
2325
2325
2325
2326
2327
2327
2328
2328
2329
2329
2329
2330
2330
2331
2331
2331
2332
2333
2333
2333
2334
2335
2335
2336
2336
2338
2338
2339
2340
2340
2341
2341
2341
2342
2343
2343
2344
2344
2344
2344
2345
2346
2346
2346
2347
2347
2347
2348
2349
2349
2350
2350
2350
2351
2351
2352
2352
2353
2353
2353
2354
2354
2355
2355
2356
2357
2357
2357
2359
2359
2360
2360
2360
2361
2361
2362
2362
2362
2363
2363
2363
2363
2364
2364
2364
2364
2365
2365
2365
2366
2366
2367
2368
2368
2369
2371
2372
2373
2374
2374
2375
2375
2376
2376
2376
2377
2377
2377
2378
2379
2379
2379
2380
2381
2381
2381
2381
2383
2384
2384
2384
2385
2385
2386
2387
2387
2388
2388
2389
2390
2391
2391
2391
2392
2392
2392
2394
2394
2395
2395
2396
2396
2396
2396
2397
2397
2397
2398
2398
2399
2399
2399
2400
2400
2401
2401
2402
2402
2403
2404
2404
2404
2405
2406
2406
2407
2407
2408
2408
2409
2410
2410
2411
2411
2411
2412
2412
2414
2414
2415
2416
2416
2417
2417
2417
2418
2418
2418
2418
2419
2419
2420
2420
2420
2420
2421
2421
2421
2422
2423
2423
2424
2424
2424
2425
2425
2426
2426
2426
2427
2429
2429
2429
2430
2430
2431
2431
2431
2432
2432
2432
2433
2434
2434
2435
2436
2436
2437
2437
2438
2438
2438
2439
2440
2441
2441
2442
2442
2443
2443
2444
2444
2445
2445
2445
2446
2446
2446
2446
2448
2449
2449
2449
2450
2450
2451
2451
2452
2452
2452
2453
2453
2454
2454
2454
2455
2455
2456
2457
2458
2458
2459
2460
2460
2461
2462
2462
2462
2463
2463
2464
2465
2465
2466
2466
2466
2467
2467
2467
2468
2468
2469
2469
2469
2470
2471
2471
2471
2472
2472
2472
2473
2474
2474
2476
2476
2477
2478
2478
2479
2479
2480
2481
2481
2481
2482
2482
2483
2483
2483
2484
2484
2485
2485
2486
2486
2487
2487
2488
2488
2488
2490
2490
2490
2490
2491
2491
2491
2492
2492
2492
2492
2493
2493
2494
2494
2494
2495
2495
2496
2496
2497
2497
2498
2498
2499
2499
2499
2499
2500
2501
2501
2502
2502
2502
2503
2503
2504
2504
2504
2505
2505
2507
2507
2508
2509
2509
2509
2510
2510
2511
2511
2511
2512
2512
2513
2513
2515
2516
2516
2517
2518
2518
2519
2520
2520
2521
2523
2524
2524
2525
2525
2526
2526
2526
2527
2527
2527
2527
2528
2528
2528
2529
2529
2530
2530
2530
2531
2532
2533
2534
2534
2535
2536
2536
2536
2536
2537
2538
2539
2539
2539
2540
2541
2541
2542
2543
2544
2544
2545
2545
2545
2546
2546
2547
2547
2548
2548
2548
2548
2549
2550
2550
2551
2551
2551
2551
2552
2552
2552
2552
2553
2554
2554
2555
2556
2556
2556
2558
2558
2558
2559
2560
2560
2561
2561
2562
2563
2563
2564
2564
2564
2565
2565
2566
2566
2568
2568
2568
2569
2569
2570
2570
2571
2571
2571
2571
2572
2572
2573
2573
2573
2574
2575
2575
2577
2577
2578
2578
2579
2579
2579
2580
2580
2581
2581
2582
2582
2582
2583
2583
2584
2584
2584
2585
2585
2586
2586
2587
2587
2588
2588
2588
2589
2590
2591
2592
2593
2593
2594
2594
2594
2595
2596
2596
2597
2597
2600
2600
2600
2601
2601
2601
2602
2602
2602
2603
2604
2604
2605
2605
2605
2607
2607
2607
2608
2608
2609
2610
2610
2610
2611
2611
2612
2613
2614
2614
2615
2616
2616
2616
2617
2617
2618
2618
2619
2619
2620
2620
2620
2621
2621
2621
2622
2622
2622
2623
2623
2624
2624
2627
2627
2627
2628
2628
2629
2630
2631
2631
2631
2632
2632
2633
2634
2634
2635
2635
2635
2636
2636
2637
2637
2637
2638
2639
2639
2640
2640
2641
2641
2641
2641
2642
2643
2643
2644
2644
2644
2645
2645
2647
2648
2648
2649
2649
2649
2649
2650
2650
2651
2651
2651
2652
2653
2653
2653
2653
2654
2654
2655
2655
2656
2657
2657
2657
2658
2658
2659
2659
2659
2660
2660
2661
2662
2662
2662
2663
2663
2664
2664
2664
2665
2665
2665
2666
2666
2666
2666
2667
2667
2667
2667
2668
2668
2669
2671
2671
2671
2672
2673
2674
2674
2675
2675
2676
2677
2678
2679
2680
2680
2681
2681
2682
2682
2683
2684
2684
2684
2685
2685
2686
2686
2687
2687
2688
2689
2689
2689
2690
2691
2691
2691
2692
2693
2693
2695
2696
2696
2696
2697
2697
2697
2698
2698
2698
2699
2699
2699
2700
2700
2701
2701
2701
2702
2702
2703
2703
2703
2706
2706
2706
2707
2707
2708
2708
2709
2710
2710
2710
2711
2712
2712
2713
2713
2713
2715
2716
2716
2716
2717
2717
2717
2718
2718
2719
2719
2720
2720
2720
2721
2721
2721
2721
2722
2722
2723
2723
2724
2724
2725
2726
2726
2727
2727
2727
2728
2729
2729
2729
2730
2730
2731
2732
2733
2733
2733
2734
2735
2735
2736
2736
2737
2737
2737
2738
2738
2738
2739
2739
2740
2740
2741
2741
2741
2742
2742
2743
2743
2743
2745
2745
2745
2746
2746
2747
2747
2748
2748
2749
2749
2749
2750
2752
2752
2752
2752
2753
2753
2754
2754
2755
2756
2756
2756
2756
2757
2757
2758
2758
2760
2760
2761
2762
2762
2763
2763
2763
2764
2765
2766
2766
2767
2767
2768
2768
2769
2769
2770
2770
2771
2772
2772
2773
2773
2773
2774
2774
2775
2775
2776
2776
2776
2777
2778
2778
2778
2779
2780
2780
2782
2782
2783
2783
2784
2784
2784
2785
2785
2785
2786
2787
2788
2791
2791
2792
2792
2792
2793
2793
2794
2794
2795
2795
2796
2796
2796
2797
2797
2798
2799
2799
2800
2800
2801
2802
2803
2804
2804
2805
2805
2806
2806
2806
2807
2808
2809
2809
2810
2811
2811
2812
2812
2812
2813
2814
2814
2814
2815
2815
2816
2816
2816
2817
2818
2819
2819
2820
2820
2821
2821
2822
2823
2824
2825
2825
2826
2826
2826
2827
2829
2829
2830
2831
2832
2832
2833
2833
2833
2834
2834
2835
2835
2836
2836
2837
2837
2837
2838
2838
2839
2840
2840
2841
2841
2842
2842
2843
2843
2844
2844
2845
2845
2845
2847
2848
2849
2849
2850
2850
2850
2851
2851
2852
2852
2852
2853
2853
2854
2856
2857
2858
2858
2858
2859
2860
2860
2861
2862
2863
2864
2864
2865
2865
2865
2866
2866
2866
2867
2867
2867
2868
2869
2869
2869
2869
2870
2870
2871
2872
2874
2874
2874
2875
2875
2875
2876
2876
2876
2877
2877
2877
2878
2879
2879
2880
2880
2880
2881
2881
2882
2883
2883
2884
2884
2885
2885
2886
2886
2887
2887
2888
2888
2888
2889
2889
2889
2890
2892
2892
2893
2894
2896
2896
2897
2898
2899
2901
2901
2901
2902
2902
2902
2903
2903
2903
2905
2907
2907
2907
2909
2910
2910
2910
2911
2911
2912
2912
2913
2914
2914
2914
2915
2916
2916
2917
2917
2918
2918
2918
2919
2919
2920
2920
2921
2921
2922
2922
2923
2923
2923
2924
2924
2924
2925
2926
2927
2928
2928
2929
2930
2930
2931
2931
2933
2933
2933
2934
2935
2936
2936
2937
2938
2939
2939
2939
2940
2940
2940
2941
2941
2942
2942
2943
2943
2943
2944
2945
2945
2946
2947
2947
2948
2949
2950
2950
2951
2951
2951
2952
2953
2953
2955
2955
2956
2956
2957
2957
2958
2959
2959
2960
2960
2961
2961
2962
2962
2963
2963
2963
2964
2964
2965
2966
2966
2967
2967
2968
2968
2969
2969
2969
2970
2970
2971
2972
2972
2973
2973
2974
2974
2974
2974
2975
2976
2976
2977
2978
2978
2979
2979
2979
2980
2980
2980
2980
2981
2981
2982
2984
2985
2985
2986
2987
2987
2987
2988
2988
2988
2989
2989
2989
2990
2990
2991
2991
2992
2992
2992
2993
2993
2994
2995
2996
2996
2996
2997
2997
2998
2999
2999
2999
3000
3001
3001
3002
3003
3004
3004
3004
3005
3006
3006
3007
3007
3008
3008
3009
3009
3009
3010
3010
3011
3012
3013
3014
3015
3016
3017
3017
3018
3018
3019
3020
3021
3023
3023
3024
3025
3025
3026
3026
3026
3027
3028
3028
3029
3029
3029
3030
3030
3031
3031
3032
3033
3033
3034
3034
3035
3035
3037
3037
3038
3038
3039
3039
3040
3040
3040
3041
3041
3041
3042
3042
3042
3043
3043
3044
3044
3045
3046
3046
3046
3047
3048
3048
3049
3050
3051
3051
3052
3052
3053
3053
3053
3054
3054
3055
3056
3056
3056
3057
3058
3058
3058
3060
3060
3060
3061
3061
3063
3063
3063
3064
3065
3065
3066
3067
3067
3068
3068
3068
3069
3069
3070
3070
3070
3071
3071
3072
3073
3073
3074
3075
3075
3075
3076
3076
3077
3077
3077
3078
3079
3080
3081
3081
3082
3083
3084
3084
3085
3085
3085
3086
3086
3086
3087
3088
3089
3089
3089
3090
3090
3091
3091
3092
3092
3092
3093
3094
3094
3094
3095
3095
3095
3096
3097
3097
3098
3099
3099
3100
3101
3101
3101
3102
3102
3103
3103
3104
3104
3105
3105
3105
3106
3107
3107
3108
3108
3109
3109
3110
3111
3111
3111
3112
3113
3113
3113
3114
3114
3114
3115
3115
3116
3116
3117
3117
3118
3119
3120
3121
3121
3121
3122
3123
3123
3123
3124
3124
3125
3125
3126
3126
3127
3127
3127
3128
3128
3129
3129
3129
3130
3131
3131
3131
3132
3132
3132
3133
3133
3134
3135
3136
3136
3137
3137
3138
3138
3139
3140
3140
3141
3141
3142
3142
3143
3143
3144
3145
3145
3146
3147
3148
3149
3149
3149
3150
3150
3150
3151
3154
3155
3155
3156
3156
3158
3159
3159
3159
3160
3160
3161
3161
3162
3162
3163
3164
3165
3165
3166
3166
3167
3167
3167
3168
3169
3169
3170
3170
3170
3170
3171
3172
3172
3173
3173
3173
3176
3177
3177
3178
3178
3179
3181
3181
3181
3182
3183
3183
3184
3184
3184
3185
3185
3185
3186
3186
3188
3188
3189
3189
3190
3190
3190
3191
3191
3191
3192
3192
3193
3194
3194
3194
3195
3195
3196
3197
3197
3198
3199
3199
3200
3201
3202
3202
3202
3203
3204
3204
3205
3206
3208
3208
3208
3209
3210
3210
3211
3211
3212
3213
3213
3213
3214
3216
3217
3217
3218
3218
3218
3219
3219
3220
3221
3221
3221
3222
3223
3223
3224
3224
3225
3225
3226
3226
3227
3227
3228
3229
3229
3230
3230
3231
3231
3231
3232
3232
3233
3233
3233
3233
3234
3234
3235
3236
3237
3237
3238
3238
3238
3239
3239
3239
3241
3242
3243
3244
3244
3245
3247
3249
3249
3249
3250
3250
3251
3251
3252
3252
3253
3253
3254
3255
3255
3255
3256
3256
3257
3257
3258
3258
3259
3259
3260
3260
3262
3262
3263
3264
3264
3264
3266
3266
3266
3267
3267
3267
3269
3269
3270
3271
3271
3272
3272
3272
3274
3275
3276
3276
3277
3277
3277
3278
3278
3278
3279
3279
3279
3280
3280
3281
3282
3282
3282
3283
3285
3286
3287
3287
3287
3289
3289
3289
3290
3291
3292
3292
3292
3292
3293
3293
3294
3294
3295
3295
3295
3296
3296
3297
3298
3298
3300
3300
3300
3301
3302
3303
3303
3303
3304
3304
3305
3305
3305
3306
3306
3307
3307
3308
3309
3309
3309
3310
3310
3311
3312
3313
3313
3314
3315
3315
3315
3316
3317
3318
3318
3318
3320
3321
3321
3323
3325
3325
3326
3327
3327
3328
3329
3330
3330
3331
3332
3332
3333
3334
3335
3335
3335
3335
3336
3336
3337
3337
3338
3339
3342
3342
3343
3344
3344
3345
3345
3346
3346
3346
3347
3348
3348
3349
3349
3350
3351
3352
3352
3353
3354
3354
3355
3355
3356
3356
3357
3358
3359
3359
3360
3360
3361
3362
3362
3363
3363
3364
3365
3366
3368
3368
3370
3370
3371
3371
3372
3372
3372
3373
3374
3375
3376
3376
3378
3378
3379
3380
3381
3381
3382
3382
3383
3384
3386
3386
3386
3387
3387
3387
3388
3388
3388
3389
3389
3390
3391
3391
3392
3392
3393
3393
3393
3394
3395
3395
3396
3397
3397
3398
3398
3399
3399
3400
3400
3400
3401
3401
3402
3403
3404
3404
3405
3406
3407
3407
3407
3408
3409
3409
3411
3411
3412
3412
3413
3413
3413
3413
3414
3415
3416
3416
3417
3418
3419
3419
3419
3420
3420
3422
3422
3422
3423
3423
3423
3424
3424
3425
3425
3426
3427
3428
3428
3429
3430
3431
3432
3433
3434
3434
3435
3437
3437
3437
3438
3438
3439
3439
3439
3440
3441
3441
3441
3442
3442
3442
3443
3444
3444
3444
3445
3445
3446
3447
3447
3448
3448
3449
3449
3450
3451
3452
3453
3453
3453
3455
3455
3456
3458
3458
3459
3459
3460
3460
3461
3462
3463
3463
3464
3464
3465
3465
3466
3467
3467
3469
3470
3471
3471
3472
3472
3473
3474
3476
3476
3476
3477
3478
3479
3480
3480
3481
3482
3483
3484
3485
3486
3486
3487
3487
3489
3489
3490
3491
3491
3492
3492
3493
3495
3495
3496
3496
3498
3499
3500
3500
3502
3502
3505
3505
3505
3506
3506
3507
3507
3508
3508
3508
3509
3510
3511
3512
3512
3512
3513
3514
3514
3516
3516
3516
3517
3518
3519
3519
3520
3521
3522
3523
3523
3523
3524
3524
3525
3526
3526
3526
3527
3527
3528
3528
3528
3529
3530
3530
3530
3531
3531
3532
3534
3535
3535
3535
3536
3537
3538
3539
3539
3539
3540
3540
3540
3541
3541
3542
3543
3543
3544
3547
3548
3548
3549
3549
3549
3551
3551
3552
3552
3553
3553
3554
3554
3554
3555
3555
3556
3556
3557
3558
3558
3558
3559
3560
3560
3560
3560
3561
3561
3561
3562
3563
3563
3564
3564
3566
3566
3567
3568
3568
3568
3569
3569
3569
3570
3570
3570
3571
3571
3572
3572
3573
3573
3573
3574
3575
3575
3576
3576
3577
3578
3578
3580
3580
3581
3582
3583
3583
3583
3584
3584
3585
3586
3586
3587
3589
3589
3590
3592
3592
3594
3594
3595
3595
3596
3597
3598
3598
3599
3600
3600
3600
3601
3601
3601
3602
3603
3603
3604
3605
3606
3607
3608
3609
3610
3610
3612
3612
3612
3613
3614
3614
3614
3615
3616
3617
3618
3618
3619
3620
3621
3621
3621
3622
3622
3623
3623
3624
3624
3625
3628
3629
3630
3630
3631
3632
3632
3633
3633
3634
3634
3635
3636
3636
3637
3639
3640
3640
3640
3641
3642
3642
3642
3643
3643
3643
3645
3645
3646
3649
3650
3650
3651
3654
3655
3656
3656
3657
3658
3659
3661
3662
3662
3663
3663
3664
3665
3665
3666
3666
3667
3667
3668
3669
3670
3670
3672
3673
3673
3673
3674
3675
3677
3677
3677
3679
3679
3680
3680
3681
3681
3682
3684
3685
3685
3686
3686
3687
3687
3688
3688
3689
3690
3691
3691
3692
3692
3694
3694
3696
3696
3696
3698
3699
3700
3701
3701
3701
3702
3704
3704
3706
3706
3706
3707
3707
3707
3708
3709
3710
3710
3711
3712
3712
3713
3713
3714
3714
3715
3716
3717
3717
3718
3719
3719
3721
3722
3722
3722
3723
3723
3724
3725
3727
3728
3729
3730
3730
3731
3731
3732
3732
3733
3733
3734
3734
3736
3737
3738
3738
3739
3739
3740
3742
3743
3743
3744
3744
3745
3746
3746
3748
3749
3750
3750
3753
3754
3755
3755
3755
3755
3756
3756
3757
3757
3757
3758
3758
3759
3760
3760
3760
3761
3762
3763
3763
3764
3765
3765
3765
3766
3766
3767
3767
3768
3768
3768
3769
3770
3771
3771
3772
3772
3773
3773
3774
3774
3775
3777
3777
3778
3778
3780
3780
3781
3782
3783
3785
3785
3786
3786
3786
3787
3789
3790
3790
3791
3791
3791
3792
3794
3794
3795
3795
3796
3796
3796
3797
3797
3798
3799
3801
3801
3802
3803
3804
3804
3805
3806
3806
3808
3808
3809
3809
3809
3811
3811
3812
3812
3813
3815
3815
3815
3817
3818
3820
3821
3822
3823
3823
3826
3826
3826
3827
3828
3828
3829
3829
3830
3830
3831
3831
3833
3833
3834
3834
3835
3836
3837
3837
3838
3840
3841
3841
3841
3841
3842
3843
3843
3844
3844
3846
3846
3847
3849
3851
3851
3851
3852
3853
3854
3854
3855
3857
3858
3860
3861
3863
3863
3864
3864
3865
3865
3866
3866
3868
3868
3868
3869
3869
3870
3870
3872
3872
3873
3873
3873
3874
3874
3875
3876
3876
3877
3877
3878
3880
3880
3882
3882
3882
3882
3886
3887
3887
3887
3888
3889
3890
3891
3892
3894
3894
3896
3896
3897
3897
3898
3898
3899
3899
3900
3901
3901
3901
3902
3902
3904
3905
3905
3906
3907
3907
3908
3908
3908
3909
3909
3910
3911
3912
3912
3914
3914
3915
3916
3917
3918
3918
3920
3920
3920
3921
3921
3922
3922
3923
3924
3925
3925
3925
3926
3927
3927
3929
3929
3932
3932
3933
3933
3934
3935
3935
3935
3936
3937
3938
3939
3939
3940
3940
3941
3942
3942
3943
3943
3944
3945
3945
3945
3947
3947
3947
3948
3948
3949
3950
3952
3953
3954
3954
3956
3956
3959
3959
3960
3961
3961
3963
3964
3965
3965
3966
3966
3968
3968
3970
3971
3972
3974
3974
3974
3975
3976
3977
3978
3978
3980
3980
3981
3981
3982
3982
3982
3983
3983
3984
3984
3985
3985
3987
3987
3987
3987
3988
3989
3989
3990
3991
3991
3992
3993
3993
3995
3995
3998
3998
3998
3999
3999
3999
4000
4001
4001
4001
4003
4003
4004
4004
4004
4006
4006
4008
4009
4010
4011
4011
4012
4012
4014
4014
4014
4015
4016
4017
4017
4018
4018
4020
4021
4023
4025
4025
4027
4027
4027
4028
4030
4031
4031
4031
4032
4033
4034
4034
4035
4036
4037
4037
4037
4038
4038
4039
4040
4041
4042
4042
4043
4043
4044
4045
4046
4047
4048
4050
4051
4051
4052
4053
4053
4054
4054
4055
4055
4055
4056
4057
4058
4058
4059
4061
4062
4062
4062
4063
4063
4064
4064
4064
4065
4066
4066
4067
4069
4070
4071
4071
4072
4073
4073
4073
4074
4074
4075
4076
4076
4076
4077
4077
4078
4079
4080
4081
4081
4082
4082
4084
4084
4085
4085
4086
4087
4087
4087
4088
4088
4089
4089
4089
4090
4090
4091
4091
4093
4093
4094
4094
4095
4096
4096
4098
4098
4099
4100
4100
4101
4102
4102
4103
4103
4104
4104
4105
4107
4108
4108
4109
4110
4110
4111
4114
4115
4116
4116
4117
4117
4118
4119
4119
4120
4120
4121
4121
4121
4122
4122
4123
4124
4124
4125
4127
4127
4128
4129
4129
4130
4130
4130
4131
4131
4131
4132
4134
4134
4136
4139
4139
4140
4140
4142
4142
4145
4145
4146
4147
4148
4151
4153
4153
4153
4154
4155
4155
4156
4157
4159
4160
4162
4163
4163
4163
4164
4164
4164
4165
4165
4166
4169
4170
4170
4171
4171
4172
4172
4172
4174
4175
4176
4176
4177
4177
4178
4178
4179
4179
4179
4180
4180
4180
4182
4185
4186
4186
4186
4187
4188
4189
4189
4190
4190
4191
4191
4192
4192
4193
4193
4193
4194
4195
4195
4195
4196
4196
4197
4197
4198
4198
4199
4200
4200
4201
4201
4201
4206
4206
4206
4207
4209
4209
4210
4211
4213
4214
4214
4215
4215
4215
4216
4216
4216
4217
4218
4219
4220
4222
4223
4224
4224
4225
4225
4227
4228
4229
4229
4229
4230
4230
4230
4230
4231
4232
4232
4233
4233
4234
4235
4235
4236
4237
4237
4238
4239
4240
4240
4240
4242
4242
4243
4243
4243
4244
4245
4247
4247
4249
4250
4252
4253
4253
4253
4255
4256
4257
4258
4258
4261
4264
4265
4267
4269
4269
4271
4272
4273
4274
4274
4276
4280
4281
4282
4283
4284
4284
4284
4285
4286
4286
4286
4292
4292
4292
4293
4293
4295
4295
4296
4297
4298
4299
4299
4300
4301
4302
4303
4306
4307
4308
4308
4309
4310
4310
4311
4311
4312
4313
4313
4314
4314
4315
4316
4316
4316
4317
4317
4318
4318
4319
4319
4321
4321
4323
4325
4326
4327
4328
4328
4329
4330
4330
4331
4332
4332
4333
4333
4334
4335
4336
4337
4339
4339
4340
4340
4341
4341
4341
4342
4344
4345
4346
4348
4348
4349
4350
4351
4352
4352
4354
4354
4355
4355
4356
4356
4357
4357
4358
4359
4359
4360
4360
4362
4363
4365
4365
4367
4368
4370
4370
4371
4371
4372
4372
4374
4377
4377
4379
4380
4381
4384
4385
4385
4388
4389
4390
4392
4392
4393
4395
4396
4396
4397
4399
4399
4400
4401
4401
4402
4402
4403
4404
4406
4407
4408
4409
4409
4409
4410
4411
4411
4413
4414
4415
4415
4415
4416
4416
4417
4418
4418
4419
4419
4419
4420
4420
4421
4421
4423
4423
4423
4424
4426
4426
4427
4428
4428
4429
4430
4430
4431
4432
4434
4434
4435
4435
4436
4436
4437
4437
4438
4439
4441
4443
4443
4444
4445
4447
4447
4447
4448
4448
4449
4450
4451
4452
4452
4454
4455
4456
4456
4458
4459
4459
4464
4465
4467
4468
4469
4469
4469
4471
4472
4473
4474
4475
4476
4476
4477
4477
4478
4480
4481
4483
4485
4485
4486
4486
4486
4487
4488
4488
4488
4490
4491
4491
4493
4494
4494
4496
4497
4497
4498
4499
4499
4499
4501
4501
4501
4501
4504
4504
4505
4506
4507
4509
4510
4511
4511
4511
4512
4513
4515
4516
4517
4517
4520
4523
4523
4524
4526
4526
4528
4529
4529
4532
4533
4538
4538
4538
4539
4540
4540
4541
4542
4543
4543
4544
4544
4546
4546
4546
4547
4548
4548
4549
4549
4549
4550
4551
4551
4552
4552
4553
4553
4554
4556
4558
4559
4559
4560
4563
4564
4564
4567
4568
4568
4569
4570
4571
4573
4576
4577
4577
4579
4579
4580
4580
4580
4582
4583
4585
4585
4587
4588
4589
4589
4590
4590
4590
4591
4591
4592
4594
4594
4595
4597
4597
4599
4600
4600
4601
4601
4602
4602
4602
4604
4604
4604
4605
4606
4606
4607
4607
4609
4612
4612
4613
4613
4615
4617
4617
4618
4618
4618
4621
4621
4622
4622
4623
4623
4623
4624
4628
4629
4631
4631
4631
4633
4635
4636
4636
4637
4637
4638
4639
4642
4644
4644
4645
4646
4646
4647
4647
4648
4649
4650
4650
4651
4654
4655
4657
4657
4658
4659
4659
4659
4660
4661
4661
4662
4662
4663
4665
4671
4672
4673
4674
4674
4675
4676
4676
4678
4679
4679
4679
4681
4681
4682
4683
4684
4684
4688
4688
4688
4689
4689
4689
4690
4691
4691
4693
4694
4694
4696
4696
4697
4697
4698
4701
4701
4702
4703
4704
4705
4706
4706
4708
4708
4708
4709
4710
4711
4711
4712
4713
4713
4714
4715
4716
4716
4717
4718
4719
4719
4720
4722
4723
4723
4725
4725
4727
4727
4728
4730
4732
4732
4734
4734
4736
4737
4740
4741
4742
4743
4743
4744
4746
4748
4749
4750
4751
4751
4751
4753
4753
4754
4755
4755
4756
4757
4758
4758
4759
4759
4760
4761
4761
4762
4763
4763
4765
4766
4766
4766
4767
4767
4767
4768
4769
4769
4770
4771
4771
4772
4774
4778
4778
4778
4779
4780
4781
4782
4782
4783
4784
4784
4785
4785
4786
4787
4788
4788
4788
4790
4791
4791
4792
4793
4793
4796
4796
4796
4797
4797
4797
4799
4800
4801
4801
4802
4802
4803
4804
4804
4805
4805
4809
4809
4812
4813
4814
4814
4818
4818
4821
4821
4821
4823
4825
4826
4826
4827
4828
4829
4829
4830
4830
4831
4832
4832
4834
4834
4835
4838
4839
4840
4841
4842
4844
4845
4847
4849
4850
4851
4851
4853
4853
4853
4857
4857
4858
4865
4867
4868
4869
4869
4870
4871
4871
4871
4872
4873
4873
4875
4876
4877
4878
4880
4880
4880
4881
4881
4884
4885
4887
4887
4888
4888
4889
4896
4897
4898
4899
4899
4903
4904
4905
4905
4906
4906
4907
4907
4910
4911
4911
4913
4915
4915
4917
4917
4918
4919
4919
4919
4923
4923
4923
4924
4925
4927
4927
4928
4928
4929
4930
4931
4932
4936
4937
4939
4940
4941
4941
4942
4942
4944
4946
4947
4947
4948
4948
4948
4949
4949
4950
4951
4951
4952
4954
4956
4956
4959
4960
4961
4961
4961
4962
4963
4964
4965
4966
4966
4967
4967
4972
4972
4973
4973
4973
4974
4974
4975
4975
4975
4976
4978
4979
4980
4980
4981
4982
4982
4983
4983
4984
4984
4984
4986
4986
4988
4988
4991
4991
4992
4992
4993
4994
4994
4996
4996
4998
4999
5000
5002
5002
5003
5004
5005
5005
5007
5007
5010
5010
5011
5012
5012
5013
5013
5013
5014
5015
5015
5016
5016
5017
5018
5019
5020
5021
5021
5023
5025
5026
5027
5027
5028
5028
5029
5029
5029
5031
5033
5033
5034
5034
5035
5039
5040
5040
5041
5042
5042
5043
5043
5044
5044
5045
5046
5047
5049
5052
5052
5053
5053
5053
5054
5054
5054
5055
5056
5056
5056
5057
5057
5059
5060
5060
5061
5061
5062
5063
5064
5064
5066
5066
5067
5069
5070
5071
5072
5072
5073
5073
5074
5075
5075
5075
5076
5077
5078
5079
5079
5081
5082
5083
5083
5084
5085
5085
5086
5086
5086
5087
5087
5088
5089
5089
5090
5090
5090
5091
5091
5091
5093
5094
5094
5096
5096
5097
5098
5100
5100
5101
5101
5101
5103
5103
5104
5105
5105
5106
5107
5108
5108
5109
5110
5111
5111
5112
5112
5113
5113
5114
5114
5116
5116
5118
5118
5119
5124
5125
5125
5125
5126
5126
5126
5126
5128
5129
5129
5130
5131
5133
5133
5135
5135
5135
5136
5137
5137
5138
5139
5139
5139
5140
5141
5141
5142
5143
5144
5145
5146
5146
5148
5151
5153
5154
5155
5156
5156
5157
5157
5158
5158
5158
5159
5159
5160
5162
5162
5163
5165
5165
5165
5166
5167
5167
5167
5168
5170
5170
5172
5172
5172
5174
5175
5175
5176
5176
5177
5178
5179
5181
5181
5183
5185
5187
5188
5189
5191
5191
5193
5193
5194
5195
5195
5197
5197
5198
5198
5198
5199
5200
5201
5201
5203
5203
5204
5205
5205
5206
5210
5212
5213
5213
5215
5215
5216
5217
5217
5219
5223
5223
5224
5224
5225
5225
5226
5226
5227
5228
5228
5229
5232
5232
5233
5234
5235
5235
5237
5238
5238
5239
5239
5240
5240
5241
5242
5242
5243
5246
5247
5247
5248
5250
5252
5252
5255
5257
5258
5258
5259
5260
5260
5262
5262
5263
5264
5265
5265
5267
5267
5267
5268
5268
5268
5269
5270
5271
5272
5274
5275
5277
5277
5278
5278
5279
5284
5284
5285
5285
5285
5285
5286
5286
5287
5287
5288
5289
5290
5291
5293
5294
5295
5296
5296
5296
5298
5300
5301
5301
5301
5302
5303
5303
5305
5305
5305
5306
5306
5309
5312
5313
5313
5313
5314
5316
5317
5318
5318
5319
5319
5320
5322
5324
5325
5325
5326
5326
5327
5328
5331
5332
5334
5335
5336
5339
5340
5341
5342
5342
5343
5344
5345
5345
5346
5347
5348
5348
5351
5351
5351
5352
5353
5354
5354
5355
5356
5356
5358
5358
5359
5360
5360
5360
5361
5362
5365
5366
5366
5366
5368
5369
5370
5371
5372
5372
5373
5374
5374
5377
5378
5378
5378
5379
5380
5381
5381
5382
5382
5383
5385
5386
5386
5387
5388
5390
5390
5390
5392
5393
5394
5394
5395
5396
5396
5397
5398
5398
5399
5399
5401
5402
5402
5403
5404
5405
5405
5406
5408
5412
5412
5413
5413
5413
5415
5416
5416
5417
5417
5418
5418
5418
5421
5421
5421
5422
5425
5426
5427
5428
5429
5432
5432
5432
5433
5434
5436
5437
5438
5440
5442
5442
5442
5444
5444
5445
5446
5448
5449
5452
5452
5452
5452
5453
5455
5456
5456
5457
5457
5459
5460
5460
5462
5462
5463
5463
5464
5464
5465
5466
5467
5468
5470
5471
5472
5475
5477
5478
5480
5481
5484
5485
5485
5485
5486
5487
5488
5488
5489
5491
5492
5493
5495
5495
5496
5498
5498
5498
5499
5502
5503
5505
5505
5508
5511
5512
5514
5515
5516
5516
5517
5519
5519
5520
5520
5522
5523
5524
5525
5526
5527
5528
5529
5530
5530
5530
5531
5532
5533
5534
5535
5536
5538
5538
5539
5540
5540
5541
5543
5544
5550
5551
5551
5552
5552
5553
5554
5555
5555
5558
5558
5559
5559
5560
5561
5561
5562
5566
5568
5569
5569
5570
5573
5573
5574
5577
5577
5578
5578
5580
5580
5581
5583
5584
5586
5587
5590
5591
5594
5596
5596
5597
5598
5598
5598
5600
5600
5601
5601
5602
5603
5603
5604
5605
5605
5606
5607
5609
5609
5611
5611
5612
5613
5615
5615
5616
5616
5617
5621
5621
5622
5625
5627
5627
5627
5628
5628
5629
5629
5630
5630
5631
5631
5636
5637
5639
5641
5642
5642
5645
5647
5647
5648
5651
5655
5656
5656
5658
5659
5659
5659
5660
5660
5662
5663
5663
5665
5667
5669
5675
5676
5677
5679
5681
5682
5684
5684
5686
5690
5691
5694
5695
5701
5702
5703
5707
5710
5711
5712
5713
5715
5717
5718
5719
5719
5720
5721
5721
5721
5723
5724
5725
5725
5726
5726
5727
5728
5731
5733
5735
5736
5740
5741
5742
5744
5745
5748
5750
5754
5754
5755
5756
5756
5756
5758
5758
5758
5760
5761
5762
5766
5768
5770
5770
5775
5778
5780
5781
5782
5782
5783
5783
5783
5783
5784
5785
5786
5786
5786
5787
5788
5789
5794
5794
5795
5795
5797
5800
5801
5801
5802
5803
5805
5805
5806
5807
5808
5810
5811
5811
5814
5815
5816
5817
5817
5820
5822
5822
5822
5824
5826
5826
5826
5827
5828
5830
5833
5834
5834
5835
5836
5837
5837
5839
5840
5840
5844
5845
5846
5847
5849
5850
5852
5853
5855
5856
5857
5858
5859
5862
5866
5868
5870
5874
5875
5878
5879
5883
5884
5884
5886
5887
5892
5894
5894
5895
5896
5897
5898
5900
5900
5900
5902
5902
5905
5908
5911
5912
5913
5917
5918
5919
5919
5921
5922
5922
5924
5925
5927
5928
5930
5931
5932
5933
5939
5940
5940
5942
5943
5944
5945
5945
5947
5947
5948
5949
5950
5951
5952
5952
5953
5953
5953
5954
5954
5954
5956
5957
5957
5958
5960
5962
5964
5966
5968
5972
5976
5976
5978
5979
5982
5987
5989
5991
5994
5999
6000
6002
6004
6004
6006
6007
6007
6008
6010
6013
6015
6015
6016
6017
6018
6018
6018
6025
6025
6026
6033
6033
6033
6035
6036
6039
6041
6042
6042
6044
6044
6045
6046
6047
6047
6048
6049
6049
6051
6053
6054
6057
6058
6059
6059
6060
6062
6064
6066
6070
6072
6073
6073
6073
6074
6077
6081
6083
6086
6089
6089
6089
6092
6092
6094
6094
6095
6095
6096
6097
6099
6100
6103
6105
6107
6109
6110
6111
6112
6112
6114
6116
6116
6118
6120
6122
6122
6122
6124
6125
6126
6126
6128
6130
6130
6132
6133
6139
6140
6140
6141
6143
6145
6146
6147
6148
6151
6153
6155
6160
6160
6164
6166
6168
6169
6171
6173
6174
6174
6177
6180
6183
6184
6190
6190
6191
6193
6196
6202
6202
6203
6204
6206
6207
6207
6208
6208
6212
6215
6218
6221
6226
6226
6227
6228
6230
6231
6232
6232
6234
6234
6236
6236
6240
6244
6245
6245
6247
6248
6249
6250
6258
6259
6260
6265
6267
6268
6268
6274
6280
6281
6281
6282
6284
6284
6287
6287
6289
6291
6298
6302
6303
6304
6305
6306
6309
6310
6312
6315
6318
6320
6320
6322
6323
6324
6327
6330
6331
6333
6335
6343
6345
6346
6348
6349
6351
6353
6355
6356
6356
6359
6362
6363
6370
6377
6378
6379
6379
6381
6385
6386
6388
6389
6395
6395
6396
6398
6398
6399
6399
6403
6405
6405
6410
6412
6413
6413
6414
6420
6420
6422
6422
6423
6424
6426
6427
6427
6428
6433
6434
6434
6436
6437
6439
6439
6447
6450
6450
6450
6451
6453
6457
6458
6460
6463
6470
6471
6475
6478
6479
6480
6480
6481
6482
6483
6483
6485
6486
6486
6488
6489
6490
6493
6493
6495
6496
6497
6497
6498
6500
6503
6505
6509
6510
6512
6513
6514
6516
6516
6517
6518
6525
6525
6529
6531
6539
6540
6545
6545
6550
6554
6557
6558
6561
6561
6562
6563
6565
6567
6568
6571
6575
6577
6579
6581
6583
6584
6584
6585
6587
6588
6590
6591
6594
6595
6601
6603
6607
6609
6609
6612
6613
6617
6617
6619
6620
6621
6622
6628
6630
6633
6633
6634
6635
6638
6639
6642
6644
6647
6650
6653
6653
6655
6656
6658
6659
6664
6664
6665
6668
6668
6671
6674
6674
6675
6675
6677
6681
6683
6687
6687
6687
6692
6692
6694
6695
6697
6698
6698
6700
6701
6702
6704
6711
6711
6715
6716
6721
6722
6733
6734
6736
6738
6743
6749
6751
6752
6753
6756
6758
6760
6762
6763
6767
6772
6773
6775
6776
6778
6782
6785
6789
6790
6791
6791
6792
6793
6795
6796
6796
6797
6801
6803
6807
6809
6810
6812
6814
6816
6823
6824
6827
6827
6829
6830
6833
6833
6835
6843
6847
6849
6858
6863
6869
6870
6872
6876
6876
6881
6885
6887
6889
6890
6890
6893
6893
6899
6909
6912
6915
6917
6918
6920
6920
6921
6940
6940
6940
6941
6947
6947
6948
6950
6952
6962
6962
6966
6967
6968
6968
6969
6972
6974
6975
6976
6979
6979
6981
6985
6988
6989
6990
6990
6990
6992
6993
6996
6997
7000
7003
7005
7008
7009
7013
7014
7015
7020
7022
7027
7029
7029
7031
7032
7034
7038
7044
7045
7048
7048
7051
7057
7057
7058
7059
7069
7072
7072
7079
7080
7081
7088
7096
7107
7108
7117
7118
7121
7121
7146
7147
7151
7151
7157
7158
7169
7171
7172
7189
7195
7197
7197
7198
7210
7227
7227
7232
1781
3302
4258
4050
4315
1782
4030
1776
1781
4059
5281
6527
5192
4551
2543
658
4489
1698
2748
50
4990
6839
2847
2848
5647
2693
698
4248
2037
5744
4938
929
6615
3285
3341
3543
5990
1059
3196
5077
1609
4518
934
5763
3054
5999
3842
5231
3552
4138
5767
6696
944
4187
4068
1106
4908
4650
3693
7217
3243
6713
682
1737
965
6998
2260
5787
872
5510
2393
1809
5792
1684
2102
848
6686
4123
4535
1299
5529
2890
4128
2010
4927
1552
6001
2715
5694
1457
4573
339
2456
4695
1509
3119
1319
1155
3474
5785
2944
6254
2925
2044
5581
7037
2930
1788
4596
6592
5710
4306
1970
3664
6532
2932
5599
2956
785
4820
2958
4175
1531
6766
7007
6542
6243
5121
1826
811
5009
3061
908
6924
2203
1678
4414
1743
2230
172
838
6566
6321
1360
342
5414
3016
6955
1853
1600
382
5128
5191
3164
4213
307
4477
3545
3740
501
5136
5379
878
5031
1648
6383
7075
1627
6195
481
2272
2155
621
3994
6467
3769
1144
5755
2358
3776
1416
3340
2167
4845
967
856
3647
4252
263
2179
7053
3286
4687
1434
5916
1451
3446
412
5425
4979
3671
3807
6657
5154
1754
3147
2830
6388
2091
2323
1776
2210
5185
189
843
1900
1805
4704
4288
1514
4993
1215
6386
5194
3792
34
1919
438
7131
4902
247
4102
4665
914
4726
1935
6545
921
1954
2309
4274
3353
1075
4677
927
692
312
6567
941
1998
5350
1690
1116
4157
4698
659
373
4115
6591
3585
2056
799
5032
2808
493
5255
1108
711
370
6670
1687
5985
6468
2007
387
6622
5273
4960
429
407
6499
4514
2849
2485
4377
425
1733
3451
3847
450
2477
117
6248
517
3939
4412
461
2915
4219
6583
472
6741
3697
1699
2243
1565
2387
496
2728
283
1791
106
511
6721
2385
2986
1171
4449
6842
6725
4816
2520
525
549
6738
4931
3929
6361
2084
563
6852
4827
1068
3108
3517
6767
1170
3944
1854
477
3753
3551
3798
3954
2589
638
4202
3564
2553
792
2842
652
3754
6363
1905
585
685
6795
3038
2464
5375
4625
701
6406
4893
449
617
714
6810
6191
2518
3548
4555
723
6891
3212
3613
637
1253
6863
1377
98
4891
3736
812
1422
4937
253
660
6502
2366
7047
4013
3557
665
797
3988
4957
1874
673
832
3785
6501
2623
6552
653
6900
3667
3240
6663
5841
1775
6774
4490
6759
2407
426
3464
3787
2513
989
48
875
5812
70
5589
5463
6574
1496
4290
6269
3014
2833
278
182
1001
2638
1513
5738
3306
2844
6586
1537
6794
5170
894
7011
1693
4727
4711
6840
1223
2403
1016
246
5614
2853
6223
1224
4505
1527
4592
6807
641
3816
3858
2688
5865
697
676
1026
6604
4511
722
4509
2032
4081
5956
7139
6587
1282
613
6407
3507
1241
730
3339
1519
3853
6865
5751
4101
5655
3518
7110
1571
3866
7142
739
358
1796
6799
2710
6329
3052
3556
4041
6562
1077
4100
3278
951
3529
2039
462
4086
1543
1073
3537
3276
4077
5652
329
3567
4113
4692
2277
296
6929
3547
3039
2917
2724
5229
7148
2745
3331
6662
5241
2443
6580
75
4132
1083
6556
803
2345
2349
1559
6677
3885
531
1545
2754
4093
1352
6237
1542
2757
1284
1540
6957
6442
1327
20
4349
494
21
1118
2787
2329
6661
6712
87
2843
3491
7180
3079
1739
543
5984
4127
1566
1131
968
1132
3256
3593
2468
2261
868
2825
473
6982
5178
7188
3694
3089
2773
3421
3700
715
394
385
499
109
6621
105
4166
3600
5557
4918
1539
3314
6477
5272
1159
3705
1160
2841
5737
3387
3606
5685
1692
7201
5528
3931
928
5564
4082
2184
1814
4379
6381
6991
421
5288
4567
2012
2887
512
7008
1122
3646
2881
1770
1551
1549
3915
3657
3654
3120
6945
3659
2497
7028
2902
1765
1057
7041
964
3957
3955
2812
4106
4401
567
3415
459
4949
4691
6667
374
6718
4705
1154
2714
7056
2469
4156
4378
4146
2946
6166
2945
2937
2720
1038
4589
1037
3635
2248
3375
1052
7236
7238
761
3608
6834
208
2942
4724
5338
6855
6608
592
2512
5339
1204
763
1306
2500
6520
1030
1247
3515
1251
507
5804
2458
5250
2302
2736
551
771
6151
1079
3002
3979
2838
3503
2288
1273
1260
3743
4963
1000
6226
2964
3017
1727
757
786
6026
2526
6538
2524
3962
2465
4173
557
5820
222
2079
7203
7107
2103
4611
4192
1113
3369
3991
2857
773
227
233
1311
788
6910
6780
6756
1435
4311
6247
1265
5608
1353
5003
1177
5459
3973
1126
6270
605
1328
1338
3080
7234
3708
2320
2380
6076
3563
3997
7156
2871
379
800
3166
1347
1741
2201
4405
6775
3133
1465
2228
1092
3175
4408
4848
4194
2562
620
4141
1363
632
5859
3757
4871
4188
3725
2432
1094
6778
1210
6572
4021
2900
1855
4525
2961
1040
651
5131
5650
6765
12
4364
3731
6748
386
1830
1608
4211
1003
1230
6286
1386
1383
664
1105
6078
6850
5654
3230
6370
36
1264
6589
4038
2250
4958
1843
2918
2138
699
3046
1395
5028
99
4397
3742
1376
2025
4467
624
5504
6599
4225
6625
2150
831
1420
5381
5387
6887
2791
3291
5643
2790
3811
4446
4825
4556
6193
1425
3197
3431
720
4658
6707
6827
260
4431
5451
1421
3892
2648
4482
3620
1345
1447
3616
1449
530
5909
2501
149
4207
5402
544
1357
199
6281
6626
846
6206
7084
3527
4458
408
4246
3103
5702
5146
336
4445
5474
1476
251
4263
453
2680
5533
4044
827
4256
3364
5911
4463
3793
7040
4679
3637
1459
350
1431
3703
639
2996
5701
6534
1485
5149
795
3277
6529
6886
470
601
3801
1507
279
4685
280
2303
7083
2817
1984
4978
6648
6345
4547
297
5563
6495
1510
3436
2642
1481
2555
759
6212
1999
6960
6958
4926
1515
5155
4275
6909
582
6745
40
6389
288
1671
4283
988
6352
4218
2811
2514
6252
684
1194
2743
5588
2640
6301
2823
6371
1581
367
4600
204
4873
6488
1817
4876
3487
4890
687
14
5989
282
5613
5987
59
5618
304
443
756
1582
1033
1588
5621
2574
5957
6676
3824
7065
7078
3823
4610
5468
5995
2046
6540
2043
218
6539
627
4616
741
4608
361
2059
1401
3062
3559
6563
6882
753
2727
1719
210
2905
2242
6155
6573
2234
1255
6571
4075
1997
769
5537
1095
351
5505
777
4899
7140
1964
4901
6432
4161
6553
2941
6014
4351
6590
1110
4710
6585
1644
2068
842
6448
2083
19
1208
6455
3590
7163
1981
3589
849
28
4340
1666
6022
6175
6612
3373
6673
6627
4227
489
3422
6466
398
3726
5726
381
4919
3602
3316
4920
4134
3871
2430
2476
5745
430
1296
3438
5567
5743
716
547
6773
1388
1478
338
5758
6814
5294
6113
5649
3615
7208
2892
6837
1293
2279
3650
2021
5688
3619
6717
1556
2196
5069
1020
737
1316
2911
466
3632
1720
3904
6719
5072
4277
2314
3721
2289
5363
992
1379
3638
994
4296
3634
440
5572
4383
487
2050
498
4951
2175
2252
4953
1044
2259
4443
6754
6050
6235
6716
6048
2290
6715
363
1966
6635
4811
5322
4331
4171
6838
5361
4609
2078
4606
4780
2296
4822
4189
6061
2596
6894
6058
886
203
4335
4757
5449
2199
465
533
4180
6786
3698
6751
2362
3687
154
2369
4493
4382
6067
6263
6763
3511
981
6762
6167
2382
3571
1592
4406
562
1756
1206
5013
6776
4851
7137
2481
4852
2784
6569
1629
2788
6326
341
6758
5856
1533
6772
1322
5893
196
584
5870
3579
1745
5017
2127
5006
4430
2126
5871
1218
6085
1848
6847
708
5868
6854
1618
2473
1612
2409
6473
598
622
5133
1398
4433
4808
4462
5422
3176
3005
3888
6093
2585
6817
4228
4043
6816
331
4900
3889
3193
2592
188
5900
724
6761
6829
2530
1225
3266
2533
522
4722
6098
4562
6849
6097
2566
6835
400
6404
3338
1638
5407
649
6282
4245
5034
6870
1390
5037
3890
2183
3817
2682
6324
3820
594
1973
277
1403
1650
2599
5543
6934
542
662
5940
6209
6081
5754
2600
5045
2634
2609
6341
2202
5509
4613
2197
1656
3806
2191
4879
7087
1992
2554
2328
559
3289
1511
3458
6915
2221
2398
6665
2220
2496
6771
2217
4980
4645
3836
5169
4247
898
6405
2017
2266
6126
2400
2777
6806
3030
1270
675
3032
6423
1232
5068
6140
5210
4107
5656
2347
4730
2717
3526
6434
4943
2322
4636
962
2814
2020
3060
7162
2445
5672
6451
7158
1010
2675
6165
5772
2444
3070
7178
510
5703
84
1747
1529
389
3409
2864
2691
1275
2997
4678
6241
6483
731
3699
52
3389
2876
2149
3113
3254
6137
733
6493
3648
1864
423
3656
2901
2821
3124
3348
435
6826
1789
82
1758
2507
1213
7055
719
1359
6255
1233
1329
6565
4987
1200
442
764
4308
4135
355
2989
758
2072
6594
4119
1239
905
6035
5840
890
3159
1584
789
2086
6609
809
153
6266
3366
2319
6181
821
6720
2219
1873
6633
85
1326
1624
6075
3392
2422
3177
6163
3394
78
1364
6183
7074
497
6096
3043
7043
3185
2621
1866
5374
6656
5026
6597
5662
1409
7235
37
3191
7160
1413
3908
6671
5036
3195
2278
2498
3077
3779
909
3887
1452
6199
6694
256
6505
1665
6154
1259
2782
2426
6939
1884
6530
1773
1731
1505
417
6949
3141
505
3220
1477
3009
3645
6734
4690
1781
4030
6913
3013
319
5967
1219
1890
6813
743
3245
5671
7091
2855
2614
5454
305
931
3819
913
3044
2427
3672
7098
2878
4278
1440
2229
2861
751
935
2661
5644
4560
7113
1076
6970
2442
5997
2235
782
3217
5070
3327
1261
1007
2063
6978
4337
5675
4345
813
3384
6655
4105
5687
6699
2991
6994
2802
5712
326
2692
6068
1150
3377
22
2000
3022
7004
2193
5292
1291
3930
1100
3274
3396
1301
2487
7206
6387
4368
6030
5695
2157
3953
5314
7221
206
7066
6820
7039
5297
2041
93
3906
6148
2359
3125
67
6723
3404
7052
925
5803
6203
2952
1209
1470
3019
270
6134
3488
460
4393
2195
5714
3927
2082
911
3493
243
4759
6292
7097
1706
5838
5724
974
577
1348
3533
275
179
3581
3093
576
5727
1321
4015
1344
3828
5867
4212
4800
3739
3156
3172
3587
5732
1753
1371
6869
5885
3051
4
3876
7212
3761
5892
500
4040
480
6373
2151
6433
6764
3859
5203
4453
5908
663
1891
4516
3237
5923
3096
2180
5903
6120
4464
5928
3881
635
4060
2818
3443
608
110
3975
4770
4479
5949
5769
3434
4232
4624
3290
2207
1167
2011
6510
2091
1195
1196
4490
6898
4059
5281
6527
5192
4551
2543
658
4489
1698
2748
50
4990
6839
2847
2848
5647
2693
698
4248
2037
5744
4938
929
6615
3285
3341
3543
5990
1059
3196
5077
1609
4518
934
5763
3054
5999
3842
5231
3552
4138
5767
6696
944
4187
4068
1106
4908
4650
3693
7217
3243
6713
682
1737
965
6998
2260
5787
872
5510
2393
1809
5792
1684
2102
848
6686
4123
4535
1299
5529
2890
4128
2010
4927
1552
6001
2715
5694
1457
4573
339
2456
4695
1509
3119
1319
1155
3474
5785
2944
6254
2925
2044
5581
7037
2930
1788
4596
6592
5710
4306
1970
3664
6532
2932
5599
2956
785
4820
2958
4175
1531
6766
7007
6542
6243
5121
1826
811
5009
3061
908
6924
2203
1678
4414
1743
2230
172
838
6566
6321
1360
342
5414
3016
6955
1853
1600
382
5128
5191
3164
4213
307
4477
3545
3740
501
5136
5379
878
5031
1648
6383
7075
1627
6195
481
2272
2155
621
3994
6467
3769
1144
5755
2358
3776
1416
3340
2167
4845
967
856
3647
4252
263
2179
7053
3286
4687
1434
5916
1451
3446
412
5425
4979
3671
3807
6657
5154
1754
3147
2830
6388
866
6922
4233
3496
6114
3501
1461
426
317
5966
6295
1193
1902
6576
4576
877
5938
2338
883
2617
654
1677
6927
2663
4250
2560
292
2558
5860
5171
6674
3658
6793
2269
564
4301
4072
4932
6819
1576
671
1362
1915
4998
5814
4506
5190
5526
3472
6801
3522
904
918
690
6950
6954
2685
3273
3850
3180
2624
4936
7060
4602
3525
6824
1490
5959
4374
352
3337
1266
830
5321
3189
5963
679
2225
2792
5022
4098
770
7105
1950
933
4092
2437
4369
6798
7090
3309
3301
2718
5482
1250
5211
5224
3562
6896
2312
306
1712
6550
1501
7153
4276
2695
4634
2241
3323
3539
5969
5653
1517
787
5503
3843
3883
6424
4738
6975
6977
2732
3333
4291
2753
4947
1957
3572
3833
6428
5502
3064
1139
5020
1412
1636
2348
11
6159
3880
5681
1494
5676
5977
6012
961
815
1969
4707
2852
6441
2255
6984
2767
4361
3359
703
2766
1840
2764
3592
2809
4203
6973
3695
2798
1058
335
4955
4758
6057
5520
5038
5713
1904
353
966
6017
5988
833
541
436
3905
6462
862
6997
7002
2779
1107
4394
1141
25
6983
3599
7183
6706
1288
2120
1411
1097
1568
702
2406
5532
4395
55
2271
1926
419
2879
4236
5157
3922
7204
5544
6105
5541
936
1162
1180
2795
4416
3280
5538
5057
4367
5304
2899
2895
2893
1718
867
1012
4782
3714
4151
5810
4371
3918
2285
2702
454
7016
362
5193
6005
4273
3895
2907
6249
982
7031
1320
2815
3424
4451
746
6953
4372
5202
6698
3112
2916
6010
5819
5747
4791
5815
4794
1730
4454
4148
6037
7050
3317
2921
5791
6822
5576
2962
3748
5334
1562
1060
2965
2049
6149
3457
6403
2954
2730
5116
1959
3640
1882
7085
6019
3521
274
3136
5584
2495
1597
4485
3462
5806
3466
4732
2947
5935
5562
2069
5707
4137
2523
3970
1082
7068
142
2839
3471
2931
3473
4741
3924
4117
5598
2960
7152
3010
1802
1797
1610
2927
4391
4754
200
193
558
3483
1295
2979
6056
5279
4357
3932
3685
565
3869
1114
7082
4480
2862
3498
6253
3499
1046
978
5605
5925
157
7229
5462
6714
1277
6607
6548
599
6605
4403
3972
5834
1779
597
2988
214
5578
976
6306
1663
2402
6072
3528
7117
7120
2872
1189
1414
3168
128
2755
1089
2746
3006
5866
420
984
1594
4849
5014
2572
3107
4421
2332
5725
5182
802
3024
1333
5332
7174
2765
5619
1343
4009
1242
7143
1906
2894
3208
3835
4578
143
3203
416
4354
3028
31
6354
3967
6267
4860
6582
4859
4531
4455
1384
2335
3157
6294
3035
1385
2330
3395
4888
814
1370
1368
1279
7185
1380
2975
3621
1749
2929
3408
2140
6188
1207
4474
4370
7233
5437
1392
5665
3182
2632
5666
4640
4224
5895
3641
3629
5748
6091
5630
5447
6197
2723
478
824
1304
1407
310
2934
3651
5668
3660
6454
5677
3765
3767
3076
1761
2658
3207
1858
5890
5040
3990
4452
4655
3322
5912
5152
6317
3433
2978
5670
4519
3222
2356
6629
1429
1351
6783
2163
2972
3701
4664
6888
207
406
3102
2603
4530
3097
5534
3770
6325
6645
3356
4856
4897
4437
4045
5932
3716
781
3118
262
3219
3773
343
2425
259
3652
4846
6508
2321
4042
3728
1482
4597
236
4857
5434
604
3800
3130
2999
1174
6646
555
4680
6652
3442
3225
1732
5951
3418
5953
3131
6108
1445
3782
138
1521
5164
3454
1484
5518
4675
7104
2206
3012
1777
252
5276
1487
2315
5790
3808
6090
1183
6391
4032
1682
4948
1525
3789
4281
2513
197
875
2741
5589
6535
1496
2341
3014
3020
182
4285
1513
6551
2844
6395
6794
49
7011
7126
4711
6127
2403
5816
5614
29
1224
6303
4592
3033
3816
709
5865
5008
1026
4302
722
6420
4081
3852
6587
272
6407
6142
730
5827
3853
2785
4101
5942
7110
3050
7142
5473
1796
4120
6329
5078
4041
6449
4100
1713
3529
1274
4086
5222
3537
5853
5652
6906
4113
5501
296
3066
3039
5968
5229
4627
3331
5663
2443
6450
4132
7164
803
1029
1559
4536
531
5875
4093
1639
1542
6688
1540
3072
1327
2774
494
4653
2787
5086
6712
6479
3491
1147
1739
6932
4127
396
968
5898
3593
6672
868
4204
6982
3867
3694
2388
3421
4913
394
3315
109
6492
4166
6685
4918
706
6477
2085
3705
5921
5737
2884
5685
7024
5528
3117
5564
3098
1814
3942
6991
58
4567
6504
512
2440
3646
1716
1551
1577
3657
5960
6945
5293
7028
5549
1057
3126
3957
2457
4106
4731
3415
6736
4691
4942
6718
4985
2714
6951
4156
2913
2946
5982
2937
2920
4589
3907
2248
3144
7236
3960
3608
4745
2942
5109
6855
6561
2512
766
763
4991
6520
2731
3515
6013
5804
4334
2302
4114
771
3152
3002
3440
3503
3520
1260
5596
1000
6584
3017
5323
786
1235
6538
5329
2465
6036
5820
6034
7203
2343
4611
3160
3369
2532
773
4773
1311
3049
6780
6618
4311
6730
5608
1268
1177
6265
1126
6051
1328
5394
7234
5163
2380
3171
3997
4774
379
4510
1347
5123
4405
6639
1465
5346
3175
1325
4194
2478
4141
6074
5859
3023
4188
3723
1094
3178
6572
3624
1855
5493
1040
1599
5650
4358
4364
7023
386
4476
4211
4803
6286
6103
664
3037
6850
7020
6370
3186
6589
3751
4958
4862
2138
6861
1395
6653
4397
5881
2025
1381
5504
5667
6625
6112
1420
3056
6887
5632
5643
3192
4446
3775
6193
4878
3431
5140
6707
6668
4431
1757
3892
405
3620
4503
3616
6125
5909
3081
4207
1567
1357
3205
6626
4492
7084
4895
408
5927
5702
6692
4445
3644
251
6859
2680
1664
827
6153
5911
3110
7040
6285
1459
3214
3703
636
5701
4907
5149
5153
6529
4507
601
1462
279
1145
2303
6336
1984
6169
6345
4875
5563
1512
3436
3218
2555
1480
1999
4924
4926
1759
4275
3145
6745
7092
288
4984
354
3849
6298
3252
5857
4497
5739
2257
6942
3262
3318
6805
602
902
2651
6856
2778
745
4736
4282
2687
2686
6881
112
5015
2707
688
2799
774
4083
334
3326
4346
6923
6873
4332
3872
691
3846
950
6557
1500
5684
2519
2035
4177
4182
4909
4540
92
1668
1744
6992
6902
6052
1696
1532
160
3264
5071
6044
857
4760
4360
1930
2265
2875
993
1715
6690
502
2888
874
4762
7026
5553
41
3898
1302
1829
3307
6384
4944
3900
983
754
2042
5788
7076
748
3343
6830
5120
167
919
4778
6412
3470
1607
7123
2992
2517
2955
2071
4170
3923
3139
6710
3490
3065
4823
6262
1845
4538
4375
2116
963
4786
5106
5622
126
6843
819
4411
4559
4398
4410
985
4796
7133
4523
132
5625
5864
3878
3601
2575
5637
1032
4802
7166
3086
3236
6397
3591
3626
1673
3405
3974
1064
2631
2491
3649
612
609
884
1867
610
6484
6437
1088
6338
2816
1916
5151
6623
907
2606
3448
5243
3094
5699
4221
6170
3720
5704
347
1442
4537
1479
5256
1437
948
3423
5483
6
244
5506
972
5926
2004
5274
3813
1182
2734
1776
4315
4217
4701
1205
308
6118
6528
1574
1762
254
3229
1764
5728
3235
5443
5842
3021
4986
6782
2582
3830
6787
3805
6537
348
6845
2655
4583
3468
5230
6821
1578
1786
4529
5700
3248
2758
5067
7094
4988
810
6790
4434
5828
2647
4466
4067
6376
5878
6380
7019
4242
3261
1586
5610
2616
5439
1226
5980
4088
5183
5187
5460
5476
3467
6224
2613
3822
4304
7130
5891
2868
4603
2019
1793
1598
5889
6848
345
3270
4307
4588
7099
4122
451
6823
953
910
1446
4099
2679
6400
241
6396
726
7135
580
4260
5024
1051
6867
3298
5899
2434
7109
5472
5206
7108
6879
3834
2339
1307
3580
4729
4118
5897
392
3354
1828
4289
6328
1246
4460
3304
5365
3673
7114
6679
3674
4520
513
7115
3676
1985
1280
2060
2061
2673
694
5955
1834
1679
2058
404
4091
5018
4112
5065
2719
5076
2744
1619
5515
1953
76
5523
2334
2326
973
4327
2747
2251
7149
2750
5041
4607
4158
475
2076
6429
7128
6912
6908
5240
700
1734
1278
5525
2759
791
5236
1555
4344
4314
1876
4313
5049
3345
1921
3347
1563
5092
2453
5099
6926
5552
5566
1378
3391
6121
23
4748
5249
2772
7231
2254
1877
1863
6355
4638
971
3352
4160
4952
7157
3386
1272
3863
5574
6683
2794
5575
3099
3083
5261
7181
4338
393
1895
1965
3084
3362
2805
3365
2258
6132
7165
5524
2828
835
3078
4205
2110
2886
3865
977
1143
980
556
4381
1918
6083
6084
1989
17
6138
3605
1685
7191
5793
5542
6989
5706
2115
4733
2851
4133
2399
5994
3025
399
6186
1923
4244
2352
3382
27
3383
1548
5986
7207
5160
4561
4243
7005
2130
6088
5711
2428
3630
6382
3625
320
444
1946
2803
5280
4699
33
5757
5298
3360
7211
6693
876
4191
5777
2178
3334
5660
2439
2435
4922
4154
6578
2436
1948
2493
4257
5095
2898
3402
4149
1018
5312
5197
375
6002
6141
3894
6392
7030
3662
1056
6006
1768
2276
6009
6393
6735
5780
5809
44
4143
5315
6011
6944
4196
3949
5359
6695
7070
2506
2212
1454
2471
892
4772
2450
7222
3724
4429
534
3426
2966
3435
100
5214
899
5218
5555
5579
1833
5698
4111
6177
2482
2486
5299
2950
1008
4473
5080
1005
5122
4737
61
3461
6020
2935
6375
5235
3909
6547
5884
7116
1041
6196
6755
4387
4806
4385
6229
491
1995
2525
2926
1990
77
5084
1339
4599
6311
1340
127
2284
6213
5582
5586
6207
2515
2516
1546
6526
4347
3745
3015
3001
6421
1483
91
5975
4270
5253
6102
4996
930
1061
216
6231
3919
588
6536
3738
332
6457
397
783
2008
2461
223
224
1839
1349
4168
4169
6003
1767
4343
1067
6238
3981
242
6236
3532
2081
4376
3510
527
147
3154
1318
5831
4481
108
1489
6781
115
5946
5118
6279
2546
6259
1355
6288
6264
2537
2538
6274
6554
5341
535
2318
4496
4946
6440
123
3752
1361
4184
3943
5295
7155
2397
6158
4929
2386
2542
7159
2547
1245
4837
6928
561
476
2062
5347
4777
131
5846
5845
6744
5143
2223
987
2410
2480
7061
2232
2394
1448
2576
7167
6828
3758
2001
309
4442
2205
322
135
2075
5117
3100
4898
4420
5410
2421
3151
1901
1603
6180
2967
5641
5367
3689
2301
4595
3135
7173
3814
6461
151
3588
5186
4424
4396
5344
3729
6836
1606
6055
2569
3971
4858
7205
2489
1880
587
595
2100
1238
1908
3604
163
3609
5428
6184
2246
5734
1497
1115
1151
4033
5825
2136
3241
1014
1836
2134
4614
4792
2107
2976
327
5134
169
3617
6753
7220
8
3406
1837
1065
5863
4814
2148
3978
2626
2625
1428
1653
4176
3224
1827
4870
614
2145
5384
4459
4656
2147
30
5388
2153
3628
1493
1862
7239
4047
2646
2643
5683
4010
3781
5511
2118
4643
6458
4867
195
2152
5219
6322
807
5397
2159
7086
3215
1137
504
2158
1657
6901
4883
3916
2274
2144
3324
6024
5624
3679
623
3681
3429
5750
5148
5411
5689
5471
183
2563
198
2540
2669
2670
4843
847
3163
4671
2170
650
6123
2161
209
3691
2390
5696
81
1158
6739
1423
4933
2577
4934
2505
4847
1436
853
6491
1405
4674
2173
851
2612
5166
232
6135
3246
4850
102
3639
1130
5487
6937
3795
5709
2593
3355
2696
1410
3913
1938
6150
2174
1424
5161
2615
237
3727
5914
5500
111
3129
4500
6419
4956
5496
1178
5716
2383
2705
1488
3958
2378
680
3565
670
6514
6515
239
2190
1186
6541
146
5450
5634
4070
4965
4977
349
6560
3783
1910
3456
2713
4706
4715
284
4709
3232
3759
248
938
4522
1248
174
3992
176
1686
5062
5513
4969
3993
4000
1669
6654
4633
5934
4921
4320
2210
2811
5185
6252
189
1194
843
5588
1900
6301
1805
6371
4704
367
4288
204
1514
6488
4993
4876
1215
4890
6386
14
5194
282
3792
5987
34
5618
1919
443
438
1582
7131
1588
4902
2574
247
6676
4102
7065
4665
3823
914
5468
4726
2046
1935
2043
6545
6539
921
4616
1954
4608
2309
2059
4274
3062
3353
6563
1075
753
4677
1719
927
2905
692
6155
312
2234
6567
6571
941
1997
1998
5537
5350
351
1690
777
1116
7140
4157
4901
4698
4161
659
2941
373
4351
4115
1110
6591
6585
3585
2068
2056
6448
799
19
5032
6455
2808
7163
493
3589
5255
28
1108
1666
711
6175
370
3373
6670
6627
1687
489
5985
6466
6468
3726
2007
381
387
3602
6622
4920
5273
3871
4960
2476
429
430
407
3438
6499
5743
4514
547
2849
1388
2485
338
4377
6814
425
6113
1733
3615
3451
2892
3847
1293
450
3650
2477
5688
117
6717
6248
2196
517
1020
3939
1316
4412
466
461
1720
2915
6719
4219
4277
6583
3721
472
5363
6741
1379
3697
994
1699
3634
2243
5572
1565
487
2387
498
496
2175
2728
4953
283
2259
1791
6754
106
6235
511
6048
6721
6715
2385
1966
2986
4811
1171
4331
4449
6838
6842
4609
6725
4606
4816
2296
2520
4189
525
2596
549
6058
6738
203
4931
4757
3929
2199
6361
533
2084
6786
563
6751
6852
3687
4827
2369
1068
4382
3108
6263
3517
3511
6767
6762
1170
2382
3944
1592
1854
562
477
1206
3753
6776
3551
7137
3798
4852
3954
6569
2589
2788
638
341
4202
5856
3564
6772
2553
5893
792
584
2842
3579
652
5017
3754
5006
6363
2126
1905
1218
585
1848
685
708
6795
6854
3038
2473
2464
2409
5375
598
4625
5133
701
4433
6406
4462
4893
3176
449
3888
617
2585
714
4228
6810
6816
6191
4900
2518
3193
3548
188
4555
724
723
6829
6891
1225
3212
2533
3613
4722
637
4562
1253
6097
6863
6835
1377
6404
98
1638
4891
649
3736
4245
812
6870
1422
5037
4937
2183
253
2682
660
3820
6502
1973
2366
1403
7047
2599
4013
6934
3557
662
665
6209
797
5754
3988
5045
4957
2609
1874
2202
673
4613
832
1656
3785
2191
6501
7087
2623
2554
6552
559
653
1511
6900
6915
3667
2398
3240
2220
6663
6771
2583
2323
6250
2819
655
5282
190
5800
4582
5475
5448
3250
1806
4585
6278
4226
4238
205
5595
6489
96
6831
1825
3478
6825
4065
600
6533
6131
3320
5195
2850
3319
6851
5742
2342
4718
4863
3661
6603
5623
796
5199
2584
1888
3825
1486
3041
4319
4259
1374
3854
6546
2438
3538
1572
1956
2305
734
4124
4619
285
5633
6564
3555
3838
2055
1949
4322
2906
2337
6157
311
2413
6568
64
5035
6889
2002
3542
750
7146
1691
3378
3831
2763
2701
3575
5768
2674
5023
2949
371
372
5237
5771
6593
79
6697
1968
2066
5514
801
483
4749
6353
5254
6054
89
6700
2804
975
2694
855
6729
4350
378
1129
103
5275
5262
2109
1993
4355
5373
2006
2015
384
5730
3090
6703
3870
2112
879
7196
7192
3845
432
2101
6185
119
2882
4284
2739
3879
4262
4779
4775
7006
6999
5759
2106
1397
121
2889
5651
6128
3265
1080
5673
1474
1466
2904
5061
6575
3896
2182
3465
4790
2711
4402
468
4144
4295
2716
1769
2033
2031
6500
3349
2310
5360
6218
6040
3344
159
2361
5337
2244
2479
5308
2373
2415
503
5796
5802
1701
2729
2253
2262
2977
3719
6878
6230
515
1243
6724
4317
4162
7150
772
1738
3003
3000
5320
6228
1342
6726
4604
5357
2294
2299
3762
6027
2529
2619
550
1538
6743
7119
798
5587
3933
6162
4829
230
229
1300
4183
6752
1069
5119
2368
2370
6297
3516
4491
1621
221
3155
6768
212
7216
463
166
4628
4422
6938
2740
3544
5843
6777
5400
219
6815
2111
5364
1002
4575
2789
634
5855
2325
3127
4200
6892
1419
839
2567
1369
2846
1203
5872
3397
3576
3733
6619
6360
4641
3158
593
401
689
3611
6797
234
6272
2133
2470
6469
4865
1751
3184
7223
5882
3407
1019
1911
2143
1121
4812
3768
2993
3414
712
2307
6812
240
6276
201
2521
3984
4484
514
1430
728
5901
6832
619
1892
2531
2534
3839
4886
365
1503
4828
1443
6864
5686
4208
321
3788
4892
1372
3735
3744
1453
6077
6871
1976
2237
3956
1860
3891
6487
3804
3861
6331
591
4838
6507
5978
1438
4008
3911
5547
6147
6742
615
5941
6885
3568
3802
2604
2618
2704
3803
4615
4617
841
6649
6895
5717
4976
4964
2630
3668
1661
645
2676
4279
3445
6916
5173
3810
2222
2652
4696
6664
4030
6913
6114
316
3013
7112
4233
4028
319
6570
6295
4989
5967
1760
6576
4954
1219
4941
5938
5147
1890
4637
2617
5521
6813
3308
6927
66
743
5189
2560
4251
3245
4287
5860
3244
5671
4071
3658
5453
7091
434
564
1851
2855
4584
4932
2249
2614
7124
671
5257
5454
4450
4998
3255
305
7033
5190
4997
931
5188
6801
6803
3819
3492
918
2026
913
915
6954
5200
3044
6952
3850
3821
2427
3272
4936
1801
3672
383
3525
5132
7098
7134
5959
1942
2878
2856
3337
6408
4278
4586
5321
2858
1440
4312
679
5209
2229
1933
5022
1936
2861
5007
7105
6876
751
2639
4092
4894
935
917
6798
7141
2661
2703
3301
356
5644
3312
1250
2863
4560
1937
3562
932
7113
4939
306
5012
1076
1721
1501
2441
6970
4323
2695
6969
2442
6857
3323
3325
5997
3321
5653
4110
2235
755
5503
6920
782
4165
6424
5233
3217
2353
6977
7161
5070
6976
4291
376
3327
3330
1957
3928
1261
5764
6428
2883
1007
7127
1139
2827
2063
5973
1636
4069
6978
3288
6159
4310
4337
5979
1494
6347
5675
1101
6012
1564
4345
2836
1969
1096
813
959
6441
5244
3384
6240
2767
7175
6655
3069
703
4348
4105
3357
2764
5697
5687
161
4203
4140
6699
1971
2798
2089
2991
3074
4955
4126
6994
1471
5520
6993
2802
6172
1904
1898
5712
1893
6017
4130
326
2860
541
5270
2692
5269
6462
2891
6068
6330
7002
3702
1150
7000
4394
6811
3377
3380
6983
3376
22
1286
6706
107
2000
3874
1411
1287
3022
337
702
403
7004
7193
4395
7003
2193
6182
1926
1924
5292
6136
4236
4363
1291
5996
7204
3875
3930
4563
5541
717
1100
7022
1180
7200
3274
2873
3280
6244
3396
4686
4367
3390
1301
7001
2895
3450
2487
1006
867
3893
7206
3711
3714
4688
6387
7209
4371
870
4368
6201
2702
2712
6030
3059
362
4142
5695
2897
4273
1506
2157
5691
6249
4097
3953
6494
1320
4254
5314
7054
4451
3305
7221
5774
4372
5805
206
5560
3112
1028
7066
2040
5819
2036
6820
4580
5815
4155
7039
7225
4454
7038
5297
6216
7050
603
2041
5577
5791
4587
93
3116
2962
7072
3906
4799
1562
3513
6148
1031
2049
7240
2359
2824
6403
7035
3125
3455
5116
3950
67
5311
1882
1157
6723
6506
3521
4783
3404
5583
5584
6194
7052
7042
4485
7051
925
6233
3466
3469
5803
3463
5935
4329
6203
1049
5707
7121
2952
2998
3970
6257
1209
6818
142
4817
1470
3018
2931
3504
3019
3475
3924
775
270
4271
2960
4268
6134
6152
1802
5094
3488
553
2927
1604
460
2544
200
4472
4393
6242
3483
3489
2195
780
6056
6425
5714
4744
3932
3372
3927
6784
3869
6260
2082
6251
4480
6414
911
5611
6253
6860
3493
1842
978
2088
243
1736
157
3964
4759
3937
6714
6731
6292
6041
6548
1175
7097
6202
4403
7096
1706
469
1779
4404
5838
2045
214
122
5724
6063
6306
6961
974
6173
6072
2367
577
7122
7120
4836
1348
7118
1414
6868
3533
1120
2755
3530
275
129
3006
130
179
5196
984
2057
3581
5349
5014
4798
3093
6079
4421
479
576
6283
5182
6271
5727
303
1333
6610
1321
590
2765
5779
4015
225
4009
2570
1344
2408
1906
4855
3828
171
3835
6340
5867
6459
3203
3088
4212
6750
3028
3031
4800
5638
3967
6643
3739
3162
6582
4209
3156
4286
4455
6289
3172
1199
3157
4457
3587
2099
1385
4642
5732
6080
4888
2959
1753
6846
1368
2581
1371
1365
1380
869
6869
4644
1749
1920
5885
3627
2140
1393
3051
170
4474
4461
4
4502
5437
2475
3876
6470
3182
4824
7212
3253
4640
7210
3761
4546
3641
3643
5892
3633
6091
3411
500
1133
6197
1399
4040
13
824
885
480
471
310
4874
6373
2948
5668
3430
2151
3675
5677
315
6433
2957
3076
1136
6764
5680
3207
6733
3859
1857
5040
3554
5203
5401
4655
5435
4453
6316
5152
2970
5908
3786
2978
840
663
2982
3222
4844
1891
202
1429
1878
4516
6628
2163
2602
3237
2166
4664
3447
5923
3710
406
1977
3096
1752
4530
4672
2180
80
3770
5480
5903
1859
3356
2607
6120
4326
4437
5156
4464
6334
3716
3717
5928
3713
262
4469
3881
226
343
344
635
6082
3652
2281
4060
2423
2321
2924
2818
3332
1482
1035
3443
124
4857
2186
608
6770
3800
3903
110
606
1174
4545
3975
3986
4680
4861
4770
1974
3225
5383
4479
6344
3418
281
5949
5924
6108
3281
5769
3142
138
647
3434
2761
3454
3669
4232
1659
4675
4915
4624
4622
3012
3484
3290
4626
5276
3449
2207
4517
5790
1994
1167
1889
1183
2781
2011
5055
1682
5058
6510
6511
2
3211
4258
4217
4701
308
6528
1762
3229
5728
5443
3021
6782
3830
3805
348
2655
3468
6821
1786
5700
2758
7094
810
4434
2647
4067
5878
7019
3261
5610
5439
5980
5183
5460
3467
2613
4304
5891
4603
1793
5889
345
4307
7099
451
953
1446
2679
241
726
580
5024
6867
5899
7109
5206
6879
2339
3580
4118
392
1828
6328
4460
5365
7114
3674
513
3676
1280
2061
694
1834
2058
4091
4112
2719
2744
5515
76
2334
973
2747
7149
5041
4158
2076
7128
6908
700
1278
2759
5236
4344
1876
5049
1921
1563
2453
6926
5566
3391
23
5249
7231
1877
6355
971
4160
7157
1272
5574
2794
3099
5261
4338
1895
3084
2805
2258
7165
2828
3078
2110
3865
1143
556
1918
6084
17
3605
7191
5542
5706
4733
4133
5994
399
1923
2352
27
1548
7207
4561
7005
6088
2428
6382
320
1946
5280
33
5298
7211
876
5777
3334
2439
4922
6578
1948
4257
2898
4149
5312
375
6141
6392
3662
6006
2276
6393
5780
44
5315
6944
3949
6695
2506
1454
892
2450
3724
534
2966
100
899
5555
1833
4111
2482
5299
1008
5080
5122
61
6020
6375
3909
5884
1041
6755
4806
6229
1995
2926
77
1339
6311
127
6213
5586
2515
1546
4347
3015
6421
91
4270
6102
930
216
3919
6536
332
397
2008
223
1839
4168
6003
4343
6238
242
3532
4376
527
3154
5831
108
6781
5946
6279
6259
6288
2537
6274
5341
2318
4946
123
1361
3943
7155
6158
2386
7159
1245
6928
476
5347
131
5845
5143
987
2480
2232
1448
7167
3758
309
2205
135
5117
4898
5410
3151
1603
2967
5367
2301
3135
3814
151
5186
4396
3729
1606
2569
4858
2489
587
2100
1908
163
5428
2246
1497
1151
5825
3241
1836
4614
2107
327
169
6753
8
1837
5863
2148
2626
1428
4176
1827
614
5384
4656
30
2153
1493
7239
2646
5683
3781
2118
6458
195
5219
807
2159
3215
504
1657
4883
2274
3324
5624
623
3429
5148
5689
183
198
2669
4843
3163
2170
6123
209
2390
81
6739
4933
4934
4847
853
1405
2173
2612
232
3246
102
1130
6937
5709
3355
1410
1938
2174
5161
237
5914
111
4500
4956
1178
2383
1488
2378
3565
6514
239
1186
146
5634
4965
349
3783
3456
4706
284
3232
248
4522
174
176
5062
4969
4000
4264
3495
6654
5729
1573
4720
5179
4029
3234
3502
5636
6304
6785
18
1467
6221
276
1575
6788
1909
3251
4928
725
6841
1217
4728
4064
4255
666
3257
5263
4413
5016
738
5952
2416
2665
2867
4267
1234
1798
3269
4666
1534
747
1940
6666
2298
6323
2654
678
1932
3287
3582
2224
1941
5491
524
4318
7145
1070
1654
150
5011
3829
2697
631
5226
760
4739
4740
2293
6631
3284
5873
1256
3282
2751
5225
5492
2324
4336
3832
3926
7144
1952
1258
74
6558
6918
2725
2351
1641
6689
2771
2451
5050
1269
2775
5247
822
3398
1804
7226
2074
26
6804
3350
2455
7179
2800
6747
5573
4752
2466
1262
1561
3936
5910
7132
2135
94
1283
5593
7184
7187
4386
6367
1986
495
24
990
175
418
2121
3704
3082
431
4373
4366
3385
2859
871
5079
7012
97
2009
2419
437
1689
164
5091
4970
3095
2171
721
5290
735
1146
4388
3268
3715
3403
42
3899
5569
2909
1473
4210
7214
5766
458
5801
2029
2910
4193
887
5066
1780
4297
2722
3342
6219
3123
3427
86
140
2142
4300
6178
2484
7230
4384
486
104
2919
4249
1947
6018
4321
2971
231
2502
118
6205
1337
6032
120
1336
5568
5580
6214
2522
2510
3746
3747
4750
3042
186
3925
192
5837
217
6447
2928
523
521
3741
3367
95
568
2160
937
6239
6342
3505
3534
2656
4765
571
6919
3535
5612
1004
250
1820
6559
6606
793
5107
2047
1181
5103
5592
1085
2218
2549
1081
4515
560
298
3877
5404
4339
7062
1821
2557
1818
3583
4417
804
5115
1676
2327
3959
5597
185
4199
6337
3684
583
581
1382
45
177
2119
1620
1034
6358
5021
1222
1236
589
3603
1831
6372
333
3546
3541
1611
6189
2129
661
261
2780
5207
4809
2273
3187
3749
6364
1652
474
7224
4544
441
1922
178
2597
4815
1625
3296
1404
2644
1427
3399
6709
269
7186
1135
1433
2598
1865
1632
3428
6464
158
1879
3680
6443
402
566
1098
1943
845
5692
4661
643
410
3690
2990
267
2807
1871
2504
6016
4436
6319
657
5929
806
3105
1849
1138
1978
2392
6641
3912
4601
669
861
3799
145
5497
114
490
39
1979
2209
4620
455
648
5948
5639
5446
3432
3642
289
290
4914
6757
6959
3756
5722
5930
1491
5517
165
1201
7
4001
2091
4635
4633
4330
3211
2677
4921
6511
)


// ************************************************************************* //
