/*--------------------------------*- C++ -*----------------------------------*\
  =========                 |
  \\      /  F ield         | OpenFOAM: The Open Source CFD Toolbox
   \\    /   O peration     | Website:  https://openfoam.org
    \\  /    A nd           | Version:  13
     \\/     M anipulation  |
\*---------------------------------------------------------------------------*/
FoamFile
{
    format      ascii;
    class       volScalarField;
    location    "35";
    object      p;
}
// * * * * * * * * * * * * * * * * * * * * * * * * * * * * * * * * * * * * * //

dimensions      [0 2 -2 0 0 0 0];

internalField   nonuniform List<scalar> 
500
(
0.0818858
0.0761161
0.072614
0.0682258
0.0641839
0.0600067
0.0558823
0.0517373
0.0476005
0.0434602
0.0393219
0.0351821
0.0310438
0.0269041
0.0227656
0.0186261
0.0144872
0.0103479
0.00620881
0.00206954
0.0818839
0.076116
0.072614
0.0682258
0.0641839
0.0600067
0.0558823
0.0517373
0.0476005
0.0434602
0.0393219
0.0351821
0.0310438
0.0269041
0.0227656
0.0186261
0.0144872
0.0103479
0.00620881
0.00206954
0.0818831
0.076116
0.0726141
0.0682258
0.0641839
0.0600067
0.0558823
0.0517373
0.0476005
0.0434602
0.0393219
0.0351821
0.0310438
0.0269041
0.0227656
0.0186261
0.0144872
0.0103479
0.00620881
0.00206954
0.0818839
0.076116
0.072614
0.0682258
0.0641839
0.0600067
0.0558823
0.0517373
0.0476005
0.0434602
0.0393219
0.0351821
0.0310438
0.0269041
0.0227656
0.0186261
0.0144872
0.0103479
0.00620881
0.00206954
0.0818858
0.0761161
0.072614
0.0682258
0.0641839
0.0600067
0.0558823
0.0517373
0.0476005
0.0434602
0.0393219
0.0351821
0.0310438
0.0269041
0.0227656
0.0186261
0.0144872
0.0103479
0.00620881
0.00206954
0.0818839
0.076116
0.072614
0.0682258
0.0641839
0.0600067
0.0558823
0.0517373
0.0476005
0.0434602
0.0393219
0.0351821
0.0310438
0.0269041
0.0227656
0.0186261
0.0144872
0.0103479
0.00620881
0.00206954
0.0818817
0.076116
0.0726141
0.0682258
0.0641839
0.0600067
0.0558823
0.0517373
0.0476005
0.0434602
0.0393219
0.0351821
0.0310438
0.0269041
0.0227656
0.0186261
0.0144872
0.0103479
0.00620881
0.00206954
0.0818809
0.0761159
0.0726141
0.0682258
0.0641839
0.0600067
0.0558823
0.0517373
0.0476005
0.0434602
0.0393219
0.0351821
0.0310438
0.0269041
0.0227656
0.0186261
0.0144872
0.0103479
0.00620881
0.00206954
0.0818817
0.076116
0.0726141
0.0682258
0.0641839
0.0600067
0.0558823
0.0517373
0.0476005
0.0434602
0.0393219
0.0351821
0.0310438
0.0269041
0.0227656
0.0186261
0.0144872
0.0103479
0.00620881
0.00206954
0.0818839
0.076116
0.072614
0.0682258
0.0641839
0.0600067
0.0558823
0.0517373
0.0476005
0.0434602
0.0393219
0.0351821
0.0310438
0.0269041
0.0227656
0.0186261
0.0144872
0.0103479
0.00620881
0.00206954
0.0818831
0.076116
0.0726141
0.0682258
0.0641839
0.0600067
0.0558823
0.0517373
0.0476005
0.0434602
0.0393219
0.0351821
0.0310438
0.0269041
0.0227656
0.0186261
0.0144872
0.0103479
0.00620881
0.00206954
0.0818809
0.0761159
0.0726141
0.0682258
0.0641839
0.0600067
0.0558823
0.0517373
0.0476005
0.0434602
0.0393219
0.0351821
0.0310438
0.0269041
0.0227656
0.0186261
0.0144872
0.0103479
0.00620881
0.00206954
0.08188
0.0761158
0.0726141
0.0682258
0.0641839
0.0600067
0.0558823
0.0517373
0.0476005
0.0434602
0.0393219
0.0351821
0.0310438
0.0269041
0.0227656
0.0186261
0.0144872
0.0103479
0.00620881
0.00206954
0.0818809
0.0761159
0.0726141
0.0682258
0.0641839
0.0600067
0.0558823
0.0517373
0.0476005
0.0434602
0.0393219
0.0351821
0.0310438
0.0269041
0.0227656
0.0186261
0.0144872
0.0103479
0.00620881
0.00206954
0.0818831
0.076116
0.0726141
0.0682258
0.0641839
0.0600067
0.0558823
0.0517373
0.0476005
0.0434602
0.0393219
0.0351821
0.0310438
0.0269041
0.0227656
0.0186261
0.0144872
0.0103479
0.00620881
0.00206954
0.0818839
0.076116
0.072614
0.0682258
0.0641839
0.0600067
0.0558823
0.0517373
0.0476005
0.0434602
0.0393219
0.0351821
0.0310438
0.0269041
0.0227656
0.0186261
0.0144872
0.0103479
0.00620881
0.00206954
0.0818817
0.076116
0.0726141
0.0682258
0.0641839
0.0600067
0.0558823
0.0517373
0.0476005
0.0434602
0.0393219
0.0351821
0.0310438
0.0269041
0.0227656
0.0186261
0.0144872
0.0103479
0.00620881
0.00206954
0.0818809
0.0761159
0.0726141
0.0682258
0.0641839
0.0600067
0.0558823
0.0517373
0.0476005
0.0434602
0.0393219
0.0351821
0.0310438
0.0269041
0.0227656
0.0186261
0.0144872
0.0103479
0.00620881
0.00206954
0.0818817
0.076116
0.0726141
0.0682258
0.0641839
0.0600067
0.0558823
0.0517373
0.0476005
0.0434602
0.0393219
0.0351821
0.0310438
0.0269041
0.0227656
0.0186261
0.0144872
0.0103479
0.00620881
0.00206954
0.0818839
0.076116
0.072614
0.0682258
0.0641839
0.0600067
0.0558823
0.0517373
0.0476005
0.0434602
0.0393219
0.0351821
0.0310438
0.0269041
0.0227656
0.0186261
0.0144872
0.0103479
0.00620881
0.00206954
0.0818858
0.0761161
0.072614
0.0682258
0.0641839
0.0600067
0.0558823
0.0517373
0.0476005
0.0434602
0.0393219
0.0351821
0.0310438
0.0269041
0.0227656
0.0186261
0.0144872
0.0103479
0.00620881
0.00206954
0.0818839
0.076116
0.072614
0.0682258
0.0641839
0.0600067
0.0558823
0.0517373
0.0476005
0.0434602
0.0393219
0.0351821
0.0310438
0.0269041
0.0227656
0.0186261
0.0144872
0.0103479
0.00620881
0.00206954
0.0818831
0.076116
0.0726141
0.0682258
0.0641839
0.0600067
0.0558823
0.0517373
0.0476005
0.0434602
0.0393219
0.0351821
0.0310438
0.0269041
0.0227656
0.0186261
0.0144872
0.0103479
0.00620881
0.00206954
0.0818839
0.076116
0.072614
0.0682258
0.0641839
0.0600067
0.0558823
0.0517373
0.0476005
0.0434602
0.0393219
0.0351821
0.0310438
0.0269041
0.0227656
0.0186261
0.0144872
0.0103479
0.00620881
0.00206954
0.0818858
0.0761161
0.072614
0.0682258
0.0641839
0.0600067
0.0558823
0.0517373
0.0476005
0.0434602
0.0393219
0.0351821
0.0310438
0.0269041
0.0227656
0.0186261
0.0144872
0.0103479
0.00620881
0.00206954
)
;

boundaryField
{
    inlet
    {
        type            zeroGradient;
    }
    outlet
    {
        type            fixedValue;
        value           uniform 0;
    }
    Walls
    {
        type            zeroGradient;
    }
}


// ************************************************************************* //
