/*--------------------------------*- C++ -*----------------------------------*\
  =========                 |
  \\      /  F ield         | OpenFOAM: The Open Source CFD Toolbox
   \\    /   O peration     | Website:  https://openfoam.org
    \\  /    A nd           | Version:  13
     \\/     M anipulation  |
\*---------------------------------------------------------------------------*/
FoamFile
{
    format      ascii;
    class       vectorField;
    location    "constant/polyMesh";
    object      points;
}
// * * * * * * * * * * * * * * * * * * * * * * * * * * * * * * * * * * * * * //


756
(
(0 0 0)
(0.001 0 0)
(0.002 0 0)
(0.003 0 0)
(0.004 0 0)
(0.005 0 0)
(0.006 0 0)
(0.007 0 0)
(0.008 0 0)
(0.009 0 0)
(0.01 0 0)
(0.011 0 0)
(0.012 0 0)
(0.013 0 0)
(0.014 0 0)
(0.015 0 0)
(0.016 0 0)
(0.017 0 0)
(0.018 0 0)
(0.019 0 0)
(0.02 0 0)
(0 2e-05 0)
(0.001 2e-05 0)
(0.002 2e-05 0)
(0.003 2e-05 0)
(0.004 2e-05 0)
(0.005 2e-05 0)
(0.006 2e-05 0)
(0.007 2e-05 0)
(0.008 2e-05 0)
(0.009 2e-05 0)
(0.01 2e-05 0)
(0.011 2e-05 0)
(0.012 2e-05 0)
(0.013 2e-05 0)
(0.014 2e-05 0)
(0.015 2e-05 0)
(0.016 2e-05 0)
(0.017 2e-05 0)
(0.018 2e-05 0)
(0.019 2e-05 0)
(0.02 2e-05 0)
(0 4e-05 0)
(0.001 4e-05 0)
(0.002 4e-05 0)
(0.003 4e-05 0)
(0.004 4e-05 0)
(0.005 4e-05 0)
(0.006 4e-05 0)
(0.007 4e-05 0)
(0.008 4e-05 0)
(0.009 4e-05 0)
(0.01 4e-05 0)
(0.011 4e-05 0)
(0.012 4e-05 0)
(0.013 4e-05 0)
(0.014 4e-05 0)
(0.015 4e-05 0)
(0.016 4e-05 0)
(0.017 4e-05 0)
(0.018 4e-05 0)
(0.019 4e-05 0)
(0.02 4e-05 0)
(0 6e-05 0)
(0.001 6e-05 0)
(0.002 6e-05 0)
(0.003 6e-05 0)
(0.004 6e-05 0)
(0.005 6e-05 0)
(0.006 6e-05 0)
(0.007 6e-05 0)
(0.008 6e-05 0)
(0.009 6e-05 0)
(0.01 6e-05 0)
(0.011 6e-05 0)
(0.012 6e-05 0)
(0.013 6e-05 0)
(0.014 6e-05 0)
(0.015 6e-05 0)
(0.016 6e-05 0)
(0.017 6e-05 0)
(0.018 6e-05 0)
(0.019 6e-05 0)
(0.02 6e-05 0)
(0 8e-05 0)
(0.001 8e-05 0)
(0.002 8e-05 0)
(0.003 8e-05 0)
(0.004 8e-05 0)
(0.005 8e-05 0)
(0.006 8e-05 0)
(0.007 8e-05 0)
(0.008 8e-05 0)
(0.009 8e-05 0)
(0.01 8e-05 0)
(0.011 8e-05 0)
(0.012 8e-05 0)
(0.013 8e-05 0)
(0.014 8e-05 0)
(0.015 8e-05 0)
(0.016 8e-05 0)
(0.017 8e-05 0)
(0.018 8e-05 0)
(0.019 8e-05 0)
(0.02 8e-05 0)
(0 0.0001 0)
(0.001 0.0001 0)
(0.002 0.0001 0)
(0.003 0.0001 0)
(0.004 0.0001 0)
(0.005 0.0001 0)
(0.006 0.0001 0)
(0.007 0.0001 0)
(0.008 0.0001 0)
(0.009 0.0001 0)
(0.01 0.0001 0)
(0.011 0.0001 0)
(0.012 0.0001 0)
(0.013 0.0001 0)
(0.014 0.0001 0)
(0.015 0.0001 0)
(0.016 0.0001 0)
(0.017 0.0001 0)
(0.018 0.0001 0)
(0.019 0.0001 0)
(0.02 0.0001 0)
(0 0 2e-05)
(0.001 0 2e-05)
(0.002 0 2e-05)
(0.003 0 2e-05)
(0.004 0 2e-05)
(0.005 0 2e-05)
(0.006 0 2e-05)
(0.007 0 2e-05)
(0.008 0 2e-05)
(0.009 0 2e-05)
(0.01 0 2e-05)
(0.011 0 2e-05)
(0.012 0 2e-05)
(0.013 0 2e-05)
(0.014 0 2e-05)
(0.015 0 2e-05)
(0.016 0 2e-05)
(0.017 0 2e-05)
(0.018 0 2e-05)
(0.019 0 2e-05)
(0.02 0 2e-05)
(0 2e-05 2e-05)
(0.001 2e-05 2e-05)
(0.002 2e-05 2e-05)
(0.003 2e-05 2e-05)
(0.004 2e-05 2e-05)
(0.005 2e-05 2e-05)
(0.006 2e-05 2e-05)
(0.007 2e-05 2e-05)
(0.008 2e-05 2e-05)
(0.009 2e-05 2e-05)
(0.01 2e-05 2e-05)
(0.011 2e-05 2e-05)
(0.012 2e-05 2e-05)
(0.013 2e-05 2e-05)
(0.014 2e-05 2e-05)
(0.015 2e-05 2e-05)
(0.016 2e-05 2e-05)
(0.017 2e-05 2e-05)
(0.018 2e-05 2e-05)
(0.019 2e-05 2e-05)
(0.02 2e-05 2e-05)
(0 4e-05 2e-05)
(0.001 4e-05 2e-05)
(0.002 4e-05 2e-05)
(0.003 4e-05 2e-05)
(0.004 4e-05 2e-05)
(0.005 4e-05 2e-05)
(0.006 4e-05 2e-05)
(0.007 4e-05 2e-05)
(0.008 4e-05 2e-05)
(0.009 4e-05 2e-05)
(0.01 4e-05 2e-05)
(0.011 4e-05 2e-05)
(0.012 4e-05 2e-05)
(0.013 4e-05 2e-05)
(0.014 4e-05 2e-05)
(0.015 4e-05 2e-05)
(0.016 4e-05 2e-05)
(0.017 4e-05 2e-05)
(0.018 4e-05 2e-05)
(0.019 4e-05 2e-05)
(0.02 4e-05 2e-05)
(0 6e-05 2e-05)
(0.001 6e-05 2e-05)
(0.002 6e-05 2e-05)
(0.003 6e-05 2e-05)
(0.004 6e-05 2e-05)
(0.005 6e-05 2e-05)
(0.006 6e-05 2e-05)
(0.007 6e-05 2e-05)
(0.008 6e-05 2e-05)
(0.009 6e-05 2e-05)
(0.01 6e-05 2e-05)
(0.011 6e-05 2e-05)
(0.012 6e-05 2e-05)
(0.013 6e-05 2e-05)
(0.014 6e-05 2e-05)
(0.015 6e-05 2e-05)
(0.016 6e-05 2e-05)
(0.017 6e-05 2e-05)
(0.018 6e-05 2e-05)
(0.019 6e-05 2e-05)
(0.02 6e-05 2e-05)
(0 8e-05 2e-05)
(0.001 8e-05 2e-05)
(0.002 8e-05 2e-05)
(0.003 8e-05 2e-05)
(0.004 8e-05 2e-05)
(0.005 8e-05 2e-05)
(0.006 8e-05 2e-05)
(0.007 8e-05 2e-05)
(0.008 8e-05 2e-05)
(0.009 8e-05 2e-05)
(0.01 8e-05 2e-05)
(0.011 8e-05 2e-05)
(0.012 8e-05 2e-05)
(0.013 8e-05 2e-05)
(0.014 8e-05 2e-05)
(0.015 8e-05 2e-05)
(0.016 8e-05 2e-05)
(0.017 8e-05 2e-05)
(0.018 8e-05 2e-05)
(0.019 8e-05 2e-05)
(0.02 8e-05 2e-05)
(0 0.0001 2e-05)
(0.001 0.0001 2e-05)
(0.002 0.0001 2e-05)
(0.003 0.0001 2e-05)
(0.004 0.0001 2e-05)
(0.005 0.0001 2e-05)
(0.006 0.0001 2e-05)
(0.007 0.0001 2e-05)
(0.008 0.0001 2e-05)
(0.009 0.0001 2e-05)
(0.01 0.0001 2e-05)
(0.011 0.0001 2e-05)
(0.012 0.0001 2e-05)
(0.013 0.0001 2e-05)
(0.014 0.0001 2e-05)
(0.015 0.0001 2e-05)
(0.016 0.0001 2e-05)
(0.017 0.0001 2e-05)
(0.018 0.0001 2e-05)
(0.019 0.0001 2e-05)
(0.02 0.0001 2e-05)
(0 0 4e-05)
(0.001 0 4e-05)
(0.002 0 4e-05)
(0.003 0 4e-05)
(0.004 0 4e-05)
(0.005 0 4e-05)
(0.006 0 4e-05)
(0.007 0 4e-05)
(0.008 0 4e-05)
(0.009 0 4e-05)
(0.01 0 4e-05)
(0.011 0 4e-05)
(0.012 0 4e-05)
(0.013 0 4e-05)
(0.014 0 4e-05)
(0.015 0 4e-05)
(0.016 0 4e-05)
(0.017 0 4e-05)
(0.018 0 4e-05)
(0.019 0 4e-05)
(0.02 0 4e-05)
(0 2e-05 4e-05)
(0.001 2e-05 4e-05)
(0.002 2e-05 4e-05)
(0.003 2e-05 4e-05)
(0.004 2e-05 4e-05)
(0.005 2e-05 4e-05)
(0.006 2e-05 4e-05)
(0.007 2e-05 4e-05)
(0.008 2e-05 4e-05)
(0.009 2e-05 4e-05)
(0.01 2e-05 4e-05)
(0.011 2e-05 4e-05)
(0.012 2e-05 4e-05)
(0.013 2e-05 4e-05)
(0.014 2e-05 4e-05)
(0.015 2e-05 4e-05)
(0.016 2e-05 4e-05)
(0.017 2e-05 4e-05)
(0.018 2e-05 4e-05)
(0.019 2e-05 4e-05)
(0.02 2e-05 4e-05)
(0 4e-05 4e-05)
(0.001 4e-05 4e-05)
(0.002 4e-05 4e-05)
(0.003 4e-05 4e-05)
(0.004 4e-05 4e-05)
(0.005 4e-05 4e-05)
(0.006 4e-05 4e-05)
(0.007 4e-05 4e-05)
(0.008 4e-05 4e-05)
(0.009 4e-05 4e-05)
(0.01 4e-05 4e-05)
(0.011 4e-05 4e-05)
(0.012 4e-05 4e-05)
(0.013 4e-05 4e-05)
(0.014 4e-05 4e-05)
(0.015 4e-05 4e-05)
(0.016 4e-05 4e-05)
(0.017 4e-05 4e-05)
(0.018 4e-05 4e-05)
(0.019 4e-05 4e-05)
(0.02 4e-05 4e-05)
(0 6e-05 4e-05)
(0.001 6e-05 4e-05)
(0.002 6e-05 4e-05)
(0.003 6e-05 4e-05)
(0.004 6e-05 4e-05)
(0.005 6e-05 4e-05)
(0.006 6e-05 4e-05)
(0.007 6e-05 4e-05)
(0.008 6e-05 4e-05)
(0.009 6e-05 4e-05)
(0.01 6e-05 4e-05)
(0.011 6e-05 4e-05)
(0.012 6e-05 4e-05)
(0.013 6e-05 4e-05)
(0.014 6e-05 4e-05)
(0.015 6e-05 4e-05)
(0.016 6e-05 4e-05)
(0.017 6e-05 4e-05)
(0.018 6e-05 4e-05)
(0.019 6e-05 4e-05)
(0.02 6e-05 4e-05)
(0 8e-05 4e-05)
(0.001 8e-05 4e-05)
(0.002 8e-05 4e-05)
(0.003 8e-05 4e-05)
(0.004 8e-05 4e-05)
(0.005 8e-05 4e-05)
(0.006 8e-05 4e-05)
(0.007 8e-05 4e-05)
(0.008 8e-05 4e-05)
(0.009 8e-05 4e-05)
(0.01 8e-05 4e-05)
(0.011 8e-05 4e-05)
(0.012 8e-05 4e-05)
(0.013 8e-05 4e-05)
(0.014 8e-05 4e-05)
(0.015 8e-05 4e-05)
(0.016 8e-05 4e-05)
(0.017 8e-05 4e-05)
(0.018 8e-05 4e-05)
(0.019 8e-05 4e-05)
(0.02 8e-05 4e-05)
(0 0.0001 4e-05)
(0.001 0.0001 4e-05)
(0.002 0.0001 4e-05)
(0.003 0.0001 4e-05)
(0.004 0.0001 4e-05)
(0.005 0.0001 4e-05)
(0.006 0.0001 4e-05)
(0.007 0.0001 4e-05)
(0.008 0.0001 4e-05)
(0.009 0.0001 4e-05)
(0.01 0.0001 4e-05)
(0.011 0.0001 4e-05)
(0.012 0.0001 4e-05)
(0.013 0.0001 4e-05)
(0.014 0.0001 4e-05)
(0.015 0.0001 4e-05)
(0.016 0.0001 4e-05)
(0.017 0.0001 4e-05)
(0.018 0.0001 4e-05)
(0.019 0.0001 4e-05)
(0.02 0.0001 4e-05)
(0 0 6e-05)
(0.001 0 6e-05)
(0.002 0 6e-05)
(0.003 0 6e-05)
(0.004 0 6e-05)
(0.005 0 6e-05)
(0.006 0 6e-05)
(0.007 0 6e-05)
(0.008 0 6e-05)
(0.009 0 6e-05)
(0.01 0 6e-05)
(0.011 0 6e-05)
(0.012 0 6e-05)
(0.013 0 6e-05)
(0.014 0 6e-05)
(0.015 0 6e-05)
(0.016 0 6e-05)
(0.017 0 6e-05)
(0.018 0 6e-05)
(0.019 0 6e-05)
(0.02 0 6e-05)
(0 2e-05 6e-05)
(0.001 2e-05 6e-05)
(0.002 2e-05 6e-05)
(0.003 2e-05 6e-05)
(0.004 2e-05 6e-05)
(0.005 2e-05 6e-05)
(0.006 2e-05 6e-05)
(0.007 2e-05 6e-05)
(0.008 2e-05 6e-05)
(0.009 2e-05 6e-05)
(0.01 2e-05 6e-05)
(0.011 2e-05 6e-05)
(0.012 2e-05 6e-05)
(0.013 2e-05 6e-05)
(0.014 2e-05 6e-05)
(0.015 2e-05 6e-05)
(0.016 2e-05 6e-05)
(0.017 2e-05 6e-05)
(0.018 2e-05 6e-05)
(0.019 2e-05 6e-05)
(0.02 2e-05 6e-05)
(0 4e-05 6e-05)
(0.001 4e-05 6e-05)
(0.002 4e-05 6e-05)
(0.003 4e-05 6e-05)
(0.004 4e-05 6e-05)
(0.005 4e-05 6e-05)
(0.006 4e-05 6e-05)
(0.007 4e-05 6e-05)
(0.008 4e-05 6e-05)
(0.009 4e-05 6e-05)
(0.01 4e-05 6e-05)
(0.011 4e-05 6e-05)
(0.012 4e-05 6e-05)
(0.013 4e-05 6e-05)
(0.014 4e-05 6e-05)
(0.015 4e-05 6e-05)
(0.016 4e-05 6e-05)
(0.017 4e-05 6e-05)
(0.018 4e-05 6e-05)
(0.019 4e-05 6e-05)
(0.02 4e-05 6e-05)
(0 6e-05 6e-05)
(0.001 6e-05 6e-05)
(0.002 6e-05 6e-05)
(0.003 6e-05 6e-05)
(0.004 6e-05 6e-05)
(0.005 6e-05 6e-05)
(0.006 6e-05 6e-05)
(0.007 6e-05 6e-05)
(0.008 6e-05 6e-05)
(0.009 6e-05 6e-05)
(0.01 6e-05 6e-05)
(0.011 6e-05 6e-05)
(0.012 6e-05 6e-05)
(0.013 6e-05 6e-05)
(0.014 6e-05 6e-05)
(0.015 6e-05 6e-05)
(0.016 6e-05 6e-05)
(0.017 6e-05 6e-05)
(0.018 6e-05 6e-05)
(0.019 6e-05 6e-05)
(0.02 6e-05 6e-05)
(0 8e-05 6e-05)
(0.001 8e-05 6e-05)
(0.002 8e-05 6e-05)
(0.003 8e-05 6e-05)
(0.004 8e-05 6e-05)
(0.005 8e-05 6e-05)
(0.006 8e-05 6e-05)
(0.007 8e-05 6e-05)
(0.008 8e-05 6e-05)
(0.009 8e-05 6e-05)
(0.01 8e-05 6e-05)
(0.011 8e-05 6e-05)
(0.012 8e-05 6e-05)
(0.013 8e-05 6e-05)
(0.014 8e-05 6e-05)
(0.015 8e-05 6e-05)
(0.016 8e-05 6e-05)
(0.017 8e-05 6e-05)
(0.018 8e-05 6e-05)
(0.019 8e-05 6e-05)
(0.02 8e-05 6e-05)
(0 0.0001 6e-05)
(0.001 0.0001 6e-05)
(0.002 0.0001 6e-05)
(0.003 0.0001 6e-05)
(0.004 0.0001 6e-05)
(0.005 0.0001 6e-05)
(0.006 0.0001 6e-05)
(0.007 0.0001 6e-05)
(0.008 0.0001 6e-05)
(0.009 0.0001 6e-05)
(0.01 0.0001 6e-05)
(0.011 0.0001 6e-05)
(0.012 0.0001 6e-05)
(0.013 0.0001 6e-05)
(0.014 0.0001 6e-05)
(0.015 0.0001 6e-05)
(0.016 0.0001 6e-05)
(0.017 0.0001 6e-05)
(0.018 0.0001 6e-05)
(0.019 0.0001 6e-05)
(0.02 0.0001 6e-05)
(0 0 8e-05)
(0.001 0 8e-05)
(0.002 0 8e-05)
(0.003 0 8e-05)
(0.004 0 8e-05)
(0.005 0 8e-05)
(0.006 0 8e-05)
(0.007 0 8e-05)
(0.008 0 8e-05)
(0.009 0 8e-05)
(0.01 0 8e-05)
(0.011 0 8e-05)
(0.012 0 8e-05)
(0.013 0 8e-05)
(0.014 0 8e-05)
(0.015 0 8e-05)
(0.016 0 8e-05)
(0.017 0 8e-05)
(0.018 0 8e-05)
(0.019 0 8e-05)
(0.02 0 8e-05)
(0 2e-05 8e-05)
(0.001 2e-05 8e-05)
(0.002 2e-05 8e-05)
(0.003 2e-05 8e-05)
(0.004 2e-05 8e-05)
(0.005 2e-05 8e-05)
(0.006 2e-05 8e-05)
(0.007 2e-05 8e-05)
(0.008 2e-05 8e-05)
(0.009 2e-05 8e-05)
(0.01 2e-05 8e-05)
(0.011 2e-05 8e-05)
(0.012 2e-05 8e-05)
(0.013 2e-05 8e-05)
(0.014 2e-05 8e-05)
(0.015 2e-05 8e-05)
(0.016 2e-05 8e-05)
(0.017 2e-05 8e-05)
(0.018 2e-05 8e-05)
(0.019 2e-05 8e-05)
(0.02 2e-05 8e-05)
(0 4e-05 8e-05)
(0.001 4e-05 8e-05)
(0.002 4e-05 8e-05)
(0.003 4e-05 8e-05)
(0.004 4e-05 8e-05)
(0.005 4e-05 8e-05)
(0.006 4e-05 8e-05)
(0.007 4e-05 8e-05)
(0.008 4e-05 8e-05)
(0.009 4e-05 8e-05)
(0.01 4e-05 8e-05)
(0.011 4e-05 8e-05)
(0.012 4e-05 8e-05)
(0.013 4e-05 8e-05)
(0.014 4e-05 8e-05)
(0.015 4e-05 8e-05)
(0.016 4e-05 8e-05)
(0.017 4e-05 8e-05)
(0.018 4e-05 8e-05)
(0.019 4e-05 8e-05)
(0.02 4e-05 8e-05)
(0 6e-05 8e-05)
(0.001 6e-05 8e-05)
(0.002 6e-05 8e-05)
(0.003 6e-05 8e-05)
(0.004 6e-05 8e-05)
(0.005 6e-05 8e-05)
(0.006 6e-05 8e-05)
(0.007 6e-05 8e-05)
(0.008 6e-05 8e-05)
(0.009 6e-05 8e-05)
(0.01 6e-05 8e-05)
(0.011 6e-05 8e-05)
(0.012 6e-05 8e-05)
(0.013 6e-05 8e-05)
(0.014 6e-05 8e-05)
(0.015 6e-05 8e-05)
(0.016 6e-05 8e-05)
(0.017 6e-05 8e-05)
(0.018 6e-05 8e-05)
(0.019 6e-05 8e-05)
(0.02 6e-05 8e-05)
(0 8e-05 8e-05)
(0.001 8e-05 8e-05)
(0.002 8e-05 8e-05)
(0.003 8e-05 8e-05)
(0.004 8e-05 8e-05)
(0.005 8e-05 8e-05)
(0.006 8e-05 8e-05)
(0.007 8e-05 8e-05)
(0.008 8e-05 8e-05)
(0.009 8e-05 8e-05)
(0.01 8e-05 8e-05)
(0.011 8e-05 8e-05)
(0.012 8e-05 8e-05)
(0.013 8e-05 8e-05)
(0.014 8e-05 8e-05)
(0.015 8e-05 8e-05)
(0.016 8e-05 8e-05)
(0.017 8e-05 8e-05)
(0.018 8e-05 8e-05)
(0.019 8e-05 8e-05)
(0.02 8e-05 8e-05)
(0 0.0001 8e-05)
(0.001 0.0001 8e-05)
(0.002 0.0001 8e-05)
(0.003 0.0001 8e-05)
(0.004 0.0001 8e-05)
(0.005 0.0001 8e-05)
(0.006 0.0001 8e-05)
(0.007 0.0001 8e-05)
(0.008 0.0001 8e-05)
(0.009 0.0001 8e-05)
(0.01 0.0001 8e-05)
(0.011 0.0001 8e-05)
(0.012 0.0001 8e-05)
(0.013 0.0001 8e-05)
(0.014 0.0001 8e-05)
(0.015 0.0001 8e-05)
(0.016 0.0001 8e-05)
(0.017 0.0001 8e-05)
(0.018 0.0001 8e-05)
(0.019 0.0001 8e-05)
(0.02 0.0001 8e-05)
(0 0 0.0001)
(0.001 0 0.0001)
(0.002 0 0.0001)
(0.003 0 0.0001)
(0.004 0 0.0001)
(0.005 0 0.0001)
(0.006 0 0.0001)
(0.007 0 0.0001)
(0.008 0 0.0001)
(0.009 0 0.0001)
(0.01 0 0.0001)
(0.011 0 0.0001)
(0.012 0 0.0001)
(0.013 0 0.0001)
(0.014 0 0.0001)
(0.015 0 0.0001)
(0.016 0 0.0001)
(0.017 0 0.0001)
(0.018 0 0.0001)
(0.019 0 0.0001)
(0.02 0 0.0001)
(0 2e-05 0.0001)
(0.001 2e-05 0.0001)
(0.002 2e-05 0.0001)
(0.003 2e-05 0.0001)
(0.004 2e-05 0.0001)
(0.005 2e-05 0.0001)
(0.006 2e-05 0.0001)
(0.007 2e-05 0.0001)
(0.008 2e-05 0.0001)
(0.009 2e-05 0.0001)
(0.01 2e-05 0.0001)
(0.011 2e-05 0.0001)
(0.012 2e-05 0.0001)
(0.013 2e-05 0.0001)
(0.014 2e-05 0.0001)
(0.015 2e-05 0.0001)
(0.016 2e-05 0.0001)
(0.017 2e-05 0.0001)
(0.018 2e-05 0.0001)
(0.019 2e-05 0.0001)
(0.02 2e-05 0.0001)
(0 4e-05 0.0001)
(0.001 4e-05 0.0001)
(0.002 4e-05 0.0001)
(0.003 4e-05 0.0001)
(0.004 4e-05 0.0001)
(0.005 4e-05 0.0001)
(0.006 4e-05 0.0001)
(0.007 4e-05 0.0001)
(0.008 4e-05 0.0001)
(0.009 4e-05 0.0001)
(0.01 4e-05 0.0001)
(0.011 4e-05 0.0001)
(0.012 4e-05 0.0001)
(0.013 4e-05 0.0001)
(0.014 4e-05 0.0001)
(0.015 4e-05 0.0001)
(0.016 4e-05 0.0001)
(0.017 4e-05 0.0001)
(0.018 4e-05 0.0001)
(0.019 4e-05 0.0001)
(0.02 4e-05 0.0001)
(0 6e-05 0.0001)
(0.001 6e-05 0.0001)
(0.002 6e-05 0.0001)
(0.003 6e-05 0.0001)
(0.004 6e-05 0.0001)
(0.005 6e-05 0.0001)
(0.006 6e-05 0.0001)
(0.007 6e-05 0.0001)
(0.008 6e-05 0.0001)
(0.009 6e-05 0.0001)
(0.01 6e-05 0.0001)
(0.011 6e-05 0.0001)
(0.012 6e-05 0.0001)
(0.013 6e-05 0.0001)
(0.014 6e-05 0.0001)
(0.015 6e-05 0.0001)
(0.016 6e-05 0.0001)
(0.017 6e-05 0.0001)
(0.018 6e-05 0.0001)
(0.019 6e-05 0.0001)
(0.02 6e-05 0.0001)
(0 8e-05 0.0001)
(0.001 8e-05 0.0001)
(0.002 8e-05 0.0001)
(0.003 8e-05 0.0001)
(0.004 8e-05 0.0001)
(0.005 8e-05 0.0001)
(0.006 8e-05 0.0001)
(0.007 8e-05 0.0001)
(0.008 8e-05 0.0001)
(0.009 8e-05 0.0001)
(0.01 8e-05 0.0001)
(0.011 8e-05 0.0001)
(0.012 8e-05 0.0001)
(0.013 8e-05 0.0001)
(0.014 8e-05 0.0001)
(0.015 8e-05 0.0001)
(0.016 8e-05 0.0001)
(0.017 8e-05 0.0001)
(0.018 8e-05 0.0001)
(0.019 8e-05 0.0001)
(0.02 8e-05 0.0001)
(0 0.0001 0.0001)
(0.001 0.0001 0.0001)
(0.002 0.0001 0.0001)
(0.003 0.0001 0.0001)
(0.004 0.0001 0.0001)
(0.005 0.0001 0.0001)
(0.006 0.0001 0.0001)
(0.007 0.0001 0.0001)
(0.008 0.0001 0.0001)
(0.009 0.0001 0.0001)
(0.01 0.0001 0.0001)
(0.011 0.0001 0.0001)
(0.012 0.0001 0.0001)
(0.013 0.0001 0.0001)
(0.014 0.0001 0.0001)
(0.015 0.0001 0.0001)
(0.016 0.0001 0.0001)
(0.017 0.0001 0.0001)
(0.018 0.0001 0.0001)
(0.019 0.0001 0.0001)
(0.02 0.0001 0.0001)
)


// ************************************************************************* //
