/*--------------------------------*- C++ -*----------------------------------*\
  =========                 |
  \\      /  F ield         | OpenFOAM: The Open Source CFD Toolbox
   \\    /   O peration     | Website:  https://openfoam.org
    \\  /    A nd           | Version:  13
     \\/     M anipulation  |
\*---------------------------------------------------------------------------*/
FoamFile
{
    format      ascii;
    class       faceList;
    location    "constant/polyMesh";
    object      faces;
}
// * * * * * * * * * * * * * * * * * * * * * * * * * * * * * * * * * * * * * //


4032
(
3(240 987 988)
3(240 988 739)
3(240 739 987)
3(152 899 400)
3(401 899 152)
3(270 768 21)
3(768 269 21)
3(378 876 129)
3(876 377 129)
3(790 292 542)
3(542 292 791)
3(367 865 118)
3(865 366 118)
3(183 930 682)
3(183 681 930)
3(579 578 329)
3(579 329 827)
3(827 329 578)
3(788 290 41)
3(42 290 788)
3(42 788 41)
3(777 529 30)
3(777 30 528)
3(31 778 32)
3(530 778 31)
3(530 32 778)
3(832 584 85)
3(583 832 85)
3(152 899 898)
3(152 898 400)
3(834 586 87)
3(834 87 585)
3(674 175 923)
3(922 923 175)
3(922 175 674)
3(707 457 458)
3(707 956 457)
3(707 458 956)
3(964 217 716)
3(964 218 217)
3(964 716 218)
3(462 213 712)
3(214 462 712)
3(975 727 229)
3(975 229 228)
3(975 228 727)
3(854 108 107)
3(854 606 108)
3(854 107 606)
3(597 598 348)
3(597 348 99)
3(348 598 99)
3(711 461 959)
3(711 710 461)
3(959 461 710)
3(768 20 767)
3(20 519 767)
3(768 519 20)
3(20 269 767)
3(20 767 268)
3(977 728 229)
3(977 229 976)
3(229 728 976)
3(209 458 707)
3(209 707 457)
3(975 229 976)
3(975 477 229)
3(229 477 976)
3(242 490 740)
3(241 740 490)
3(218 966 219)
3(966 717 219)
3(218 717 966)
3(31 778 280)
3(280 778 32)
3(955 954 207)
3(955 207 456)
3(207 954 456)
3(176 175 923)
3(674 176 923)
3(42 789 540)
3(42 788 789)
3(42 540 788)
3(966 219 467)
3(966 467 218)
3(240 488 986)
3(240 986 239)
3(986 488 239)
3(562 811 64)
3(64 811 563)
3(933 684 185)
3(185 684 932)
3(933 185 932)
3(960 711 462)
3(960 461 711)
3(711 461 462)
3(240 488 987)
3(240 987 986)
3(887 140 389)
3(887 388 140)
3(812 811 65)
3(313 812 65)
3(313 65 811)
3(586 336 835)
3(834 336 586)
3(586 337 88)
3(586 587 337)
3(337 587 88)
3(240 489 988)
3(240 987 489)
3(564 315 66)
3(564 565 315)
3(315 565 66)
3(42 789 541)
3(546 296 795)
3(546 794 296)
3(575 824 77)
3(576 77 824)
3(887 639 140)
3(638 887 140)
3(845 97 596)
3(845 596 98)
3(845 98 97)
3(790 43 541)
3(790 542 43)
3(966 718 219)
3(334 832 85)
3(832 333 85)
3(165 912 413)
3(414 912 165)
3(337 336 586)
3(88 586 336)
3(711 462 712)
3(960 712 462)
3(682 184 931)
3(682 931 183)
3(184 183 931)
3(812 65 563)
3(564 65 812)
3(541 790 42)
3(43 42 790)
3(174 921 673)
3(672 921 174)
3(108 109 855)
3(357 108 855)
3(357 855 109)
3(130 877 378)
3(379 877 130)
3(929 431 681)
3(930 681 431)
3(336 834 87)
3(834 335 87)
3(563 811 65)
3(867 120 619)
3(867 868 120)
3(619 120 868)
3(618 120 867)
3(618 867 119)
3(120 119 867)
3(988 739 241)
3(240 988 241)
3(988 489 241)
3(490 988 241)
3(236 484 734)
3(484 235 734)
3(121 868 369)
3(370 868 121)
3(97 844 843)
3(97 345 844)
3(97 843 345)
3(292 790 43)
3(790 291 43)
3(64 811 810)
3(64 312 811)
3(64 810 312)
3(218 964 466)
3(218 466 965)
3(218 965 964)
3(931 184 683)
3(931 683 185)
3(931 185 184)
3(751 502 253)
3(751 752 502)
3(502 752 253)
3(922 423 175)
3(922 175 424)
3(97 844 595)
3(843 97 595)
3(174 922 423)
3(174 175 922)
3(185 932 931)
3(185 931 433)
3(185 433 932)
3(163 411 910)
3(909 163 910)
3(909 411 163)
3(108 356 854)
3(854 356 107)
3(176 923 424)
3(425 923 176)
3(141 887 389)
3(141 389 888)
3(141 888 887)
3(810 64 562)
3(75 822 573)
3(821 75 573)
3(821 822 75)
3(883 634 384)
3(634 882 384)
3(652 403 653)
3(652 901 403)
3(403 901 653)
3(152 899 650)
3(152 650 898)
3(330 580 828)
3(829 580 330)
3(477 975 228)
3(975 476 228)
3(909 661 162)
3(909 162 660)
3(43 292 542)
3(823 325 76)
3(823 77 325)
3(823 76 77)
3(977 230 728)
3(977 729 230)
3(424 175 923)
3(163 412 910)
3(479 977 230)
3(977 478 230)
3(297 547 49)
3(297 48 547)
3(435 933 186)
3(933 434 186)
3(546 297 795)
3(546 296 297)
3(546 296 545)
3(546 47 296)
3(47 545 296)
3(529 778 31)
3(314 812 65)
3(44 292 542)
3(502 501 751)
3(253 751 501)
3(251 997 250)
3(997 499 250)
3(251 499 997)
3(66 564 314)
3(315 314 564)
3(988 740 241)
3(740 490 491)
3(740 491 989)
3(740 989 490)
3(751 502 1000)
3(751 1000 501)
3(301 799 53)
3(52 53 799)
3(301 52 799)
3(999 252 750)
3(751 252 999)
3(298 297 547)
3(298 547 49)
3(911 163 164)
3(911 412 163)
3(911 164 412)
3(130 877 876)
3(130 876 378)
3(997 250 749)
3(251 997 749)
3(876 130 628)
3(130 877 628)
3(297 795 547)
3(546 297 547)
3(31 30 777)
3(31 777 529)
3(953 206 455)
3(953 454 206)
3(141 887 140)
3(685 186 933)
3(933 186 684)
3(685 933 435)
3(685 435 934)
3(86 584 832)
3(86 833 584)
3(86 832 833)
3(229 977 230)
3(385 136 635)
3(385 635 137)
3(368 119 866)
3(866 119 867)
3(368 867 119)
3(800 53 799)
3(551 799 53)
3(551 53 800)
3(964 217 466)
3(964 465 217)
3(108 854 855)
3(108 855 606)
3(982 484 734)
3(983 734 484)
3(821 74 75)
3(821 75 323)
3(821 323 74)
3(154 403 652)
3(154 652 402)
3(403 402 652)
3(733 483 235)
3(484 733 235)
3(484 483 733)
3(966 220 468)
3(966 219 220)
3(966 468 219)
3(229 976 727)
3(44 293 542)
3(293 292 542)
3(152 651 900)
3(900 651 153)
3(152 900 153)
3(832 86 85)
3(163 909 661)
3(163 162 909)
3(86 833 335)
3(86 834 833)
3(86 335 834)
3(900 402 652)
3(652 402 901)
3(80 329 579)
3(80 578 329)
3(251 252 999)
3(999 252 500)
3(251 999 500)
3(432 930 183)
3(183 930 431)
3(119 866 618)
3(617 866 119)
3(413 912 164)
3(911 413 164)
3(911 164 912)
3(807 308 558)
3(309 558 308)
3(309 807 558)
3(986 239 738)
3(240 986 738)
3(586 337 835)
3(165 664 912)
3(664 166 912)
3(165 912 166)
3(251 750 999)
3(242 491 740)
3(186 435 685)
3(82 580 330)
3(580 1004 330)
3(82 1004 580)
3(82 330 1004)
3(933 185 186)
3(933 434 185)
3(930 183 931)
3(432 931 183)
3(21 270 520)
3(768 21 520)
3(768 520 270)
3(685 686 436)
3(685 436 187)
3(436 686 187)
3(484 734 485)
3(236 485 734)
3(86 833 334)
3(929 680 431)
3(680 430 431)
3(929 430 680)
3(900 153 402)
3(900 401 153)
3(738 987 240)
3(390 888 141)
3(403 653 154)
3(579 580 330)
3(330 580 81)
3(579 330 81)
3(152 899 651)
3(788 289 41)
3(174 921 922)
3(174 922 673)
3(251 998 499)
3(251 500 998)
3(42 789 290)
3(42 291 789)
3(801 302 54)
3(303 801 54)
3(163 910 661)
3(788 540 41)
3(539 788 41)
3(153 652 402)
3(542 543 293)
3(293 543 44)
3(634 385 136)
3(634 635 385)
3(231 978 479)
3(480 978 231)
3(977 231 479)
3(230 231 977)
3(663 912 165)
3(911 163 662)
3(911 662 164)
3(845 97 844)
3(97 596 844)
3(330 579 828)
3(749 998 251)
3(251 998 750)
3(163 910 662)
3(411 909 162)
3(909 410 162)
3(231 978 977)
3(680 431 681)
3(75 822 574)
3(297 546 48)
3(546 296 48)
3(293 542 791)
3(293 791 543)
3(715 964 217)
3(431 681 182)
3(680 431 182)
3(821 573 74)
3(572 821 74)
3(823 574 76)
3(823 76 75)
3(823 75 574)
3(988 740 490)
3(789 42 790)
3(291 790 42)
3(458 707 708)
3(458 708 209)
3(997 250 748)
3(87 336 586)
3(876 130 129)
3(876 129 628)
3(845 98 347)
3(845 346 98)
3(884 635 385)
3(385 635 883)
3(520 271 22)
3(520 521 271)
3(271 521 22)
3(152 898 151)
3(898 400 151)
3(801 54 53)
3(801 53 552)
3(801 552 54)
3(999 252 501)
3(768 20 269)
3(431 681 183)
3(436 934 685)
3(436 685 435)
3(828 329 579)
3(579 329 330)
3(972 723 473)
3(971 473 723)
3(313 811 64)
3(9 8 756)
3(507 9 756)
3(507 756 8)
3(675 176 923)
3(719 220 967)
3(718 967 220)
3(220 468 967)
3(966 220 967)
3(810 64 63)
3(810 63 562)
3(220 469 967)
3(800 53 301)
3(297 796 547)
3(22 270 520)
3(733 981 483)
3(733 483 982)
3(986 239 737)
3(953 705 206)
3(953 206 704)
3(86 833 585)
3(252 501 751)
3(999 751 501)
3(462 213 711)
3(385 384 634)
3(634 384 136)
3(955 457 707)
3(966 718 220)
3(953 206 207)
3(953 207 455)
3(52 551 799)
3(733 484 734)
3(733 982 484)
3(794 296 545)
3(207 953 705)
3(502 1000 752)
3(9 756 257)
3(258 756 9)
3(867 120 369)
3(867 368 120)
3(730 231 978)
3(729 978 231)
3(348 597 846)
3(348 846 598)
3(977 729 231)
3(257 8 756)
3(597 98 845)
3(997 498 250)
3(730 232 978)
3(231 978 232)
3(53 302 800)
3(348 347 597)
3(99 597 347)
3(796 547 298)
3(212 461 711)
3(212 710 461)
3(75 323 822)
3(174 921 423)
3(141 888 639)
3(141 639 887)
3(337 835 587)
3(108 607 855)
3(607 109 855)
3(733 483 732)
3(733 234 483)
3(234 732 483)
3(177 425 924)
3(177 924 176)
3(425 176 924)
3(900 153 652)
3(801 302 53)
3(712 462 961)
3(955 207 706)
3(955 706 208)
3(955 208 207)
3(726 975 228)
3(564 812 314)
3(564 314 813)
3(346 844 97)
3(983 734 485)
3(550 799 52)
3(20 767 19)
3(268 19 767)
3(597 846 347)
3(65 314 564)
3(845 97 346)
3(920 921 174)
3(920 174 672)
3(635 1005 385)
3(137 1005 635)
3(137 385 1005)
3(119 866 367)
3(251 997 998)
3(597 845 347)
3(884 1005 385)
3(635 1005 884)
3(218 965 717)
3(218 716 965)
3(229 478 976)
3(108 855 356)
3(711 213 461)
3(473 474 723)
3(972 723 474)
3(31 279 778)
3(31 777 279)
3(31 778 777)
3(719 221 967)
3(220 967 221)
3(229 478 977)
3(141 888 640)
3(251 998 999)
3(271 270 520)
3(575 76 823)
3(271 769 520)
3(520 769 270)
3(981 483 732)
3(98 347 597)
3(77 824 325)
3(326 824 77)
3(185 932 683)
3(121 620 868)
3(620 122 868)
3(121 868 122)
3(20 767 518)
3(518 767 19)
3(187 435 685)
3(207 954 706)
3(705 954 207)
3(433 931 184)
3(931 432 184)
3(369 120 868)
3(121 868 120)
3(605 854 107)
3(865 617 118)
3(616 865 118)
3(955 456 208)
3(955 208 457)
3(345 843 96)
3(843 344 96)
3(768 20 21)
3(97 96 843)
3(843 96 595)
3(152 900 899)
3(152 401 900)
3(271 769 521)
3(436 934 686)
3(823 75 324)
3(823 822 75)
3(75 822 324)
3(810 312 63)
3(911 910 163)
3(865 119 118)
3(865 617 119)
3(707 208 955)
3(561 810 63)
3(119 865 367)
3(119 866 865)
3(458 956 708)
3(663 164 911)
3(961 1006 462)
3(712 462 1006)
3(712 1006 961)
3(86 834 585)
3(385 634 883)
3(9 756 508)
3(832 334 86)
3(740 741 491)
3(491 741 242)
3(165 912 164)
3(463 1006 462)
3(961 1006 463)
3(663 912 164)
3(823 324 76)
3(821 322 74)
3(185 932 434)
3(579 81 329)
3(843 96 594)
3(953 954 207)
3(801 800 53)
3(77 824 823)
3(207 954 455)
3(854 355 107)
3(777 30 279)
3(777 278 30)
3(619 868 121)
3(64 811 65)
3(966 218 965)
3(53 552 800)
3(174 921 422)
3(218 965 467)
3(922 175 673)
3(810 311 63)
3(634 384 135)
3(627 876 129)
3(920 422 174)
3(920 672 173)
3(920 173 671)
3(208 457 707)
3(799 300 52)
3(308 558 806)
3(898 151 650)
3(680 430 182)
3(575 823 77)
3(130 877 629)
3(986 487 239)
3(768 21 519)
3(315 813 564)
3(491 989 741)
3(829 1004 330)
3(580 1004 829)
3(898 399 151)
3(920 422 173)
3(920 173 174)
3(634 384 633)
3(135 633 384)
3(576 78 824)
3(77 824 78)
3(882 384 633)
3(834 86 87)
3(920 421 173)
3(315 813 565)
3(649 898 151)
3(754 255 1003)
3(1002 1003 255)
3(1002 255 754)
3(754 0 3)
3(754 3 1)
3(3 754 2)
3(754 3 256)
3(3 754 1003)
3(256 1003 505)
3(256 3 1003)
3(5 6 506)
3(5 257 755)
3(5 755 7)
3(8 5 755)
3(755 5 506)
3(8 755 506)
3(755 8 257)
3(5 755 6)
3(8 756 755)
3(8 507 755)
3(9 757 756)
3(9 258 757)
3(135 633 383)
3(383 633 384)
3(578 328 80)
3(578 329 328)
3(9 757 508)
3(10 757 508)
3(10 9 757)
3(10 757 509)
3(295 47 545)
3(296 295 545)
3(962 215 463)
3(463 215 1006)
3(962 1006 215)
3(962 463 1006)
3(11 758 509)
3(11 10 758)
3(758 10 509)
3(11 758 510)
3(885 386 1005)
3(885 138 386)
3(386 138 1005)
3(885 1005 138)
3(134 383 633)
3(134 881 383)
3(134 633 881)
3(383 881 633)
3(12 759 510)
3(12 11 759)
3(759 11 510)
3(12 759 511)
3(830 331 1004)
3(331 83 1004)
3(830 83 331)
3(830 1004 83)
3(79 328 578)
3(79 826 328)
3(79 578 826)
3(328 826 578)
3(13 760 511)
3(13 12 760)
3(760 12 511)
3(14 761 512)
3(14 13 761)
3(761 13 512)
3(13 760 512)
3(46 295 545)
3(46 793 295)
3(295 793 545)
3(46 545 793)
3(256 255 1003)
3(754 256 1003)
3(15 762 513)
3(15 14 762)
3(762 14 513)
3(14 761 513)
3(1005 884 386)
3(885 884 1005)
3(1004 829 331)
3(830 829 1004)
3(504 255 1003)
3(256 504 1003)
3(255 504 1002)
3(255 1002 503)
3(16 763 514)
3(16 15 763)
3(763 15 514)
3(15 762 514)
3(16 763 515)
3(248 497 995)
3(248 995 496)
3(244 493 991)
3(244 991 492)
3(17 764 515)
3(17 16 764)
3(764 16 515)
3(17 764 516)
3(204 453 951)
3(204 951 452)
3(200 449 947)
3(200 947 448)
3(18 765 516)
3(18 17 765)
3(765 17 516)
3(18 765 517)
3(196 445 943)
3(196 943 444)
3(192 441 939)
3(192 939 440)
3(19 766 517)
3(19 18 766)
3(766 18 517)
3(19 766 518)
3(19 766 767)
3(19 766 268)
3(271 521 23)
3(23 770 272)
3(770 24 272)
3(23 24 770)
3(23 770 271)
3(180 429 927)
3(180 927 428)
3(168 417 915)
3(168 915 416)
3(24 522 771)
3(24 771 523)
3(160 409 907)
3(160 907 408)
3(156 405 903)
3(156 903 404)
3(24 273 771)
3(24 771 272)
3(25 772 523)
3(25 24 772)
3(772 24 523)
3(25 772 524)
3(148 397 895)
3(148 895 396)
3(144 393 891)
3(144 891 392)
3(26 773 524)
3(26 25 773)
3(773 25 524)
3(26 773 525)
3(134 881 382)
3(27 774 525)
3(27 26 774)
3(774 26 525)
3(27 774 526)
3(132 381 879)
3(132 879 380)
3(124 373 871)
3(124 871 372)
3(28 775 526)
3(28 27 775)
3(775 27 526)
3(28 775 527)
3(116 365 863)
3(116 863 364)
3(112 361 859)
3(112 859 360)
3(29 776 527)
3(29 28 776)
3(776 28 527)
3(29 777 30)
3(29 528 777)
3(29 776 528)
3(29 777 278)
3(32 778 779)
3(32 779 530)
3(32 779 280)
3(32 281 779)
3(33 780 531)
3(33 32 780)
3(780 32 531)
3(32 779 531)
3(104 353 851)
3(104 851 352)
3(92 341 839)
3(92 839 340)
3(33 780 532)
3(79 826 327)
3(34 781 532)
3(34 33 781)
3(781 33 532)
3(34 781 533)
3(72 321 819)
3(72 819 320)
3(68 317 815)
3(68 815 316)
3(35 782 533)
3(35 34 782)
3(782 34 533)
3(35 782 534)
3(56 305 803)
3(56 803 304)
3(36 783 534)
3(36 35 783)
3(783 35 534)
3(36 783 535)
3(46 793 294)
3(36 285 783)
3(36 783 284)
3(37 784 535)
3(37 36 784)
3(784 36 535)
3(38 785 536)
3(38 37 785)
3(785 37 536)
3(37 784 536)
3(28 277 775)
3(28 775 276)
3(16 265 763)
3(16 763 264)
3(39 786 537)
3(39 38 786)
3(786 38 537)
3(38 785 537)
3(12 261 759)
3(12 759 260)
3(137 1005 636)
3(1005 635 636)
3(82 1004 581)
3(1004 580 581)
3(40 787 538)
3(40 39 787)
3(787 39 538)
3(39 786 538)
3(40 787 539)
3(539 788 40)
3(41 40 788)
3(787 788 40)
3(45 293 543)
3(46 45 793)
3(46 793 544)
3(793 45 544)
3(45 543 792)
3(45 792 544)
3(497 249 996)
3(498 996 249)
3(482 980 233)
3(481 233 980)
3(45 294 792)
3(45 792 293)
3(475 227 974)
3(476 974 227)
3(464 216 963)
3(465 963 216)
3(460 958 211)
3(459 211 958)
3(928 181 430)
3(928 429 181)
3(421 919 172)
3(420 172 919)
3(410 908 161)
3(409 161 908)
3(548 49 298)
3(548 298 547)
3(388 886 139)
3(387 139 886)
3(377 875 128)
3(376 128 875)
3(548 50 298)
3(50 548 797)
3(50 797 549)
3(355 853 106)
3(354 106 853)
3(842 95 344)
3(842 343 95)
3(51 798 549)
3(51 50 798)
3(798 50 549)
3(51 798 550)
3(550 799 51)
3(52 51 799)
3(798 799 51)
3(55 802 553)
3(55 54 802)
3(802 54 553)
3(54 303 802)
3(54 802 801)
3(333 831 84)
3(332 84 831)
3(322 820 73)
3(321 73 820)
3(54 801 553)
3(300 798 51)
3(299 51 798)
3(289 787 40)
3(288 40 787)
3(56 803 554)
3(56 55 803)
3(803 55 554)
3(55 802 554)
3(56 803 555)
3(770 522 23)
3(770 23 521)
3(497 996 248)
3(995 248 996)
3(57 804 555)
3(57 56 804)
3(804 56 555)
3(57 804 556)
3(493 992 244)
3(991 244 992)
3(481 980 232)
3(979 481 232)
3(979 232 980)
3(58 805 556)
3(58 57 805)
3(805 57 556)
3(58 805 557)
3(453 952 204)
3(951 204 952)
3(449 948 200)
3(947 200 948)
3(59 806 557)
3(59 58 806)
3(806 58 557)
3(59 806 558)
3(445 944 196)
3(943 196 944)
3(441 940 192)
3(939 192 940)
3(558 60 308)
3(558 308 59)
3(559 60 309)
3(309 60 558)
3(559 309 558)
3(935 437 188)
3(437 936 188)
3(935 188 936)
3(429 928 180)
3(927 180 928)
3(559 61 309)
3(62 809 560)
3(62 61 809)
3(809 61 560)
3(61 559 808)
3(61 808 560)
3(417 916 168)
3(915 168 916)
3(409 908 160)
3(907 160 908)
3(62 810 63)
3(62 561 810)
3(62 809 561)
3(62 810 311)
3(315 565 67)
3(67 565 814)
3(67 814 566)
3(405 904 156)
3(903 156 904)
3(397 896 148)
3(895 148 896)
3(67 814 315)
3(67 316 814)
3(68 815 566)
3(68 67 815)
3(815 67 566)
3(68 815 567)
3(393 892 144)
3(891 144 892)
3(381 880 132)
3(879 132 880)
3(69 816 567)
3(69 68 816)
3(816 68 567)
3(70 817 568)
3(70 69 817)
3(817 69 568)
3(69 816 568)
3(373 872 124)
3(871 124 872)
3(365 864 116)
3(863 116 864)
3(71 818 569)
3(71 70 818)
3(818 70 569)
3(70 817 569)
3(361 859 113)
3(112 113 859)
3(353 852 104)
3(851 104 852)
3(847 349 100)
3(349 848 100)
3(847 100 848)
3(341 840 92)
3(839 92 840)
3(819 570 72)
3(570 818 72)
3(819 72 818)
3(71 818 570)
3(72 819 571)
3(321 820 72)
3(819 72 820)
3(317 816 68)
3(815 68 816)
3(73 820 571)
3(73 72 820)
3(820 72 571)
3(73 820 572)
3(572 821 73)
3(74 73 821)
3(820 821 73)
3(576 78 825)
3(825 78 824)
3(78 825 326)
3(78 327 825)
3(79 78 826)
3(79 826 577)
3(826 78 577)
3(78 825 577)
3(305 804 56)
3(803 56 804)
3(285 784 36)
3(783 36 784)
3(281 780 32)
3(779 32 780)
3(277 776 28)
3(775 28 776)
3(273 772 24)
3(771 24 772)
3(265 764 16)
3(763 16 764)
3(261 760 12)
3(759 12 760)
3(247 994 495)
3(247 496 994)
3(331 82 1004)
3(82 83 1004)
3(246 993 494)
3(246 495 993)
3(245 992 493)
3(245 494 992)
3(331 1004 330)
3(83 581 830)
3(83 830 582)
3(238 985 486)
3(238 487 985)
3(237 984 485)
3(237 486 984)
3(84 831 582)
3(84 83 831)
3(831 83 582)
3(84 831 583)
3(583 832 84)
3(85 84 832)
3(831 832 84)
3(337 587 89)
3(89 587 836)
3(89 836 588)
3(226 973 474)
3(226 475 973)
3(224 971 472)
3(224 473 971)
3(89 836 337)
3(89 338 836)
3(90 837 588)
3(90 89 837)
3(837 89 588)
3(90 837 589)
3(223 970 471)
3(223 472 970)
3(222 969 470)
3(222 471 969)
3(91 838 589)
3(91 90 838)
3(838 90 589)
3(91 838 590)
3(215 464 962)
3(205 952 453)
3(205 454 952)
3(92 839 590)
3(92 91 839)
3(839 91 590)
3(92 839 591)
3(203 950 451)
3(203 452 950)
3(202 949 450)
3(202 451 949)
3(93 840 591)
3(93 92 840)
3(840 92 591)
3(94 841 592)
3(94 93 841)
3(841 93 592)
3(93 840 592)
3(201 948 449)
3(201 450 948)
3(199 946 447)
3(199 448 946)
3(95 842 593)
3(95 94 842)
3(842 94 593)
3(94 841 593)
3(198 945 446)
3(198 447 945)
3(197 944 445)
3(197 446 944)
3(594 843 95)
3(96 95 843)
3(95 842 594)
3(842 843 95)
3(348 598 100)
3(100 598 847)
3(100 847 599)
3(195 942 443)
3(195 444 942)
3(194 941 442)
3(194 443 941)
3(100 847 348)
3(101 848 599)
3(101 100 848)
3(848 100 599)
3(102 849 600)
3(102 101 849)
3(849 101 600)
3(101 848 600)
3(193 940 441)
3(193 442 940)
3(191 938 439)
3(191 440 938)
3(103 850 601)
3(103 102 850)
3(850 102 601)
3(102 849 601)
3(190 937 438)
3(190 439 937)
3(189 936 437)
3(189 438 936)
3(179 926 427)
3(179 428 926)
3(178 925 426)
3(178 427 925)
3(104 851 602)
3(104 103 851)
3(851 103 602)
3(103 850 602)
3(104 851 603)
3(177 426 924)
3(171 918 419)
3(171 420 918)
3(105 852 603)
3(105 104 852)
3(852 104 603)
3(105 852 604)
3(170 917 418)
3(170 419 917)
3(169 916 417)
3(169 418 916)
3(106 853 604)
3(106 105 853)
3(853 105 604)
3(106 853 605)
3(605 854 106)
3(107 106 854)
3(853 854 106)
3(109 855 856)
3(109 856 607)
3(109 856 357)
3(109 358 856)
3(110 857 608)
3(110 109 857)
3(857 109 608)
3(109 856 608)
3(167 914 415)
3(167 416 914)
3(159 906 407)
3(159 408 906)
3(111 858 609)
3(111 110 858)
3(858 110 609)
3(110 857 609)
3(158 905 406)
3(158 407 905)
3(157 904 405)
3(157 406 904)
3(150 897 398)
3(150 399 897)
3(149 896 397)
3(149 398 896)
3(112 859 610)
3(112 111 859)
3(859 111 610)
3(111 858 610)
3(112 859 611)
3(147 894 395)
3(147 396 894)
3(146 893 394)
3(146 395 893)
3(611 113 860)
3(860 113 859)
3(611 859 113)
3(113 860 612)
3(145 892 393)
3(145 394 892)
3(143 890 391)
3(143 392 890)
3(114 861 612)
3(114 113 861)
3(861 113 612)
3(114 861 613)
3(142 889 390)
3(142 391 889)
3(138 387 885)
3(115 862 613)
3(115 114 862)
3(862 114 613)
3(115 862 614)
3(633 882 383)
3(133 880 381)
3(133 382 880)
3(116 863 614)
3(116 115 863)
3(863 115 614)
3(116 863 615)
3(131 878 379)
3(131 380 878)
3(127 874 375)
3(127 376 874)
3(117 864 615)
3(117 116 864)
3(864 116 615)
3(117 865 118)
3(117 616 865)
3(117 864 616)
3(117 865 366)
3(126 873 374)
3(126 375 873)
3(125 872 373)
3(125 374 872)
3(123 870 371)
3(123 372 870)
3(620 122 869)
3(869 122 868)
3(122 869 621)
3(122 869 370)
3(122 371 869)
3(117 864 365)
3(117 366 864)
3(123 870 621)
3(123 122 870)
3(870 122 621)
3(123 870 622)
3(115 862 363)
3(115 364 862)
3(114 861 362)
3(114 363 861)
3(124 871 622)
3(124 123 871)
3(871 123 622)
3(124 871 623)
3(113 860 361)
3(113 362 860)
3(111 858 359)
3(111 360 858)
3(125 872 623)
3(125 124 872)
3(872 124 623)
3(126 873 624)
3(126 125 873)
3(873 125 624)
3(125 872 624)
3(110 857 358)
3(110 359 857)
3(105 852 353)
3(105 354 852)
3(127 874 625)
3(127 126 874)
3(874 126 625)
3(126 873 625)
3(103 850 351)
3(103 352 850)
3(102 849 350)
3(102 351 849)
3(101 848 349)
3(101 350 848)
3(94 841 342)
3(94 343 841)
3(128 875 626)
3(128 127 875)
3(875 127 626)
3(127 874 626)
3(128 875 627)
3(627 876 128)
3(129 128 876)
3(875 876 128)
3(878 130 629)
3(131 878 629)
3(131 130 878)
3(93 840 341)
3(93 342 840)
3(91 838 339)
3(91 340 838)
3(130 877 878)
3(130 379 878)
3(131 878 630)
3(90 837 338)
3(90 339 837)
3(83 332 830)
3(132 879 630)
3(132 131 879)
3(879 131 630)
3(132 879 631)
3(578 827 328)
3(71 818 319)
3(71 320 818)
3(133 880 631)
3(133 132 880)
3(880 132 631)
3(134 133 881)
3(134 881 632)
3(881 133 632)
3(133 880 632)
3(70 817 318)
3(70 319 817)
3(69 816 317)
3(69 318 816)
3(62 809 310)
3(62 311 809)
3(61 808 309)
3(61 310 808)
3(59 806 307)
3(59 308 806)
3(58 805 306)
3(58 307 805)
3(57 804 305)
3(57 306 804)
3(55 802 303)
3(55 304 802)
3(386 137 1005)
3(137 138 1005)
3(50 797 298)
3(50 299 797)
3(545 794 295)
3(386 1005 385)
3(138 636 885)
3(138 885 637)
3(39 288 786)
3(39 786 287)
3(38 287 785)
3(38 785 286)
3(139 886 637)
3(139 138 886)
3(886 138 637)
3(139 886 638)
3(638 887 139)
3(140 139 887)
3(886 887 139)
3(390 888 142)
3(141 142 888)
3(889 142 888)
3(640 142 889)
3(640 888 142)
3(37 286 784)
3(37 784 285)
3(35 284 782)
3(35 782 283)
3(143 890 641)
3(143 142 890)
3(890 142 641)
3(142 889 641)
3(34 283 781)
3(34 781 282)
3(33 282 780)
3(33 780 281)
3(29 278 776)
3(29 776 277)
3(27 276 774)
3(27 774 275)
3(144 891 642)
3(144 143 891)
3(891 143 642)
3(143 890 642)
3(144 891 643)
3(26 275 773)
3(26 773 274)
3(25 274 772)
3(25 772 273)
3(145 892 643)
3(145 144 892)
3(892 144 643)
3(145 892 644)
3(771 24 770)
3(522 770 24)
3(18 267 765)
3(18 765 266)
3(146 893 644)
3(146 145 893)
3(893 145 644)
3(146 893 645)
3(17 266 764)
3(17 764 265)
3(15 264 762)
3(15 762 263)
3(147 894 645)
3(147 146 894)
3(894 146 645)
3(147 894 646)
3(14 263 761)
3(14 761 262)
3(13 262 760)
3(13 760 261)
3(148 895 646)
3(148 147 895)
3(895 147 646)
3(148 895 647)
3(11 260 758)
3(11 758 259)
3(10 259 757)
3(10 757 258)
3(149 896 647)
3(149 148 896)
3(896 148 647)
3(150 897 648)
3(150 149 897)
3(897 149 648)
3(149 896 648)
3(1002 254 255)
3(1002 503 254)
3(1002 255 753)
3(150 898 151)
3(150 649 898)
3(150 897 649)
3(150 898 399)
3(403 653 155)
3(155 653 902)
3(155 902 654)
3(502 254 752)
3(502 1001 254)
3(1001 752 254)
3(502 752 1001)
3(249 748 996)
3(748 250 996)
3(249 996 250)
3(155 902 403)
3(155 404 902)
3(156 903 654)
3(156 155 903)
3(903 155 654)
3(156 903 655)
3(996 248 249)
3(995 247 248)
3(995 496 247)
3(157 904 655)
3(157 156 904)
3(904 156 655)
3(158 905 656)
3(158 157 905)
3(905 157 656)
3(157 904 656)
3(994 246 247)
3(994 495 246)
3(993 245 246)
3(993 494 245)
3(159 906 657)
3(159 158 906)
3(906 158 657)
3(158 905 657)
3(992 244 245)
3(991 243 244)
3(991 492 243)
3(491 243 741)
3(990 741 243)
3(491 990 243)
3(491 741 990)
3(485 237 735)
3(984 735 237)
3(984 485 735)
3(160 907 658)
3(160 159 907)
3(907 159 658)
3(159 906 658)
3(160 907 659)
3(985 237 238)
3(985 486 237)
3(732 980 233)
3(732 233 482)
3(732 482 980)
3(161 908 659)
3(161 160 908)
3(908 160 659)
3(161 908 660)
3(660 909 161)
3(162 161 909)
3(908 909 161)
3(664 166 913)
3(913 166 912)
3(166 913 414)
3(166 415 913)
3(167 914 665)
3(167 166 914)
3(914 166 665)
3(166 913 665)
3(980 232 233)
3(979 232 978)
3(730 232 979)
3(227 726 974)
3(726 228 974)
3(227 974 228)
3(974 226 227)
3(974 475 226)
3(168 915 666)
3(168 167 915)
3(915 167 666)
3(167 914 666)
3(168 915 667)
3(474 226 724)
3(973 724 226)
3(973 474 724)
3(473 225 723)
3(474 723 225)
3(169 916 667)
3(169 168 916)
3(916 168 667)
3(169 916 668)
3(971 223 224)
3(971 472 223)
3(970 222 223)
3(970 471 222)
3(170 917 668)
3(170 169 917)
3(917 169 668)
3(170 917 669)
3(969 221 222)
3(969 470 221)
3(968 221 967)
3(719 221 968)
3(171 918 669)
3(171 170 918)
3(918 170 669)
3(171 918 670)
3(216 715 963)
3(715 217 963)
3(216 963 217)
3(963 215 216)
3(963 464 215)
3(172 919 670)
3(172 171 919)
3(919 171 670)
3(172 919 671)
3(671 920 172)
3(173 172 920)
3(919 920 172)
3(214 215 1006)
3(463 214 1006)
3(713 215 1006)
3(214 713 1006)
3(710 958 211)
3(710 211 460)
3(710 460 958)
3(675 176 924)
3(923 924 176)
3(177 675 924)
3(177 924 676)
3(958 210 211)
3(958 459 210)
3(458 210 708)
3(957 708 210)
3(458 957 210)
3(458 708 957)
3(178 925 676)
3(178 177 925)
3(925 177 676)
3(178 925 677)
3(952 204 205)
3(951 203 204)
3(951 452 203)
3(179 926 677)
3(179 178 926)
3(926 178 677)
3(179 926 678)
3(950 202 203)
3(950 451 202)
3(949 201 202)
3(949 450 201)
3(180 927 678)
3(180 179 927)
3(927 179 678)
3(180 927 679)
3(948 200 201)
3(947 199 200)
3(947 448 199)
3(181 928 679)
3(181 180 928)
3(928 180 679)
3(181 680 430)
3(181 928 680)
3(436 686 188)
3(188 686 935)
3(188 935 687)
3(946 198 199)
3(946 447 198)
3(945 197 198)
3(945 446 197)
3(188 935 436)
3(189 936 687)
3(189 188 936)
3(936 188 687)
3(190 937 688)
3(190 189 937)
3(937 189 688)
3(189 936 688)
3(944 196 197)
3(943 195 196)
3(943 444 195)
3(191 938 689)
3(191 190 938)
3(938 190 689)
3(190 937 689)
3(942 194 195)
3(942 443 194)
3(941 193 194)
3(941 442 193)
3(940 192 193)
3(939 191 192)
3(939 440 191)
3(192 939 690)
3(939 191 690)
3(191 938 690)
3(192 939 691)
3(938 439 190)
3(937 438 189)
3(193 940 691)
3(940 192 691)
3(193 940 692)
3(436 686 935)
3(194 941 692)
3(941 193 692)
3(194 941 693)
3(430 928 680)
3(195 942 693)
3(942 194 693)
3(195 942 694)
3(927 428 179)
3(926 427 178)
3(196 943 694)
3(943 195 694)
3(196 943 695)
3(925 426 177)
3(197 944 695)
3(944 196 695)
3(198 945 696)
3(945 197 696)
3(197 944 696)
3(421 920 172)
3(919 420 171)
3(199 946 697)
3(946 198 697)
3(198 945 697)
3(918 419 170)
3(917 418 169)
3(915 416 167)
3(200 947 698)
3(947 199 698)
3(199 946 698)
3(200 947 699)
3(914 415 166)
3(414 166 912)
3(201 948 699)
3(948 200 699)
3(201 948 700)
3(410 909 161)
3(202 949 700)
3(949 201 700)
3(202 949 701)
3(907 408 159)
3(906 407 158)
3(203 950 701)
3(950 202 701)
3(203 950 702)
3(905 406 157)
3(204 951 702)
3(951 203 702)
3(204 951 703)
3(903 404 155)
3(403 653 902)
3(205 952 703)
3(952 204 703)
3(205 953 206)
3(205 704 953)
3(205 952 704)
3(205 953 454)
3(210 957 709)
3(897 398 149)
3(210 459 957)
3(211 958 709)
3(958 210 709)
3(895 396 147)
3(894 395 146)
3(710 212 460)
3(460 710 461)
3(214 1006 462)
3(214 1006 712)
3(713 215 962)
3(713 962 1006)
3(713 1006 712)
3(893 394 145)
3(891 392 143)
3(890 391 142)
3(216 963 714)
3(963 215 714)
3(215 962 714)
3(964 217 963)
3(465 217 963)
3(968 221 469)
3(469 221 967)
3(222 969 720)
3(969 221 720)
3(221 968 720)
3(388 887 139)
3(221 470 968)
3(223 970 721)
3(970 222 721)
3(222 969 721)
3(886 387 138)
3(636 138 1005)
3(636 885 1005)
3(881 382 133)
3(224 971 722)
3(971 223 722)
3(223 970 722)
3(224 971 723)
3(723 473 224)
3(724 225 474)
3(724 474 723)
3(879 380 131)
3(226 973 725)
3(377 876 128)
3(875 376 127)
3(227 974 725)
3(974 226 725)
3(975 228 974)
3(476 228 974)
3(979 232 480)
3(480 232 978)
3(232 979 731)
3(874 375 126)
3(873 374 125)
3(233 980 731)
3(980 232 731)
3(871 372 123)
3(732 234 482)
3(482 732 483)
3(735 236 485)
3(735 485 734)
3(870 371 122)
3(370 122 868)
3(238 985 736)
3(985 237 736)
3(237 984 736)
3(863 364 115)
3(238 986 239)
3(238 737 986)
3(238 985 737)
3(238 986 487)
3(243 990 742)
3(862 363 114)
3(861 362 113)
3(243 492 990)
3(244 991 742)
3(991 243 742)
3(244 991 743)
3(859 360 111)
3(245 992 743)
3(992 244 743)
3(246 993 744)
3(993 245 744)
3(245 992 744)
3(858 359 110)
3(857 358 109)
3(247 994 745)
3(994 246 745)
3(246 993 745)
3(355 854 106)
3(853 354 105)
3(851 352 103)
3(248 995 746)
3(995 247 746)
3(247 994 746)
3(248 995 747)
3(850 351 102)
3(849 350 101)
3(249 996 747)
3(996 248 747)
3(997 250 996)
3(498 250 996)
3(254 503 1001)
3(1002 254 753)
3(254 1001 753)
3(348 598 847)
3(344 843 95)
3(842 343 94)
3(841 342 93)
3(839 340 91)
3(758 10 259)
3(758 757 10)
3(838 339 90)
3(759 11 260)
3(759 758 11)
3(837 338 89)
3(337 587 836)
3(333 832 84)
3(761 13 262)
3(761 760 13)
3(831 332 83)
3(762 14 263)
3(762 761 14)
3(581 83 1004)
3(763 15 264)
3(763 762 15)
3(581 830 1004)
3(826 327 78)
3(765 17 266)
3(765 764 17)
3(326 78 824)
3(766 18 267)
3(766 765 18)
3(322 821 73)
3(271 770 521)
3(71 818 72)
3(773 25 274)
3(773 772 25)
3(818 319 70)
3(774 26 275)
3(774 773 26)
3(817 318 69)
3(775 27 276)
3(775 774 27)
3(815 316 67)
3(315 565 814)
3(777 776 29)
3(808 309 559)
3(809 310 61)
3(781 33 282)
3(781 780 33)
3(782 34 283)
3(782 781 34)
3(806 307 58)
3(783 35 284)
3(783 782 35)
3(805 306 57)
3(803 304 55)
3(785 37 286)
3(785 784 37)
3(786 38 287)
3(786 785 38)
3(300 799 51)
3(787 39 288)
3(787 786 39)
3(798 299 50)
3(289 788 40)
3(293 792 543)
3(793 45 294)
3(793 792 45)
3(797 298 548)
3(298 548 796)
3(798 797 50)
3(803 802 55)
3(805 804 57)
3(806 805 58)
3(309 807 559)
3(809 808 61)
3(810 809 62)
3(815 814 67)
3(817 816 69)
3(818 817 70)
3(320 818 72)
3(267 19 766)
3(826 825 78)
3(831 830 83)
3(837 836 89)
3(838 837 90)
3(839 838 91)
3(841 840 93)
3(842 841 94)
3(254 1001 1002)
3(849 848 101)
3(247 994 995)
3(850 849 102)
3(246 993 994)
3(851 850 103)
3(245 992 993)
3(243 990 991)
3(853 852 105)
3(238 985 986)
3(857 856 109)
3(237 984 985)
3(858 857 110)
3(859 858 111)
3(226 973 974)
3(223 970 971)
3(222 969 970)
3(861 860 113)
3(221 968 969)
3(862 861 114)
3(215 962 963)
3(863 862 115)
3(713 961 1006)
3(1006 961 962)
3(210 957 958)
3(865 864 117)
3(205 952 953)
3(870 869 122)
3(871 870 123)
3(203 950 951)
3(202 949 950)
3(201 948 949)
3(873 872 125)
3(874 873 126)
3(199 946 947)
3(875 874 127)
3(198 945 946)
3(197 944 945)
3(879 878 131)
3(195 942 943)
3(194 941 942)
3(881 880 133)
3(193 940 941)
3(191 938 939)
3(190 937 938)
3(886 885 138)
3(189 936 937)
3(890 889 142)
3(891 890 143)
3(179 926 927)
3(178 925 926)
3(177 924 925)
3(893 892 145)
3(171 918 919)
3(894 893 146)
3(170 917 918)
3(895 894 147)
3(169 916 917)
3(167 914 915)
3(897 896 149)
3(166 913 914)
3(898 897 150)
3(903 902 155)
3(159 906 907)
3(158 905 906)
3(905 904 157)
3(1005 636 884)
3(460 959 710)
3(1004 581 829)
3(474 724 972)
3(482 981 732)
3(485 983 735)
3(5 6 7)
3(4 6 5)
3(4 5 506)
3(8 507 506)
3(507 9 508)
3(10 509 508)
3(11 510 509)
3(12 511 510)
3(13 512 511)
3(14 513 512)
3(15 514 513)
3(16 515 514)
3(17 516 515)
3(18 517 516)
3(19 518 517)
3(20 519 518)
3(520 519 21)
3(520 22 521)
3(522 521 23)
3(24 523 522)
3(25 524 523)
3(26 525 524)
3(27 526 525)
3(28 527 526)
3(29 528 527)
3(528 30 529)
3(529 31 530)
3(32 531 530)
3(33 532 531)
3(34 533 532)
3(35 534 533)
3(36 535 534)
3(37 536 535)
3(38 537 536)
3(39 538 537)
3(40 539 538)
3(539 41 540)
3(42 541 540)
3(542 541 43)
3(542 44 543)
3(45 544 543)
3(545 544 46)
3(546 545 47)
3(546 48 547)
3(548 547 49)
3(50 549 548)
3(51 550 549)
3(550 52 551)
3(53 552 551)
3(54 553 552)
3(55 554 553)
3(56 555 554)
3(57 556 555)
3(58 557 556)
3(59 558 557)
3(559 558 60)
3(61 560 559)
3(62 561 560)
3(561 63 562)
3(562 64 563)
3(564 563 65)
3(564 66 565)
3(67 566 565)
3(68 567 566)
3(69 568 567)
3(70 569 568)
3(71 570 569)
3(72 571 570)
3(73 572 571)
3(572 74 573)
3(573 75 574)
3(575 574 76)
3(576 575 77)
3(78 577 576)
3(578 577 79)
3(80 579 578)
3(579 81 580)
3(82 581 580)
3(83 582 581)
3(84 583 582)
3(583 85 584)
3(584 86 585)
3(586 585 87)
3(586 88 587)
3(89 588 587)
3(90 589 588)
3(91 590 589)
3(92 591 590)
3(93 592 591)
3(94 593 592)
3(95 594 593)
3(594 96 595)
3(97 596 595)
3(597 596 98)
3(597 99 598)
3(100 599 598)
3(101 600 599)
3(102 601 600)
3(103 602 601)
3(104 603 602)
3(105 604 603)
3(106 605 604)
3(605 107 606)
3(606 108 607)
3(109 608 607)
3(110 609 608)
3(111 610 609)
3(112 611 610)
3(113 612 611)
3(114 613 612)
3(115 614 613)
3(116 615 614)
3(117 616 615)
3(616 118 617)
3(617 119 618)
3(619 618 120)
3(619 121 620)
3(122 621 620)
3(123 622 621)
3(124 623 622)
3(125 624 623)
3(126 625 624)
3(127 626 625)
3(128 627 626)
3(627 129 628)
3(628 130 629)
3(131 630 629)
3(132 631 630)
3(133 632 631)
3(633 632 134)
3(135 634 633)
3(634 136 635)
3(137 636 635)
3(138 637 636)
3(139 638 637)
3(638 140 639)
3(141 640 639)
3(142 641 640)
3(143 642 641)
3(144 643 642)
3(145 644 643)
3(146 645 644)
3(147 646 645)
3(148 647 646)
3(149 648 647)
3(150 649 648)
3(649 151 650)
3(650 152 651)
3(652 651 153)
3(652 154 653)
3(155 654 653)
3(156 655 654)
3(157 656 655)
3(158 657 656)
3(159 658 657)
3(160 659 658)
3(161 660 659)
3(660 162 661)
3(163 662 661)
3(663 662 164)
3(663 165 664)
3(166 665 664)
3(167 666 665)
3(168 667 666)
3(169 668 667)
3(170 669 668)
3(171 670 669)
3(172 671 670)
3(671 173 672)
3(672 174 673)
3(674 673 175)
3(674 176 675)
3(177 676 675)
3(178 677 676)
3(179 678 677)
3(180 679 678)
3(181 680 679)
3(680 182 681)
3(183 682 681)
3(682 184 683)
3(185 684 683)
3(685 684 186)
3(685 187 686)
3(188 687 686)
3(189 688 687)
3(190 689 688)
3(191 690 689)
3(192 691 690)
3(193 692 691)
3(194 693 692)
3(195 694 693)
3(196 695 694)
3(197 696 695)
3(198 697 696)
3(199 698 697)
3(200 699 698)
3(201 700 699)
3(202 701 700)
3(203 702 701)
3(204 703 702)
3(205 704 703)
3(704 206 705)
3(705 207 706)
3(707 706 208)
3(707 209 708)
3(210 709 708)
3(211 710 709)
3(212 711 710)
3(711 213 712)
3(713 712 214)
3(215 714 713)
3(216 715 714)
3(715 217 716)
3(218 717 716)
3(718 717 219)
3(719 718 220)
3(221 720 719)
3(222 721 720)
3(223 722 721)
3(224 723 722)
3(724 723 225)
3(226 725 724)
3(227 726 725)
3(726 228 727)
3(229 728 727)
3(729 728 230)
3(729 231 730)
3(232 731 730)
3(233 732 731)
3(733 732 234)
3(733 235 734)
3(735 734 236)
3(237 736 735)
3(238 737 736)
3(737 239 738)
3(738 240 739)
3(740 739 241)
3(740 242 741)
3(243 742 741)
3(244 743 742)
3(245 744 743)
3(246 745 744)
3(247 746 745)
3(248 747 746)
3(249 748 747)
3(748 250 749)
3(749 251 750)
3(751 750 252)
3(751 253 752)
3(254 753 752)
3(754 753 255)
3(754 1 0)
3(8 506 5)
3(507 8 9)
3(10 508 9)
3(11 509 10)
3(12 510 11)
3(13 511 12)
3(14 512 13)
3(15 513 14)
3(16 514 15)
3(17 515 16)
3(18 516 17)
3(19 517 18)
3(20 518 19)
3(20 21 519)
3(21 22 520)
3(22 23 521)
3(522 23 24)
3(25 523 24)
3(26 524 25)
3(27 525 26)
3(28 526 27)
3(29 527 28)
3(530 31 32)
3(33 531 32)
3(34 532 33)
3(35 533 34)
3(36 534 35)
3(39 537 38)
3(40 538 39)
3(41 539 40)
3(42 540 41)
3(541 42 43)
3(43 44 542)
3(44 45 543)
3(46 544 45)
3(545 46 47)
3(546 47 48)
3(49 547 48)
3(548 49 50)
3(51 549 50)
3(53 54 552)
3(55 553 54)
3(56 554 55)
3(57 555 56)
3(58 556 57)
3(59 557 58)
3(558 59 60)
3(62 63 561)
3(64 562 63)
3(563 64 65)
3(65 66 564)
3(66 67 565)
3(70 568 69)
3(71 569 70)
3(570 71 72)
3(73 571 72)
3(74 572 73)
3(75 573 74)
3(75 76 574)
3(575 76 77)
3(77 78 576)
3(79 577 78)
3(578 79 80)
3(579 80 81)
3(82 580 81)
3(82 83 581)
3(84 582 83)
3(86 87 585)
3(87 88 586)
3(88 89 587)
3(90 588 89)
3(91 589 90)
3(92 590 91)
3(93 591 92)
3(94 592 93)
3(95 593 94)
3(96 594 95)
3(97 595 96)
3(97 98 596)
3(101 599 100)
3(102 600 101)
3(103 601 102)
3(104 602 103)
3(105 603 104)
3(106 604 105)
3(107 605 106)
3(108 606 107)
3(108 109 607)
3(110 608 109)
3(111 609 110)
3(112 610 111)
3(112 113 611)
3(114 612 113)
3(117 615 116)
3(117 118 616)
3(119 617 118)
3(618 119 120)
3(619 120 121)
3(121 122 620)
3(123 621 122)
3(126 624 125)
3(127 625 126)
3(128 626 127)
3(129 627 128)
3(132 630 131)
3(133 631 132)
3(134 632 133)
3(633 134 135)
3(634 135 136)
3(137 635 136)
3(137 138 636)
3(139 637 138)
3(140 638 139)
3(141 639 140)
3(141 142 640)
3(143 641 142)
3(144 642 143)
3(145 643 144)
3(146 644 145)
3(147 645 146)
3(148 646 147)
3(149 647 148)
3(150 648 149)
3(150 151 649)
3(152 650 151)
3(152 153 651)
3(153 154 652)
3(157 655 156)
3(158 656 157)
3(159 657 158)
3(160 658 159)
3(161 659 160)
3(163 164 662)
3(165 663 164)
3(165 166 664)
3(167 665 166)
3(168 666 167)
3(169 667 168)
3(170 668 169)
3(171 669 170)
3(172 670 171)
3(173 671 172)
3(174 672 173)
3(174 175 673)
3(674 175 176)
3(179 677 178)
3(180 678 179)
3(181 679 180)
3(181 182 680)
3(183 681 182)
3(682 183 184)
3(185 683 184)
3(187 188 686)
3(189 687 188)
3(190 688 189)
3(191 689 190)
3(192 690 191)
3(195 693 194)
3(196 694 195)
3(197 695 196)
3(198 696 197)
3(199 697 198)
3(200 698 199)
3(201 699 200)
3(202 700 201)
3(203 701 202)
3(204 702 203)
3(205 703 204)
3(205 206 704)
3(207 705 206)
3(207 208 706)
3(208 209 707)
3(710 211 212)
3(711 212 213)
3(214 712 213)
3(214 215 713)
3(216 714 215)
3(216 217 715)
3(218 716 217)
3(218 219 717)
3(718 219 220)
3(220 221 719)
3(222 720 221)
3(223 721 222)
3(724 225 226)
3(227 725 226)
3(227 228 726)
3(229 727 228)
3(229 230 728)
3(729 230 231)
3(231 232 730)
3(233 731 232)
3(732 233 234)
3(733 234 235)
3(236 734 235)
3(735 236 237)
3(238 736 237)
3(238 239 737)
3(241 242 740)
3(242 243 741)
3(244 742 243)
3(245 743 244)
3(246 744 245)
3(247 745 246)
3(248 746 247)
3(251 749 250)
3(251 252 750)
3(252 253 751)
3(253 254 752)
3(255 753 254)
3(29 30 528)
3(37 535 36)
3(52 550 51)
3(559 60 61)
3(68 566 67)
3(85 583 84)
3(98 99 597)
3(115 613 114)
3(124 622 123)
3(130 628 129)
3(154 155 653)
3(162 660 161)
3(675 176 177)
3(185 186 684)
3(193 691 192)
3(209 210 708)
3(224 722 223)
3(240 738 239)
3(249 747 248)
3(31 529 30)
3(38 536 37)
3(52 53 551)
3(62 560 61)
3(69 567 68)
3(86 584 85)
3(99 100 598)
3(116 614 115)
3(125 623 124)
3(131 629 130)
3(156 654 155)
3(163 661 162)
3(178 676 177)
3(186 187 685)
3(194 692 193)
3(211 709 210)
3(723 224 225)
3(240 241 739)
3(249 250 748)
3(754 255 256)
3(754 256 1)
3(755 7 6)
3(755 756 257)
3(757 258 756)
3(758 259 757)
3(759 260 758)
3(759 760 261)
3(761 262 760)
3(762 263 761)
3(763 264 762)
3(763 764 265)
3(765 266 764)
3(766 267 765)
3(766 767 268)
3(768 269 767)
3(768 769 270)
3(271 769 770)
3(770 771 272)
3(771 772 273)
3(773 274 772)
3(774 275 773)
3(775 276 774)
3(775 776 277)
3(777 278 776)
3(280 279 778)
3(779 280 778)
3(779 780 281)
3(781 282 780)
3(782 283 781)
3(783 284 782)
3(783 784 285)
3(286 785 287)
3(786 287 785)
3(289 288 787)
3(787 788 289)
3(788 789 290)
3(291 789 790)
3(790 791 292)
3(293 791 792)
3(793 294 792)
3(295 793 794)
3(795 296 794)
3(297 795 796)
3(298 796 797)
3(798 299 797)
3(798 799 300)
3(302 301 800)
3(801 302 800)
3(303 802 304)
3(803 304 802)
3(803 804 305)
3(805 306 804)
3(806 307 805)
3(308 806 807)
3(309 807 808)
3(310 809 311)
3(810 311 809)
3(810 811 312)
3(313 811 812)
3(812 813 314)
3(315 813 814)
3(815 316 814)
3(317 816 318)
3(817 318 816)
3(319 818 320)
3(320 818 819)
3(819 820 321)
3(820 821 322)
3(821 822 323)
3(823 324 822)
3(823 824 325)
3(825 326 824)
3(826 327 825)
3(328 826 827)
3(828 329 827)
3(829 330 828)
3(830 331 829)
3(831 332 830)
3(831 832 333)
3(335 334 833)
3(834 335 833)
3(834 835 336)
3(337 835 836)
3(837 338 836)
3(838 339 837)
3(839 340 838)
3(839 840 341)
3(342 841 343)
3(842 343 841)
3(842 843 344)
3(843 844 345)
3(845 346 844)
3(845 846 347)
3(847 349 348)
3(847 848 349)
3(350 849 351)
3(850 351 849)
3(851 352 850)
3(851 852 353)
3(853 354 852)
3(853 854 355)
3(854 855 356)
3(856 357 855)
3(857 358 856)
3(858 359 857)
3(859 360 858)
3(860 361 859)
3(861 362 860)
3(862 363 861)
3(863 365 364)
3(863 864 365)
3(367 366 865)
3(865 866 367)
3(368 866 867)
3(369 867 868)
3(869 370 868)
3(870 371 869)
3(871 372 870)
3(373 872 374)
3(873 374 872)
3(874 375 873)
3(875 376 874)
3(875 876 377)
3(876 877 378)
3(379 878 380)
3(879 380 878)
3(381 880 382)
3(881 382 880)
3(383 881 882)
3(883 384 882)
3(884 385 883)
3(885 386 884)
3(886 387 885)
3(886 887 388)
3(887 888 389)
3(889 390 888)
3(890 391 889)
3(891 392 890)
3(891 892 393)
3(893 394 892)
3(894 395 893)
3(895 396 894)
3(895 896 397)
3(897 398 896)
3(898 399 897)
3(898 899 400)
3(900 401 899)
3(900 901 402)
3(403 901 902)
3(903 405 404)
3(903 904 405)
3(905 406 904)
3(906 407 905)
3(907 408 906)
3(907 908 409)
3(908 909 410)
3(412 411 910)
3(911 412 910)
3(414 413 912)
3(913 414 912)
3(914 415 913)
3(915 416 914)
3(915 916 417)
3(917 418 916)
3(918 419 917)
3(919 420 918)
3(919 920 421)
3(920 921 422)
3(922 423 921)
3(424 922 923)
3(425 923 924)
3(426 925 427)
3(926 427 925)
3(927 429 428)
3(927 928 429)
3(430 928 929)
3(929 930 431)
3(432 930 931)
3(931 932 433)
3(933 434 932)
3(436 435 934)
3(436 934 935)
3(935 936 437)
3(937 438 936)
3(938 439 937)
3(939 440 938)
3(939 940 441)
3(442 941 443)
3(942 443 941)
3(943 445 444)
3(943 944 445)
3(945 446 944)
3(946 447 945)
3(947 448 946)
3(947 948 449)
3(949 450 948)
3(950 451 949)
3(951 452 950)
3(951 952 453)
3(953 454 952)
3(953 954 455)
3(955 456 954)
3(955 956 457)
3(458 956 957)
3(460 459 958)
3(460 958 959)
3(960 461 959)
3(960 961 462)
3(962 463 961)
3(963 464 962)
3(964 465 963)
3(964 965 466)
3(468 467 966)
3(966 967 468)
3(968 469 967)
3(969 470 968)
3(970 471 969)
3(971 472 970)
3(972 474 473)
3(474 972 973)
3(476 475 974)
3(975 476 974)
3(975 976 477)
3(977 478 976)
3(977 978 479)
3(979 480 978)
3(979 980 481)
3(482 980 981)
3(982 483 981)
3(982 983 484)
3(485 983 984)
3(985 486 984)
3(986 487 985)
3(986 987 488)
3(490 489 988)
3(988 989 490)
3(990 492 491)
3(991 492 990)
3(991 992 493)
3(993 494 992)
3(994 495 993)
3(995 496 994)
3(995 996 497)
3(499 498 997)
3(997 998 499)
3(999 500 998)
3(999 1000 501)
3(502 1000 1001)
3(1002 503 1001)
3(504 1002 1003)
3(2 3 1003)
3(755 257 7)
3(258 257 756)
3(258 757 259)
3(259 758 260)
3(759 261 260)
3(261 760 262)
3(262 761 263)
3(263 762 264)
3(763 265 264)
3(265 764 266)
3(266 765 267)
3(268 267 766)
3(269 268 767)
3(270 269 768)
3(271 270 769)
3(770 272 271)
3(771 273 272)
3(273 772 274)
3(274 773 275)
3(275 774 276)
3(775 277 276)
3(277 776 278)
3(779 281 280)
3(281 780 282)
3(282 781 283)
3(283 782 284)
3(783 285 284)
3(788 290 289)
3(291 290 789)
3(292 291 790)
3(293 292 791)
3(792 294 293)
3(793 295 294)
3(296 295 794)
3(795 297 296)
3(796 298 297)
3(298 797 299)
3(300 299 798)
3(803 305 304)
3(305 804 306)
3(306 805 307)
3(307 806 308)
3(309 308 807)
3(312 311 810)
3(313 312 811)
3(314 313 812)
3(315 314 813)
3(814 316 315)
3(819 321 320)
3(322 321 820)
3(821 323 322)
3(324 323 822)
3(325 324 823)
3(326 325 824)
3(825 327 326)
3(826 328 327)
3(329 328 827)
3(828 330 329)
3(829 331 330)
3(331 830 332)
3(333 332 831)
3(336 335 834)
3(337 336 835)
3(836 338 337)
3(338 837 339)
3(339 838 340)
3(839 341 340)
3(842 344 343)
3(345 344 843)
3(346 345 844)
3(845 347 346)
3(351 850 352)
3(851 353 352)
3(353 852 354)
3(355 354 853)
3(854 356 355)
3(357 356 855)
3(856 358 357)
3(358 857 359)
3(359 858 360)
3(859 361 360)
3(361 860 362)
3(362 861 363)
3(368 367 866)
3(867 369 368)
3(370 369 868)
3(370 869 371)
3(371 870 372)
3(374 873 375)
3(375 874 376)
3(377 376 875)
3(378 377 876)
3(881 383 382)
3(384 383 882)
3(883 385 384)
3(884 386 385)
3(386 885 387)
3(388 387 886)
3(887 389 388)
3(390 389 888)
3(390 889 391)
3(391 890 392)
3(891 393 392)
3(393 892 394)
3(394 893 395)
3(395 894 396)
3(895 397 396)
3(397 896 398)
3(398 897 399)
3(400 399 898)
3(401 400 899)
3(900 402 401)
3(403 402 901)
3(405 904 406)
3(406 905 407)
3(407 906 408)
3(907 409 408)
3(410 409 908)
3(913 415 414)
3(415 914 416)
3(915 417 416)
3(417 916 418)
3(418 917 419)
3(419 918 420)
3(421 420 919)
3(422 421 920)
3(423 422 921)
3(922 424 423)
3(425 424 923)
3(928 430 429)
3(929 431 430)
3(432 431 930)
3(433 432 931)
3(434 433 932)
3(935 437 436)
3(437 936 438)
3(438 937 439)
3(439 938 440)
3(939 441 440)
3(445 944 446)
3(446 945 447)
3(447 946 448)
3(947 449 448)
3(449 948 450)
3(450 949 451)
3(451 950 452)
3(951 453 452)
3(453 952 454)
3(953 455 454)
3(456 455 954)
3(955 457 456)
3(458 457 956)
3(460 959 461)
3(960 462 461)
3(961 463 462)
3(463 962 464)
3(465 464 963)
3(964 466 465)
3(469 468 967)
3(968 470 469)
3(470 969 471)
3(471 970 472)
3(477 476 975)
3(478 477 976)
3(479 478 977)
3(480 479 978)
3(979 481 480)
3(482 481 980)
3(482 981 483)
3(982 484 483)
3(983 485 484)
3(485 984 486)
3(486 985 487)
3(488 487 986)
3(991 493 492)
3(493 992 494)
3(494 993 495)
3(495 994 496)
3(995 497 496)
3(500 499 998)
3(999 501 500)
3(502 501 1000)
3(1001 503 502)
3(1002 504 503)
3(777 778 279)
3(785 286 784)
3(287 786 288)
3(800 301 799)
3(303 302 801)
3(809 310 808)
3(815 816 317)
3(318 817 319)
3(832 833 334)
3(841 342 840)
3(348 846 847)
3(349 848 350)
3(863 364 862)
3(365 864 366)
3(871 872 373)
3(878 379 877)
3(879 381 380)
3(903 404 902)
3(909 910 411)
3(413 412 911)
3(925 426 924)
3(427 926 428)
3(933 934 435)
3(941 442 940)
3(443 942 444)
3(958 459 957)
3(966 467 965)
3(971 972 473)
3(474 973 475)
3(988 489 987)
3(491 490 989)
3(997 498 996)
3(777 279 278)
3(285 784 286)
3(787 288 786)
3(301 300 799)
3(802 303 801)
3(309 808 310)
3(815 317 316)
3(818 319 817)
3(334 333 832)
3(341 840 342)
3(348 347 846)
3(849 350 848)
3(363 862 364)
3(865 366 864)
3(871 373 372)
3(379 378 877)
3(879 880 381)
3(902 404 403)
3(411 410 909)
3(911 912 413)
3(425 924 426)
3(927 428 926)
3(435 434 933)
3(441 940 442)
3(943 444 942)
3(957 459 458)
3(467 466 965)
3(472 971 473)
3(974 475 973)
3(489 488 987)
3(491 989 990)
3(498 497 996)
3(1003 3 505)
3(505 504 1003)
3(4 506 6)
3(755 506 507)
3(507 508 756)
3(757 508 509)
3(758 509 510)
3(759 510 511)
3(760 511 512)
3(761 512 513)
3(762 513 514)
3(763 514 515)
3(764 515 516)
3(765 516 517)
3(766 517 518)
3(518 519 767)
3(520 768 519)
3(520 521 769)
3(770 521 522)
3(771 522 523)
3(772 523 524)
3(773 524 525)
3(774 525 526)
3(775 526 527)
3(776 527 528)
3(777 528 529)
3(779 778 530)
3(779 530 531)
3(780 531 532)
3(781 532 533)
3(782 533 534)
3(783 534 535)
3(536 785 784)
3(785 536 537)
3(538 787 786)
3(787 538 539)
3(539 540 788)
3(540 541 789)
3(790 541 542)
3(542 543 791)
3(792 543 544)
3(793 544 545)
3(794 545 546)
3(546 547 795)
3(548 796 547)
3(797 548 549)
3(798 549 550)
3(551 800 799)
3(551 552 800)
3(553 802 801)
3(802 553 554)
3(803 554 555)
3(804 555 556)
3(805 556 557)
3(806 557 558)
3(559 807 558)
3(560 809 808)
3(809 560 561)
3(561 562 810)
3(562 563 811)
3(564 812 563)
3(564 565 813)
3(814 565 566)
3(816 815 567)
3(816 567 568)
3(569 818 817)
3(818 569 570)
3(819 570 571)
3(820 571 572)
3(572 573 821)
3(573 574 822)
3(575 823 574)
3(576 824 575)
3(825 576 577)
3(826 577 578)
3(579 827 578)
3(579 580 828)
3(581 829 580)
3(830 581 582)
3(831 582 583)
3(832 584 833)
3(584 585 833)
3(834 585 586)
3(586 587 835)
3(836 587 588)
3(837 588 589)
3(838 589 590)
3(839 590 591)
3(592 841 840)
3(841 592 593)
3(842 593 594)
3(843 594 595)
3(595 596 844)
3(597 845 596)
3(847 846 598)
3(847 598 599)
3(600 849 848)
3(849 600 601)
3(850 601 602)
3(851 602 603)
3(852 603 604)
3(853 604 605)
3(605 606 854)
3(606 607 855)
3(856 607 608)
3(857 608 609)
3(858 609 610)
3(859 610 611)
3(860 611 612)
3(861 612 613)
3(614 863 862)
3(863 614 615)
3(616 865 864)
3(616 617 865)
3(617 618 866)
3(867 618 619)
3(619 620 868)
3(869 620 621)
3(870 621 622)
3(872 871 623)
3(872 623 624)
3(873 624 625)
3(874 625 626)
3(875 626 627)
3(627 628 876)
3(878 877 629)
3(878 629 630)
3(880 879 631)
3(880 631 632)
3(881 632 633)
3(634 882 633)
3(634 635 883)
3(636 884 635)
3(885 636 637)
3(886 637 638)
3(638 639 887)
3(639 640 888)
3(889 640 641)
3(890 641 642)
3(891 642 643)
3(892 643 644)
3(893 644 645)
3(894 645 646)
3(895 646 647)
3(896 647 648)
3(897 648 649)
3(649 650 898)
3(650 651 899)
3(900 651 652)
3(652 653 901)
3(654 903 902)
3(903 654 655)
3(904 655 656)
3(905 656 657)
3(906 657 658)
3(907 658 659)
3(908 659 660)
3(909 661 910)
3(661 662 910)
3(663 912 911)
3(663 664 912)
3(913 664 665)
3(914 665 666)
3(915 666 667)
3(916 667 668)
3(917 668 669)
3(918 669 670)
3(919 670 671)
3(920 671 672)
3(672 673 921)
3(674 922 673)
3(674 675 923)
3(676 925 924)
3(925 676 677)
3(678 927 926)
3(927 678 679)
3(928 679 680)
3(680 681 929)
3(681 682 930)
3(682 683 931)
3(683 684 932)
3(685 934 933)
3(685 686 934)
3(935 686 687)
3(936 687 688)
3(937 688 689)
3(938 689 690)
3(939 690 691)
3(692 941 940)
3(941 692 693)
3(694 943 942)
3(943 694 695)
3(944 695 696)
3(945 696 697)
3(946 697 698)
3(947 698 699)
3(948 699 700)
3(949 700 701)
3(950 701 702)
3(951 702 703)
3(952 703 704)
3(953 704 705)
3(705 706 954)
3(707 955 706)
3(707 708 956)
3(709 958 957)
3(958 709 710)
3(711 959 710)
3(960 711 712)
3(712 713 961)
3(962 713 714)
3(963 714 715)
3(715 716 964)
3(966 965 717)
3(966 717 718)
3(719 967 718)
3(968 719 720)
3(969 720 721)
3(970 721 722)
3(971 723 972)
3(724 972 723)
3(725 974 973)
3(974 725 726)
3(726 727 975)
3(727 728 976)
3(977 728 729)
3(729 730 978)
3(979 730 731)
3(980 731 732)
3(981 732 733)
3(733 734 982)
3(735 983 734)
3(984 735 736)
3(985 736 737)
3(986 737 738)
3(988 987 739)
3(988 739 740)
3(990 989 741)
3(990 741 742)
3(991 742 743)
3(992 743 744)
3(993 744 745)
3(994 745 746)
3(995 746 747)
3(748 997 996)
3(997 748 749)
3(749 750 998)
3(751 999 750)
3(751 752 1000)
3(1001 752 753)
3(1002 753 754)
3(0 2 754)
3(6 506 755)
3(755 507 756)
3(757 756 508)
3(509 758 757)
3(510 759 758)
3(760 759 511)
3(512 761 760)
3(513 762 761)
3(514 763 762)
3(764 763 515)
3(516 765 764)
3(517 766 765)
3(766 518 767)
3(768 767 519)
3(520 769 768)
3(770 769 521)
3(771 770 522)
3(772 771 523)
3(524 773 772)
3(525 774 773)
3(526 775 774)
3(776 775 527)
3(528 777 776)
3(780 779 531)
3(532 781 780)
3(533 782 781)
3(534 783 782)
3(539 788 787)
3(788 540 789)
3(789 541 790)
3(790 542 791)
3(792 791 543)
3(544 793 792)
3(545 794 793)
3(546 795 794)
3(796 795 547)
3(548 797 796)
3(549 798 797)
3(554 803 802)
3(804 803 555)
3(556 805 804)
3(557 806 805)
3(807 806 558)
3(561 810 809)
3(810 562 811)
3(812 811 563)
3(564 813 812)
3(814 813 565)
3(819 818 570)
3(820 819 571)
3(572 821 820)
3(821 573 822)
3(823 822 574)
3(575 824 823)
3(576 825 824)
3(577 826 825)
3(578 827 826)
3(828 827 579)
3(829 828 580)
3(830 829 581)
3(582 831 830)
3(834 833 585)
3(834 586 835)
3(836 835 587)
3(588 837 836)
3(589 838 837)
3(590 839 838)
3(593 842 841)
3(594 843 842)
3(843 595 844)
3(845 844 596)
3(601 850 849)
3(602 851 850)
3(852 851 603)
3(604 853 852)
3(605 854 853)
3(854 606 855)
3(856 855 607)
3(608 857 856)
3(609 858 857)
3(610 859 858)
3(611 860 859)
3(612 861 860)
3(865 617 866)
3(866 618 867)
3(867 619 868)
3(620 869 868)
3(621 870 869)
3(624 873 872)
3(625 874 873)
3(626 875 874)
3(627 876 875)
3(632 881 880)
3(633 882 881)
3(883 882 634)
3(884 883 635)
3(885 884 636)
3(637 886 885)
3(638 887 886)
3(887 639 888)
3(640 889 888)
3(641 890 889)
3(642 891 890)
3(892 891 643)
3(644 893 892)
3(645 894 893)
3(646 895 894)
3(896 895 647)
3(648 897 896)
3(649 898 897)
3(898 650 899)
3(900 899 651)
3(900 652 901)
3(904 903 655)
3(656 905 904)
3(657 906 905)
3(658 907 906)
3(908 907 659)
3(664 913 912)
3(665 914 913)
3(666 915 914)
3(916 915 667)
3(668 917 916)
3(669 918 917)
3(670 919 918)
3(671 920 919)
3(920 672 921)
3(922 921 673)
3(922 674 923)
3(928 927 679)
3(928 680 929)
3(929 681 930)
3(930 682 931)
3(931 683 932)
3(935 934 686)
3(936 935 687)
3(688 937 936)
3(689 938 937)
3(690 939 938)
3(944 943 695)
3(696 945 944)
3(697 946 945)
3(698 947 946)
3(948 947 699)
3(700 949 948)
3(701 950 949)
3(702 951 950)
3(952 951 703)
3(704 953 952)
3(953 705 954)
3(955 954 706)
3(955 707 956)
3(710 959 958)
3(960 959 711)
3(960 712 961)
3(713 962 961)
3(714 963 962)
3(715 964 963)
3(718 967 966)
3(719 968 967)
3(720 969 968)
3(721 970 969)
3(726 975 974)
3(975 727 976)
3(977 976 728)
3(977 729 978)
3(730 979 978)
3(980 979 731)
3(732 981 980)
3(733 982 981)
3(982 734 983)
3(735 984 983)
3(736 985 984)
3(737 986 985)
3(742 991 990)
3(992 991 743)
3(744 993 992)
3(745 994 993)
3(746 995 994)
3(997 749 998)
3(999 998 750)
3(999 751 1000)
3(1001 1000 752)
3(753 1002 1001)
3(529 530 778)
3(784 535 536)
3(537 786 785)
3(550 551 799)
3(801 800 552)
3(808 559 560)
3(815 566 567)
3(568 817 816)
3(583 584 832)
3(840 591 592)
3(597 598 846)
3(848 847 599)
3(862 613 614)
3(864 863 615)
3(871 622 623)
3(628 629 877)
3(630 879 878)
3(902 653 654)
3(909 660 661)
3(911 910 662)
3(924 675 676)
3(677 926 925)
3(685 933 684)
3(940 691 692)
3(693 942 941)
3(957 708 709)
3(716 717 965)
3(971 722 723)
3(724 973 972)
3(738 739 987)
3(988 740 989)
3(996 747 748)
3(777 529 778)
3(784 783 535)
3(786 537 538)
3(550 799 798)
3(553 801 552)
3(559 808 807)
3(566 815 814)
3(817 568 569)
3(583 832 831)
3(840 839 591)
3(597 846 845)
3(848 599 600)
3(613 862 861)
3(864 615 616)
3(622 871 870)
3(876 628 877)
3(879 630 631)
3(902 901 653)
3(660 909 908)
3(663 911 662)
3(923 675 924)
3(926 677 678)
3(933 932 684)
3(940 939 691)
3(942 693 694)
3(957 956 708)
3(964 716 965)
3(722 971 970)
3(973 724 725)
3(986 738 987)
3(740 741 989)
3(996 995 747)
3(2 1003 754)
3(1002 754 1003)
3(5 7 257)
3(5 257 8)
3(9 8 257)
3(258 10 9)
3(259 11 10)
3(260 12 11)
3(261 13 12)
3(262 14 13)
3(263 15 14)
3(264 16 15)
3(265 17 16)
3(266 18 17)
3(267 19 18)
3(268 20 19)
3(20 269 21)
3(21 270 22)
3(22 271 23)
3(23 272 24)
3(273 25 24)
3(274 26 25)
3(275 27 26)
3(276 28 27)
3(277 29 28)
3(29 278 30)
3(31 30 279)
3(31 280 32)
3(281 33 32)
3(282 34 33)
3(283 35 34)
3(284 36 35)
3(285 37 36)
3(286 38 37)
3(287 39 38)
3(288 40 39)
3(289 41 40)
3(42 41 290)
3(43 42 291)
3(43 292 44)
3(44 293 45)
3(294 46 45)
3(295 47 46)
3(47 296 48)
3(297 49 48)
3(298 50 49)
3(299 51 50)
3(300 52 51)
3(301 53 52)
3(53 302 54)
3(303 55 54)
3(304 56 55)
3(305 57 56)
3(306 58 57)
3(307 59 58)
3(308 60 59)
3(309 61 60)
3(310 62 61)
3(62 311 63)
3(64 63 312)
3(64 313 65)
3(65 314 66)
3(66 315 67)
3(316 68 67)
3(317 69 68)
3(318 70 69)
3(319 71 70)
3(71 320 72)
3(321 73 72)
3(322 74 73)
3(75 74 323)
3(75 324 76)
3(76 325 77)
3(326 78 77)
3(327 79 78)
3(328 80 79)
3(80 329 81)
3(330 82 81)
3(331 83 82)
3(332 84 83)
3(333 85 84)
3(86 85 334)
3(86 335 87)
3(87 336 88)
3(88 337 89)
3(338 90 89)
3(339 91 90)
3(340 92 91)
3(341 93 92)
3(342 94 93)
3(343 95 94)
3(344 96 95)
3(97 96 345)
3(97 346 98)
3(98 347 99)
3(99 348 100)
3(349 101 100)
3(350 102 101)
3(351 103 102)
3(352 104 103)
3(353 105 104)
3(354 106 105)
3(355 107 106)
3(108 107 356)
3(357 109 108)
3(358 110 109)
3(359 111 110)
3(360 112 111)
3(361 113 112)
3(362 114 113)
3(363 115 114)
3(364 116 115)
3(365 117 116)
3(117 366 118)
3(119 118 367)
3(120 119 368)
3(121 120 369)
3(370 122 121)
3(371 123 122)
3(372 124 123)
3(373 125 124)
3(374 126 125)
3(375 127 126)
3(376 128 127)
3(377 129 128)
3(130 129 378)
3(379 131 130)
3(380 132 131)
3(381 133 132)
3(382 134 133)
3(383 135 134)
3(135 384 136)
3(385 137 136)
3(386 138 137)
3(387 139 138)
3(388 140 139)
3(141 140 389)
3(390 142 141)
3(391 143 142)
3(392 144 143)
3(393 145 144)
3(394 146 145)
3(395 147 146)
3(396 148 147)
3(397 149 148)
3(398 150 149)
3(150 399 151)
3(152 151 400)
3(152 401 153)
3(153 402 154)
3(154 403 155)
3(404 156 155)
3(405 157 156)
3(406 158 157)
3(407 159 158)
3(408 160 159)
3(409 161 160)
3(410 162 161)
3(163 162 411)
3(163 412 164)
3(413 165 164)
3(414 166 165)
3(415 167 166)
3(416 168 167)
3(417 169 168)
3(418 170 169)
3(419 171 170)
3(420 172 171)
3(421 173 172)
3(174 173 422)
3(174 423 175)
3(176 175 424)
3(177 176 425)
3(426 178 177)
3(427 179 178)
3(428 180 179)
3(429 181 180)
3(181 430 182)
3(431 183 182)
3(184 183 432)
3(185 184 433)
3(185 434 186)
3(186 435 187)
3(187 436 188)
3(437 189 188)
3(438 190 189)
3(439 191 190)
3(440 192 191)
3(441 193 192)
3(442 194 193)
3(443 195 194)
3(444 196 195)
3(445 197 196)
3(446 198 197)
3(447 199 198)
3(448 200 199)
3(449 201 200)
3(450 202 201)
3(451 203 202)
3(452 204 203)
3(453 205 204)
3(205 454 206)
3(207 206 455)
3(207 456 208)
3(208 457 209)
3(209 458 210)
3(459 211 210)
3(460 212 211)
3(212 461 213)
3(214 213 462)
3(463 215 214)
3(464 216 215)
3(465 217 216)
3(218 217 466)
3(218 467 219)
3(219 468 220)
3(469 221 220)
3(470 222 221)
3(471 223 222)
3(472 224 223)
3(473 225 224)
3(474 226 225)
3(475 227 226)
3(476 228 227)
3(229 228 477)
3(229 478 230)
3(230 479 231)
3(480 232 231)
3(481 233 232)
3(482 234 233)
3(234 483 235)
3(236 235 484)
3(485 237 236)
3(486 238 237)
3(238 487 239)
3(240 239 488)
3(240 489 241)
3(241 490 242)
3(242 491 243)
3(492 244 243)
3(493 245 244)
3(494 246 245)
3(495 247 246)
3(496 248 247)
3(497 249 248)
3(498 250 249)
3(251 250 499)
3(251 500 252)
3(252 501 253)
3(253 502 254)
3(503 255 254)
3(256 255 504)
3(3 1 256)
3(10 258 259)
3(258 9 257)
3(11 259 260)
3(12 260 261)
3(13 261 262)
3(14 262 263)
3(15 263 264)
3(16 264 265)
3(17 265 266)
3(18 266 267)
3(268 19 267)
3(20 268 269)
3(270 21 269)
3(22 270 271)
3(23 271 272)
3(24 272 273)
3(25 273 274)
3(26 274 275)
3(27 275 276)
3(28 276 277)
3(29 277 278)
3(279 30 278)
3(280 31 279)
3(32 280 281)
3(33 281 282)
3(34 282 283)
3(35 283 284)
3(36 284 285)
3(39 287 288)
3(289 40 288)
3(290 41 289)
3(42 290 291)
3(292 43 291)
3(44 292 293)
3(45 293 294)
3(46 294 295)
3(296 47 295)
3(297 48 296)
3(298 49 297)
3(50 298 299)
3(300 51 299)
3(303 54 302)
3(55 303 304)
3(56 304 305)
3(57 305 306)
3(58 306 307)
3(59 307 308)
3(309 60 308)
3(312 63 311)
3(313 64 312)
3(314 65 313)
3(66 314 315)
3(67 315 316)
3(70 318 319)
3(71 319 320)
3(72 320 321)
3(322 73 321)
3(323 74 322)
3(324 75 323)
3(325 76 324)
3(326 77 325)
3(78 326 327)
3(79 327 328)
3(329 80 328)
3(330 81 329)
3(331 82 330)
3(83 331 332)
3(333 84 332)
3(336 87 335)
3(88 336 337)
3(89 337 338)
3(90 338 339)
3(91 339 340)
3(92 340 341)
3(93 341 342)
3(94 342 343)
3(343 344 95)
3(345 96 344)
3(346 97 345)
3(347 98 346)
3(101 349 350)
3(102 350 351)
3(103 351 352)
3(104 352 353)
3(105 353 354)
3(355 106 354)
3(356 107 355)
3(108 356 357)
3(109 357 358)
3(110 358 359)
3(111 359 360)
3(112 360 361)
3(113 361 362)
3(114 362 363)
3(117 365 366)
3(367 118 366)
3(368 119 367)
3(369 120 368)
3(370 121 369)
3(122 370 371)
3(123 371 372)
3(126 374 375)
3(127 375 376)
3(377 128 376)
3(378 129 377)
3(132 380 381)
3(133 381 382)
3(134 382 383)
3(135 383 384)
3(385 136 384)
3(386 137 385)
3(138 386 387)
3(388 139 387)
3(389 140 388)
3(390 141 389)
3(142 390 391)
3(143 391 392)
3(144 392 393)
3(145 393 394)
3(146 394 395)
3(147 395 396)
3(148 396 397)
3(149 397 398)
3(150 398 399)
3(400 151 399)
3(401 152 400)
3(402 153 401)
3(154 402 403)
3(157 405 406)
3(158 406 407)
3(159 407 408)
3(160 408 409)
3(410 161 409)
3(413 164 412)
3(414 165 413)
3(166 414 415)
3(167 415 416)
3(168 416 417)
3(169 417 418)
3(170 418 419)
3(171 419 420)
3(421 172 420)
3(422 173 421)
3(174 422 423)
3(424 175 423)
3(425 176 424)
3(179 427 428)
3(180 428 429)
3(429 430 181)
3(431 182 430)
3(432 183 431)
3(433 184 432)
3(434 185 433)
3(188 436 437)
3(189 437 438)
3(190 438 439)
3(191 439 440)
3(192 440 441)
3(195 443 444)
3(196 444 445)
3(197 445 446)
3(198 446 447)
3(199 447 448)
3(200 448 449)
3(201 449 450)
3(202 450 451)
3(203 451 452)
3(204 452 453)
3(205 453 454)
3(455 206 454)
3(207 455 456)
3(457 208 456)
3(209 457 458)
3(212 460 461)
3(462 213 461)
3(463 214 462)
3(215 463 464)
3(465 216 464)
3(466 217 465)
3(467 218 466)
3(468 219 467)
3(220 468 469)
3(221 469 470)
3(222 470 471)
3(223 471 472)
3(226 474 475)
3(476 227 475)
3(477 228 476)
3(229 477 478)
3(479 230 478)
3(480 231 479)
3(232 480 481)
3(482 233 481)
3(234 482 483)
3(484 235 483)
3(484 485 236)
3(237 485 486)
3(238 486 487)
3(488 239 487)
3(242 490 491)
3(243 491 492)
3(244 492 493)
3(245 493 494)
3(246 494 495)
3(247 495 496)
3(248 496 497)
3(251 499 500)
3(501 252 500)
3(253 501 502)
3(254 502 503)
3(255 503 504)
3(37 285 286)
3(301 52 300)
3(61 309 310)
3(68 316 317)
3(334 85 333)
3(99 347 348)
3(115 363 364)
3(124 372 373)
3(379 130 378)
3(155 403 404)
3(411 162 410)
3(177 425 426)
3(435 186 434)
3(193 441 442)
3(210 458 459)
3(224 472 473)
3(489 240 488)
3(498 249 497)
3(38 286 287)
3(53 301 302)
3(62 310 311)
3(69 317 318)
3(86 334 335)
3(100 348 349)
3(116 364 365)
3(125 373 374)
3(131 379 380)
3(156 404 405)
3(163 411 412)
3(178 426 427)
3(187 435 436)
3(194 442 443)
3(460 211 459)
3(474 225 473)
3(490 241 489)
3(499 250 498)
3(505 256 504)
3(256 505 3)
3(0 3 2)
3(3 0 1)
)


// ************************************************************************* //
