/*--------------------------------*- C++ -*----------------------------------*\
  =========                 |
  \\      /  F ield         | OpenFOAM: The Open Source CFD Toolbox
   \\    /   O peration     | Website:  https://openfoam.org
    \\  /    A nd           | Version:  13
     \\/     M anipulation  |
\*---------------------------------------------------------------------------*/
FoamFile
{
    format      ascii;
    class       labelList;
    note        "nPoints: 1007 nCells: 1515 nFaces: 4032 nInternalFaces: 2028";
    location    "constant/polyMesh";
    object      neighbour;
}
// * * * * * * * * * * * * * * * * * * * * * * * * * * * * * * * * * * * * * //


2028
(
43
67
169
12
339
163
337
362
1329
93
200
359
795
171
329
147
237
837
175
190
280
122
547
29
103
550
143
698
89
214
209
455
31
113
406
25
241
361
201
405
432
239
1067
140
265
285
82
133
333
257
266
729
139
269
1441
218
342
450
218
291
128
310
356
207
453
140
265
303
158
205
33
51
399
350
553
346
384
391
96
225
45
190
280
251
403
38
153
430
85
398
262
377
381
55
139
409
216
271
124
1343
64
105
434
155
209
54
274
700
154
216
109
457
647
289
101
249
428
443
418
860
189
260
322
58
93
243
412
1269
375
1376
155
250
239
282
104
171
437
64
293
289
347
176
296
275
304
761
118
831
196
329
209
452
398
313
349
397
313
371
419
110
154
154
205
165
352
332
1316
78
287
357
93
347
85
223
344
405
415
432
104
320
413
107
253
1159
79
113
324
338
272
447
320
413
459
97
180
454
351
392
96
1391
124
170
273
228
197
242
270
369
448
172
388
1362
174
425
191
436
265
1107
144
929
106
379
387
449
128
258
113
348
186
345
116
246
159
161
121
198
249
331
483
444
293
141
112
245
119
261
306
294
433
205
158
435
439
253
278
230
247
423
157
238
268
600
188
348
396
120
362
208
299
210
429
231
246
417
444
244
1054
418
159
262
159
220
143
236
373
345
184
297
298
371
419
230
247
427
405
1078
351
420
248
288
242
270
380
172
182
388
323
352
363
227
243
251
356
183
200
364
370
414
412
180
454
166
367
452
279
388
382
479
157
217
460
162
329
371
411
375
396
400
424
1204
1240
234
271
274
187
931
1376
312
374
327
284
436
581
692
262
381
171
437
232
431
441
341
394
982
288
1119
373
196
426
1400
279
414
271
862
902
191
284
390
364
1229
272
447
306
460
190
206
281
612
193
280
586
279
199
588
240
368
195
1462
195
258
378
360
365
295
324
221
299
312
360
454
1375
267
202
445
246
331
200
1218
1077
219
426
242
674
315
389
445
439
289
347
361
1055
1157
250
362
410
318
322
301
368
314
340
521
425
438
281
401
615
238
337
329
341
394
237
390
307
1454
434
259
372
475
963
309
404
229
404
344
355
1447
264
268
314
317
363
1127
252
1052
367
245
278
409
369
408
422
404
252
446
290
352
363
852
385
1487
259
477
349
419
263
267
292
1284
267
474
318
1158
936
1462
386
292
321
1225
305
1065
451
402
311
418
1270
420
758
317
323
1118
748
1018
1391
370
386
366
346
354
384
1106
293
433
295
1467
609
326
520
300
294
322
416
458
301
580
854
358
306
318
853
1395
399
432
310
351
409
943
1458
350
417
444
951
1447
345
1082
460
316
449
340
441
1466
321
387
1260
377
395
799
1316
342
519
394
346
385
413
437
349
397
756
353
793
384
422
357
1283
450
357
383
364
414
1188
1401
389
445
451
407
360
359
411
422
644
359
411
1437
400
376
1067
1312
455
369
480
412
435
1130
378
1066
1442
400
389
1259
459
390
726
446
401
428
446
1297
417
549
397
434
403
427
416
415
447
646
442
825
440
458
958
453
1228
1238
461
980
449
830
1129
450
457
1473
691
1456
901
456
458
448
478
676
1260
786
455
1389
1246
899
497
582
898
464
465
466
1282
1282
1280
1282
473
471
472
471
473
476
474
473
475
476
480
1278
536
786
558
837
481
482
1278
1491
567
852
711
960
1068
1442
486
1277
1491
1492
500
783
850
1089
536
537
1094
1337
490
1276
1492
1493
501
688
834
1181
558
559
1183
1263
495
1274
1493
499
1272
1494
1494
567
570
1221
1223
502
1282
505
1268
1495
1495
853
1393
691
1455
582
1280
582
897
506
1266
1496
1496
1497
622
910
625
919
510
1265
1497
1498
629
970
630
978
514
1264
1498
1499
633
991
634
997
518
1262
1499
519
520
1258
1257
523
1189
1256
1257
638
1013
642
1029
880
1502
643
1041
649
1049
684
1189
531
1254
1502
1503
650
1062
654
1072
535
1252
1503
1504
1090
539
1250
1504
1505
655
1098
659
1116
543
1249
1505
1506
660
1126
663
1138
548
1248
1506
549
1507
1507
1200
553
554
553
682
557
1244
1508
1508
664
1149
666
1169
1509
1182
561
1241
1509
1510
670
1464
671
1198
565
1239
1510
1511
680
1210
569
1237
1511
1512
1222
681
1237
574
1235
1512
578
1233
1513
1513
683
1249
685
1266
584
1232
1514
1514
686
1276
1088
1395
1179
1456
585
1231
1501
1501
587
587
1229
1217
1227
1222
1223
1500
1227
1500
909
1486
926
935
1219
1227
938
1461
955
1446
962
965
1009
1010
1022
1023
1037
1038
603
1225
1083
1087
1102
1103
1220
1220
1490
1146
1147
1165
1166
608
1216
1490
610
610
1228
1214
619
1212
1489
1212
1489
1175
1177
1187
1190
1489
1214
1216
1217
1231
620
1210
1485
1485
1484
1256
1257
909
1286
624
1209
1484
1483
918
1293
935
1112
1301
628
1208
1483
1481
969
1318
977
1324
632
1206
1481
1238
990
1332
996
1338
1204
1238
639
1204
1240
986
1005
1344
1010
1346
1201
645
1202
1479
1201
1479
1028
1357
1038
1364
646
1477
1477
1245
1199
1199
1476
1046
1370
1058
1378
1199
1247
653
1198
1476
1475
1071
1384
1095
1398
658
1197
1475
662
1195
1471
1471
1115
1407
1125
1413
668
1193
1468
1468
1137
1419
1148
1427
733
1163
1434
1168
1443
669
1191
1464
1191
1463
1190
1463
1197
1475
673
1190
1463
675
675
1259
1187
679
1185
1185
1261
1182
1183
1460
1460
1209
1484
1235
1512
1244
1508
1248
1506
1254
1502
1265
1497
1274
1493
914
1482
692
1179
915
1480
918
1478
692
1181
1453
925
1472
921
1470
697
1177
1453
699
699
1269
1175
1174
1174
1451
942
1459
946
1454
1174
1271
706
1173
1451
1449
947
1452
950
1450
710
1171
1449
1445
1444
969
1436
714
1169
1445
1443
973
1432
974
1430
719
1168
1443
723
1167
1439
1439
977
1428
984
1424
727
1166
1435
1435
985
1422
990
1420
728
1283
728
1165
1164
1164
1434
994
1416
995
1414
1164
736
1163
1434
740
1154
1433
1433
996
1412
1001
1408
746
1153
1431
1431
1002
1406
1005
1404
1014
1396
1017
1394
747
1149
1429
1429
1427
1392
1026
1387
751
1148
1427
1426
1027
1385
1028
1383
755
1147
1426
757
757
1297
1146
761
762
761
1298
766
1143
1425
1425
1033
1379
1042
1371
772
1142
1423
1423
1045
1369
1046
1367
1057
1361
1058
1359
773
1138
1421
1421
1419
1063
1355
1070
1353
777
1137
1419
1418
1071
1351
1073
1347
781
1133
1418
1417
866
1345
1341
785
1132
1417
1415
1337
1095
1335
789
1126
1415
1413
1099
1331
1110
1327
794
1125
1413
795
1411
1411
1314
1111
1325
1115
1323
1120
1319
800
1121
1410
1121
1317
1125
1314
804
1120
1410
1409
1132
1310
1133
1308
808
1116
1409
1407
1137
1306
1142
1302
813
1115
1407
817
1111
1405
1405
1143
1300
1148
1295
823
1110
1403
1403
1153
1291
1154
1289
1163
1287
1167
1281
824
1103
1402
1402
826
826
1329
1102
830
832
1099
1168
1279
1171
1275
831
1099
1399
1173
1273
1267
836
1098
1399
1398
1263
1193
1255
841
1095
1398
1090
1094
1397
1397
1195
1253
1197
1251
1202
1245
1201
1243
1206
1238
1208
1236
1209
1234
1212
1230
854
1088
1220
1226
1221
854
1089
1390
1215
1232
1213
1233
859
1087
1390
861
861
1343
1083
866
1082
866
868
1082
1211
1235
1207
1239
874
1073
1388
1388
1205
1241
1203
1244
1200
1248
1196
1250
875
1072
1386
1386
1384
1194
1252
1192
1254
879
1071
1384
1382
1189
1256
1186
1264
883
1070
1382
1381
1184
1265
1180
1268
887
1063
1381
1380
1178
1272
1176
1274
891
1062
1380
1378
1172
1277
1170
1278
896
1058
1378
900
1057
1374
1374
1161
1488
1161
901
1373
1373
1361
1050
1050
1372
1159
1160
1162
1487
1156
1157
1486
1050
1363
908
1049
1372
1370
1155
1150
1482
913
1046
1370
917
1045
1368
1368
1144
1480
1140
1478
923
1042
1366
1366
1139
1135
1474
1130
1131
1134
1473
1122
1124
1469
924
1041
1365
1365
1364
1123
1470
1114
1117
1465
928
1038
1364
930
930
1375
1037
934
1034
1034
1377
940
1033
1360
1360
1113
1108
1109
1105
1106
1461
1104
1459
941
1029
1358
1358
1357
1100
1101
1457
1096
1097
945
1028
1357
1356
1091
1452
1085
1450
949
1027
1356
1354
1080
1448
1079
1081
953
1026
1354
1352
1076
1077
1446
1074
1444
957
1023
1352
959
959
1389
1022
961
1066
1068
1069
1061
1064
1440
1018
1391
1018
1350
1060
1438
1055
1056
1059
1437
968
1017
1350
1349
1051
1047
1432
972
1014
1349
1348
1043
1430
1039
1428
976
1013
1348
1346
1035
1030
1424
981
1010
1346
1009
1009
1006
1006
1344
1024
1422
1020
1420
1006
989
1005
1344
993
1002
1342
1342
1019
1015
1416
999
1001
1340
1340
1011
1414
1007
1412
1003
998
1408
1000
1339
1339
1338
1406
1404
1004
1338
1336
1401
1008
1336
1334
1400
1012
1334
1333
1396
1394
1016
1333
1332
1392
1021
1332
1025
1330
1330
1389
1387
1031
1328
1328
1385
1383
1379
1032
1326
1326
1324
1377
1376
1036
1324
1322
1375
1040
1322
1321
1371
1369
1044
1321
1320
1367
1048
1320
1318
1363
1362
1053
1318
1054
1315
1315
1436
1313
1359
1438
1061
1313
1355
1353
1065
1441
1067
1069
1075
1311
1312
1351
1347
1345
1076
1309
1309
1078
1446
1084
1447
1086
1307
1307
1343
1448
1092
1305
1305
1341
1089
1393
1335
1093
1304
1304
1454
1454
1100
1458
1331
1303
1329
1327
1105
1303
1107
1461
1112
1462
1301
1325
1323
1114
1301
1319
1118
1466
1122
1467
1317
1316
1128
1299
1299
1310
1129
1296
1296
1472
1294
1308
1306
1474
1136
1294
1293
1302
1141
1293
1145
1292
1292
1300
1298
1151
1290
1290
1297
1295
1291
1152
1288
1288
1286
1289
1287
1156
1286
1158
1486
1488
1285
1285
1284
1283
1281
1279
1275
1277
1491
1273
1276
1492
1271
1270
1269
1272
1494
1267
1268
1495
1181
1266
1496
1455
1261
1264
1498
1260
1262
1499
1259
1257
1255
1252
1503
1253
1250
1504
1251
1249
1505
1247
1246
1507
1242
1243
1241
1509
1239
1510
1236
1237
1511
1234
1230
1233
1513
1232
1514
1228
1231
1501
1226
1229
1227
1222
1500
1224
1225
1490
1485
1483
1481
1242
1479
1477
1476
1471
1468
1464
1262
1460
1453
1451
1449
1445
1439
1435
1488
1433
1482
1431
1480
1429
1478
1474
1426
1472
1425
1470
1423
1421
1459
1452
1450
1418
1448
1417
1444
1415
1312
1442
1438
1411
1436
1410
1409
1432
1430
1428
1405
1403
1424
1402
1422
1420
1399
1416
1414
1397
1412
1408
1406
1390
1404
1388
1386
1396
1394
1392
1382
1387
1381
1385
1380
1383
1379
1374
1377
1373
1372
1371
1369
1368
1395
1441
1456
1458
1466
1469
)


// ************************************************************************* //
