/*--------------------------------*- C++ -*----------------------------------*\
  =========                 |
  \\      /  F ield         | OpenFOAM: The Open Source CFD Toolbox
   \\    /   O peration     | Website:  https://openfoam.org
    \\  /    A nd           | Version:  13
     \\/     M anipulation  |
\*---------------------------------------------------------------------------*/
FoamFile
{
    format      ascii;
    class       labelList;
    note        "nPoints: 1007 nCells: 1515 nFaces: 4032 nInternalFaces: 2028";
    location    "constant/polyMesh";
    object      owner;
}
// * * * * * * * * * * * * * * * * * * * * * * * * * * * * * * * * * * * * * //


4032
(
0
0
0
1
1
2
2
3
3
4
4
5
5
6
6
7
7
7
8
8
8
9
9
10
10
10
11
11
12
12
13
13
14
14
14
15
15
15
16
16
16
17
17
18
18
18
19
19
19
20
20
20
21
21
21
22
22
22
23
23
24
24
24
25
25
26
26
26
27
27
28
28
28
29
29
30
30
30
31
31
32
32
32
33
33
34
34
34
35
35
36
36
36
37
37
37
38
38
39
39
40
40
40
41
41
42
42
42
43
43
44
44
44
45
46
46
47
47
48
48
49
49
49
50
50
51
52
52
53
53
54
54
55
55
56
56
56
57
57
58
58
59
59
60
60
60
61
61
62
62
63
63
64
65
65
65
66
66
66
67
67
68
68
69
69
70
70
71
71
71
72
72
73
73
73
74
74
74
75
75
75
76
76
76
77
77
78
78
79
79
80
80
80
81
81
81
82
82
83
83
84
84
84
85
86
86
86
87
87
88
88
88
89
89
90
90
91
91
92
92
93
94
94
94
95
95
96
97
98
98
99
99
100
100
101
101
102
102
102
103
105
106
107
107
108
108
108
109
109
110
111
111
111
112
112
114
114
114
115
115
116
116
117
117
117
118
118
119
119
120
120
121
121
122
122
123
123
124
125
125
126
126
127
127
127
128
129
129
130
130
130
131
131
131
132
132
133
133
134
134
135
135
135
136
136
136
137
137
137
138
138
138
140
141
141
142
142
142
143
144
144
145
145
145
146
146
147
147
148
148
148
149
149
150
150
151
151
151
152
152
152
153
153
155
156
156
156
157
158
159
160
160
160
160
161
161
162
162
163
163
163
164
164
164
165
165
166
167
167
167
168
168
169
170
172
173
173
173
174
175
176
176
177
177
178
178
179
179
180
181
181
182
183
183
184
184
185
185
186
186
187
188
188
189
189
191
192
192
193
194
194
195
196
197
198
198
199
199
201
202
202
203
203
204
204
204
205
206
206
207
207
208
209
210
210
211
211
212
212
213
213
213
214
214
215
215
215
217
218
219
220
220
221
221
222
222
223
224
224
224
225
226
226
227
227
228
228
229
230
231
232
233
233
234
235
235
236
238
238
239
240
240
241
243
244
244
247
248
248
249
252
253
254
254
255
255
256
256
257
257
258
259
260
261
263
263
264
266
266
268
269
269
270
272
273
273
274
275
275
276
276
276
277
277
277
279
281
282
283
283
283
285
286
286
287
288
290
291
291
292
293
295
296
296
297
297
297
298
299
300
301
301
302
302
303
304
305
307
307
308
308
308
309
309
310
311
312
314
315
316
316
317
318
319
319
320
325
325
325
326
326
327
328
328
330
330
332
332
333
334
334
335
335
336
336
337
338
338
339
339
340
341
343
343
343
344
348
353
353
354
355
358
358
361
365
366
366
366
367
368
372
373
374
374
375
376
376
378
379
380
381
382
383
385
386
387
391
392
393
393
395
398
399
401
402
403
406
407
408
410
416
421
421
422
423
424
425
426
428
429
430
431
433
435
436
436
438
440
440
442
442
443
443
448
452
456
457
461
462
462
462
463
463
464
465
466
467
467
468
469
469
470
470
470
471
472
474
475
477
477
478
478
479
479
480
481
481
482
483
483
484
484
484
484
485
485
485
486
487
487
487
487
488
488
488
488
489
489
489
490
491
491
491
491
492
492
492
492
493
493
493
494
494
494
495
496
496
496
496
497
497
498
498
498
499
500
500
501
501
502
502
503
503
504
504
504
505
506
507
507
508
508
509
509
509
510
511
511
512
512
513
513
513
514
515
515
516
516
517
517
517
518
519
520
521
522
522
522
523
524
524
525
525
526
526
527
527
528
528
529
529
530
530
530
531
532
532
533
533
534
534
534
535
537
538
538
538
539
540
540
541
541
542
542
542
543
544
544
545
545
546
546
546
547
547
548
549
550
550
551
551
552
552
552
554
555
555
556
556
557
559
560
560
560
561
562
562
563
563
564
564
564
565
566
566
568
568
568
569
570
571
571
572
572
572
573
573
573
574
575
575
576
576
577
577
577
578
579
579
580
580
581
581
583
583
583
584
585
586
586
587
588
589
589
589
590
590
591
591
592
592
593
593
594
594
595
595
596
596
597
597
598
598
599
599
600
600
601
601
602
602
603
604
604
605
605
606
606
607
607
607
608
609
609
610
611
611
611
612
612
613
613
614
614
615
616
616
617
617
618
618
618
619
620
621
621
622
622
623
623
623
624
625
625
626
626
626
627
627
627
628
629
629
630
630
631
631
631
632
633
633
634
634
635
635
636
636
636
637
637
637
638
638
639
640
640
640
641
641
642
642
643
643
644
644
645
646
647
648
648
649
649
650
650
651
651
652
652
652
653
654
654
655
655
656
656
656
657
657
657
658
659
659
660
660
661
661
661
662
663
663
664
664
665
665
665
666
666
667
667
667
668
669
670
670
671
671
672
672
672
673
674
674
675
676
676
677
677
678
678
678
679
680
680
681
681
682
682
683
683
684
684
685
685
686
686
687
687
688
688
689
689
690
690
691
693
693
694
694
695
695
696
696
696
697
698
698
699
700
701
701
702
702
703
703
704
704
705
705
705
706
707
707
708
708
709
709
709
710
711
712
712
713
713
713
714
715
715
716
716
717
717
717
718
718
718
719
720
720
721
721
722
722
722
723
724
724
725
725
726
726
727
728
729
730
730
731
731
732
732
733
734
734
734
735
735
735
736
737
737
738
738
739
739
739
740
741
741
742
742
743
743
744
744
745
745
745
746
747
748
749
749
750
750
750
751
752
752
753
753
754
754
754
755
756
756
757
758
758
759
759
760
760
760
762
763
763
764
764
765
765
765
766
767
767
768
768
769
769
770
770
771
771
771
772
773
774
774
775
775
776
776
776
777
778
778
779
779
780
780
780
781
782
782
783
784
784
784
785
786
787
787
788
788
788
789
790
790
791
791
792
792
792
793
793
794
795
796
796
797
797
798
798
799
799
800
801
801
802
802
803
803
803
804
805
805
806
806
807
807
807
808
809
809
810
810
811
811
811
812
812
812
813
814
814
815
815
816
816
816
817
818
818
819
819
820
820
821
821
822
822
822
823
824
825
825
826
827
827
827
828
828
829
829
830
831
832
833
833
834
835
835
835
836
837
838
838
839
839
839
840
840
840
841
842
842
843
843
844
844
845
845
846
846
847
847
848
848
849
849
850
850
851
851
852
853
855
855
856
856
857
857
858
858
858
859
860
860
861
862
862
863
863
863
864
864
865
865
867
867
867
868
869
869
870
870
871
871
872
872
873
873
873
874
875
876
876
877
877
878
878
878
879
880
880
881
881
882
882
882
883
884
884
885
885
886
886
886
887
888
888
889
889
890
890
890
891
892
892
893
893
894
894
894
895
895
895
896
897
897
898
899
899
900
901
902
903
903
904
904
904
904
905
905
905
906
906
907
907
907
908
909
910
910
911
911
911
912
912
912
913
914
914
915
915
916
916
916
917
918
919
919
920
920
920
920
921
921
921
922
922
922
923
924
925
925
926
926
926
927
927
927
928
929
929
930
931
931
932
932
933
933
933
934
935
936
936
937
937
937
938
938
939
939
939
940
941
942
942
942
943
943
944
944
944
945
946
946
947
947
948
948
948
949
950
950
951
951
952
952
952
953
954
954
954
955
955
956
956
956
957
958
958
959
960
960
961
961
962
962
962
963
963
964
964
965
965
966
966
966
966
967
967
967
968
969
970
970
971
971
971
972
973
973
974
974
975
975
975
976
977
978
978
979
979
979
980
981
982
983
983
984
984
985
985
986
987
987
987
988
988
988
989
990
991
991
992
992
992
993
994
994
995
995
996
997
997
998
998
999
1000
1001
1002
1003
1003
1004
1006
1007
1007
1008
1009
1011
1011
1012
1013
1014
1015
1015
1016
1017
1019
1019
1020
1020
1021
1022
1023
1024
1024
1025
1026
1027
1029
1030
1030
1031
1032
1033
1034
1035
1035
1036
1037
1039
1039
1040
1041
1042
1043
1043
1044
1045
1047
1047
1048
1049
1050
1051
1051
1052
1052
1053
1054
1056
1057
1059
1060
1060
1062
1063
1064
1065
1066
1067
1068
1068
1069
1070
1072
1073
1074
1074
1075
1077
1078
1079
1079
1080
1080
1081
1083
1084
1085
1085
1086
1087
1088
1089
1090
1091
1091
1092
1093
1096
1097
1097
1098
1101
1102
1103
1104
1104
1106
1107
1108
1108
1109
1110
1111
1113
1113
1116
1117
1118
1119
1119
1120
1121
1123
1123
1124
1126
1127
1127
1128
1129
1131
1132
1133
1134
1135
1135
1136
1138
1139
1139
1140
1140
1141
1142
1143
1144
1144
1145
1146
1147
1149
1150
1150
1151
1152
1153
1154
1155
1155
1157
1158
1160
1161
1162
1164
1165
1166
1167
1169
1170
1170
1171
1172
1172
1173
1174
1175
1176
1176
1177
1178
1178
1179
1180
1180
1181
1182
1184
1184
1185
1186
1186
1187
1188
1191
1192
1192
1193
1194
1194
1195
1196
1196
1198
1199
1200
1201
1202
1203
1203
1205
1205
1206
1207
1207
1208
1210
1211
1211
1213
1213
1214
1215
1215
1216
1217
1218
1219
1219
1220
1224
1226
1230
1234
1236
1240
1243
1245
1247
1251
1253
1255
1258
1261
1267
1271
1273
1275
1279
1281
1285
1287
1288
1289
1290
1291
1292
1294
1295
1296
1298
1299
1300
1302
1303
1304
1305
1306
1307
1308
1309
1310
1311
1311
1313
1314
1315
1317
1319
1320
1321
1322
1323
1325
1326
1327
1328
1330
1331
1333
1334
1335
1336
1339
1340
1341
1342
1345
1347
1348
1349
1350
1351
1352
1353
1354
1355
1356
1358
1359
1360
1361
1363
1365
1366
1367
1393
1440
1455
1457
1465
1467
472
468
468
476
372
482
486
490
495
499
505
506
510
514
518
342
431
213
621
526
531
535
539
543
548
9
103
554
557
561
565
569
574
578
584
585
181
45
50
183
590
1223
102
246
600
604
608
290
427
615
619
620
624
628
632
636
641
645
355
35
57
44
648
653
658
662
668
669
673
203
197
315
47
679
1183
147
173
581
693
697
11
236
13
42
701
706
710
714
719
723
727
383
324
260
20
730
736
740
746
747
751
755
333
420
762
766
772
773
777
781
785
789
794
334
150
313
395
800
804
808
813
817
823
824
410
429
832
836
841
1094
442
184
580
855
859
48
311
868
874
875
879
883
887
891
896
900
461
174
370
172
903
908
913
917
923
924
928
92
193
365
187
934
940
941
945
949
953
957
421
59
406
225
964
968
972
976
981
202
6
104
377
125
164
983
989
993
999
1000
1004
1008
1012
1016
1021
1025
1031
1032
1036
1040
1044
1048
1053
235
328
354
207
1056
1061
269
239
1069
1075
1076
201
302
51
226
1081
1086
1092
1093
1097
1101
1105
285
356
95
256
1109
1114
276
352
1119
1124
1128
234
169
110
374
1131
1136
1141
1145
1151
1152
1156
208
192
115
76
1162
898
463
470
224
481
485
489
493
494
498
504
509
513
517
326
450
232
521
1256
530
534
538
542
546
10
552
560
564
568
577
583
586
280
58
106
588
589
567
331
99
603
607
215
611
618
623
627
631
635
644
228
398
294
647
657
661
1191
672
674
242
204
449
443
678
558
382
284
1179
696
455
250
700
705
709
713
717
718
722
726
338
49
734
735
739
745
750
754
756
19
275
760
765
771
1419
780
792
793
353
66
397
325
803
812
816
822
825
835
839
840
536
408
129
1088
858
860
418
1082
867
873
878
882
886
890
894
895
899
425
142
182
911
912
916
922
927
188
378
156
933
939
944
948
952
956
958
458
447
31
971
975
979
980
219
56
75
982
987
988
992
998
1011
1015
1019
1020
1024
1030
1035
1039
1043
1047
1051
1052
252
283
453
1064
305
17
961
1074
954
16
28
243
309
1080
1085
1100
1104
937
18
128
258
263
1113
1117
323
69
1122
1123
1127
27
1130
1135
1139
1140
1144
1150
119
157
245
1159
1161
547
572
609
639
652
698
321
784
807
210
902
929
1018
262
1003
1055
1091
153
1155
122
573
247
640
656
143
729
788
811
827
907
144
967
327
1007
1060
1096
67
905
497
465
472
474
477
1170
1172
686
1176
1178
1180
685
1184
1186
520
218
441
1188
1189
684
1192
1194
1196
683
1200
350
553
682
1203
1205
1207
681
857
1213
617
1217
190
206
4
1218
1219
1221
46
231
1224
1226
1214
264
386
849
1230
680
1234
1236
424
1242
844
1245
73
40
286
1246
1247
843
1251
838
1464
670
1187
270
343
387
1185
1261
1263
237
90
501
1267
1175
166
145
41
1270
1271
1273
1275
666
821
1281
1165
71
295
300
733
665
819
1289
1291
664
1295
1146
351
761
1298
1300
1302
1137
1306
1308
544
660
5
358
130
349
1121
1317
1319
797
1323
1325
1327
1102
118
790
1331
787
1335
1337
87
212
500
1341
1083
84
866
1345
1347
654
1351
1353
1355
650
1359
1361
12
339
146
1362
528
649
1367
1369
1371
643
1037
97
348
53
1034
1377
1379
642
1383
1385
1387
1022
416
272
113
1391
744
1394
524
638
1400
62
162
80
381
220
1401
637
1404
1406
1408
634
732
1414
515
633
1420
1422
1424
630
1428
1430
1432
629
1436
446
30
241
1437
596
1440
139
282
1442
1444
1078
74
251
227
1079
1448
1450
1452
307
1457
594
1107
26
310
195
1108
626
1465
233
134
1469
1470
1472
38
68
439
1134
1474
625
1478
1480
1482
622
261
306
460
278
1487
1488
582
466
469
254
893
892
579
889
888
885
576
884
881
1258
23
2
316
523
529
877
876
872
575
871
551
870
869
865
571
175
178
72
200
593
570
852
101
268
851
616
566
848
847
846
152
407
223
105
433
651
562
614
380
451
379
319
677
559
837
221
691
834
613
63
155
704
833
829
556
606
336
287
211
818
555
815
605
392
304
759
814
810
545
809
806
298
255
70
801
798
796
791
602
3
537
786
369
853
783
601
39
170
782
779
533
778
775
774
532
770
769
438
1
168
388
768
767
764
527
599
932
763
525
753
752
749
598
456
402
77
83
597
167
149
330
459
986
742
741
738
516
725
724
721
512
720
716
715
511
712
123
391
335
15
1441
37
376
711
595
132
229
1084
708
707
91
303
98
185
1112
592
1466
363
288
695
694
430
508
690
689
687
507
177
217
112
1160
503
308
1211
856
230
179
1243
671
842
373
1279
1284
820
1310
802
659
831
540
1363
81
396
1392
743
126
1412
731
1438
403
222
702
43
111
1158
393
864
1215
423
612
845
563
1253
52
828
292
1287
805
1314
541
61
655
906
194
151
748
1396
100
737
1416
1059
415
703
1459
216
1473
591
467
1280
468
476
372
482
486
490
495
499
505
506
510
514
518
342
431
340
621
526
531
535
539
543
548
9
550
554
557
561
565
569
1513
578
1501
585
181
45
50
199
590
1223
249
121
1225
604
608
131
427
1489
619
620
624
628
632
1240
1479
645
355
35
57
457
648
1475
658
1468
668
669
673
203
197
315
47
679
1183
7
191
1456
693
697
127
236
13
274
701
706
710
714
1439
723
727
383
324
260
1284
730
1433
740
746
747
751
755
333
420
762
766
772
773
777
781
1415
789
1411
334
150
313
395
800
804
1407
813
817
823
824
410
830
832
1398
841
1094
448
368
1395
855
859
48
311
868
874
875
879
883
887
891
896
900
461
174
370
88
1372
908
913
917
923
924
928
180
193
400
187
934
940
941
945
949
953
957
421
59
406
225
1350
968
1348
976
981
196
6
104
377
126
341
983
989
993
999
1000
1336
1008
1333
1016
1021
1025
1031
1032
1036
1040
1044
1048
1053
235
328
354
361
1313
1061
21
55
1312
1075
1076
201
399
51
226
1081
1086
1092
222
1458
1303
1105
285
356
95
256
1109
1114
317
248
1467
1124
1128
234
0
110
1473
1131
1136
1141
1145
1151
1152
1157
208
192
115
253
1162
898
464
473
475
480
1491
1492
1493
1494
1495
1496
1497
1498
1499
519
22
441
1188
880
1502
1503
1504
1505
1506
1507
1508
1509
1510
1511
587
32
289
4
1218
1500
1221
46
231
1224
1490
1485
1484
1483
1481
424
1477
85
64
286
1246
667
1463
675
86
445
428
676
1460
1263
237
90
1455
1453
367
41
1270
1451
1449
1445
1435
728
78
189
1431
1429
1427
1426
757
133
758
1425
1423
1421
776
1418
411
371
65
799
1410
1405
1403
1402
826
1397
1337
87
212
1393
1390
861
273
863
1388
1386
1384
1382
1381
1380
1378
1374
1373
89
364
146
1370
1368
1366
1365
1364
931
1360
1358
1357
1356
1354
1352
959
296
176
14
1346
1400
62
171
320
1401
1344
1342
1340
1339
1332
1330
1328
1326
1324
1322
1321
1320
1318
1315
385
346
241
1440
139
282
1311
1309
1077
404
951
1307
1305
1106
140
24
267
936
1301
1465
233
134
1469
1299
1296
1294
1293
1292
1290
1288
299
312
278
1487
1285
103
574
1514
290
401
641
653
1471
11
719
257
1434
785
1413
808
429
1399
903
92
360
964
1349
125
1004
1334
1056
302
1093
1457
169
439
1156
444
1512
584
610
615
1242
1476
662
699
1443
300
736
1417
794
1409
120
836
1362
930
365
963
972
36
1338
1012
1437
432
1304
1101
271
435
1286
466
462
469
471
259
1278
1277
1276
1274
1272
1268
1266
1265
1264
1262
291
337
232
521
522
1254
1252
1250
1249
1248
549
417
29
1244
1241
1239
1237
1235
1233
1232
1231
1229
8
347
106
588
1222
567
331
99
603
1216
1228
114
281
1212
1210
1209
1208
1206
635
639
1202
646
344
434
294
647
1198
1197
1195
1193
1255
1190
1259
135
389
94
1260
1182
558
382
284
688
1177
1269
412
452
250
700
1173
1171
1169
1168
1167
1166
1283
357
322
321
729
1163
1154
1153
1149
1148
1147
1297
82
60
1143
1142
1138
663
1133
1132
1126
1125
795
359
419
332
1316
1120
1116
1115
1111
1110
1103
1329
362
1099
1098
1095
1090
536
408
129
850
1087
1343
124
862
1073
1072
1071
1070
1063
1062
1058
1057
901
214
414
182
902
1049
1046
1045
1042
1041
1038
1375
454
117
375
1376
1033
1029
1028
1027
1026
1023
1389
440
79
96
277
1017
1014
1013
1010
980
219
437
413
161
327
982
1005
1002
1001
997
996
995
994
991
990
985
984
978
977
974
973
970
969
1054
244
384
453
1055
965
1064
305
17
960
955
1446
405
33
138
1447
950
947
946
1096
1100
938
1461
265
345
186
1462
935
1117
323
69
1122
925
1129
34
154
27
1130
919
918
915
914
910
909
1486
108
148
245
1159
897
502
465
893
254
892
579
889
888
885
576
884
881
1258
23
2
314
523
529
877
876
872
575
871
393
350
551
870
869
865
571
856
617
175
178
72
141
593
570
483
198
116
851
616
179
849
566
848
847
846
1204
407
223
105
109
651
842
838
562
614
380
451
379
319
677
559
479
390
692
834
613
63
54
704
833
829
556
828
821
606
336
287
211
820
819
818
555
815
605
392
304
759
814
810
545
809
806
802
5
298
255
70
801
798
796
791
602
3
540
787
537
478
240
854
783
601
39
170
782
779
533
778
775
774
532
770
769
438
1
168
136
768
767
764
527
599
396
53
932
763
525
753
752
749
598
456
402
77
83
743
524
597
426
149
330
459
986
742
741
738
516
731
515
725
724
721
512
720
716
715
511
712
123
391
335
25
1065
409
1066
711
595
132
415
251
229
1084
708
707
702
594
91
303
98
185
1112
592
1118
137
165
695
694
430
158
1134
508
690
689
687
507
177
217
107
1160
503
864
423
845
563
52
266
805
541
61
906
194
748
100
737
1059
703
216
591
857
264
844
843
166
733
544
797
790
528
97
744
394
732
596
943
68
261
1280
467
464
463
)


// ************************************************************************* //
