/*--------------------------------*- C++ -*----------------------------------*\
  =========                 |
  \\      /  F ield         | OpenFOAM: The Open Source CFD Toolbox
   \\    /   O peration     | Website:  https://openfoam.org
    \\  /    A nd           | Version:  13
     \\/     M anipulation  |
\*---------------------------------------------------------------------------*/
FoamFile
{
    format      ascii;
    class       volScalarField;
    location    "91";
    object      p;
}
// * * * * * * * * * * * * * * * * * * * * * * * * * * * * * * * * * * * * * //

dimensions      [0 2 -2 0 0 0 0];

internalField   nonuniform List<scalar> 
7241
(
1.57553
16.5783
-0.194623
30.7303
13.2483
43.8965
2.56964
-0.223185
13.3559
16.433
45.0741
44.7867
16.3954
11.4015
54.8065
39.5201
44.6508
39.4965
56.7103
43.3531
43.5594
43.2598
39.3002
43.4891
39.3391
39.3964
43.1152
37.8843
42.1114
54.1828
11.8094
16.522
16.312
36.2786
54.0332
36.3363
14.8128
11.6995
14.8975
3.3835
0.320746
34.7443
34.611
34.3537
33.0499
16.9537
14.9607
38.5506
57.5431
54.9882
55.2797
14.955
38.3317
13.0237
13.478
38.3083
37.7362
36.9713
36.2734
53.7206
53.4801
29.8754
47.1244
22.5785
47.3058
29.6108
56.3505
29.7589
56.6421
29.5207
57.1804
34.9507
27.884
27.8931
45.6841
45.4967
46.8738
28.1916
17.0575
44.0538
6.78458
6.93736
32.5194
13.355
42.4802
19.6613
31.3332
42.6482
45.2806
42.4097
13.272
26.6402
42.4899
31.1455
40.6568
24.8731
55.3225
37.24
8.23548
13.395
31.3049
5.15196
5.33739
40.9459
29.9944
39.2767
28.8044
39.1285
23.3889
39.4822
3.57755
3.66352
50.1218
29.5039
3.56034
23.3359
13.8674
34.649
28.7173
37.72
28.1516
35.7655
21.582
21.727
4.11912
55.7647
21.8087
27.8091
19.9644
19.9378
19.8905
20.1211
18.6103
1.19248
18.1917
18.4905
18.2806
11.8491
1.91046
23.2371
31.2111
16.5718
27.1439
16.946
51.0757
3.9659
2.03304
23.8082
10.6073
8.52843
49.3845
16.937
26.6426
22.4635
22.5397
11.6912
9.31545
23.0355
9.14301
31.1112
40.1144
42.6066
11.8402
15.257
36.4804
0.0996696
21.0645
29.5349
19.3866
13.6878
13.5987
17.2929
19.9326
50.2488
0.408864
39.125
0.256774
16.8923
11.9925
19.6781
28.0005
11.7234
56.3312
8.24146
27.7874
17.9174
26.5921
54.5941
11.0227
57.9156
57.7415
26.512
26.3498
25.3879
24.7607
10.4295
17.2192
57.7822
8.07578
8.29333
25.4042
11.5087
8.15542
24.8325
56.0174
55.8818
32.8399
7.2931
30.2394
7.14733
48.0978
11.8416
21.4501
21.5438
21.6606
19.8192
26.1225
26.0803
50.4903
19.6652
54.457
21.8165
24.9839
25.1367
25.2452
17.915
5.23981
23.8521
23.7078
23.6516
23.7945
29.0499
5.56263
23.7497
14.9578
3.90876
3.81118
4.00656
50.6216
2.32447
11.7564
51.4265
24.2467
23.1548
2.21041
54.1425
54.1202
52.5285
0.710704
9.83618
22.7968
6.54752
0.652382
6.45836
57.9508
7.81497
6.62559
8.58648
10.2224
4.7709
10.0063
14.011
5.50156
5.72946
9.83518
58.0505
10.0054
6.94979
56.0569
10.3911
26.5065
3.3364
51.6189
56.3496
29.195
19.9729
56.259
5.16524
56.1856
3.32509
2.91281
2.51616
54.5235
29.3651
1.00079
49.217
10.0054
8.41225
0.0633233
1.58309
1.57324
8.58896
55.9203
6.57318
8.59904
19.9021
47.1248
2.0445
20.3147
47.7385
1.63192
47.6456
53.1283
18.497
53.4268
54.0704
48.5779
15.2173
58.3605
18.7687
10.98
47.6723
47.8337
54.3266
11.4661
10.4448
58.7228
57.993
51.2678
57.8625
36.7297
8.2511
18.7573
6.67343
7.15214
6.88667
40.8119
13.8032
47.9402
47.6883
6.80397
11.4079
25.5807
14.9562
48.0894
41.7324
6.92311
38.7606
36.8678
34.0698
7.34662
18.6112
18.5895
5.11931
5.21108
52.4062
52.6347
5.21141
56.44
1.58822
5.1139
46.5697
51.4733
41.114
57.0577
27.4645
49.5028
28.4888
49.6558
13.6527
49.6877
49.5419
34.5978
27.5728
41.278
9.23999
41.1717
56.2645
49.7123
25.3412
41.345
44.7816
44.6431
44.9315
32.8436
34.268
46.2671
46.3307
41.1731
20.7133
44.3302
39.7393
16.7749
52.3148
39.5782
39.6496
16.2496
39.584
41.995
41.557
11.3118
3.64799
49.6565
41.5601
39.7964
13.037
41.611
25.4184
39.8359
38.3245
8.15956
15.5076
8.57386
38.621
47.8456
9.597
7.16901
38.1069
7.44555
38.0982
7.38562
37.945
2.86838
38.049
27.3669
36.6584
16.9805
2.77291
39.0113
37.8879
19.3834
36.4502
43.9361
35.1104
58.2355
36.3642
58.4519
3.64525
57.5
38.4772
38.3021
38.3981
38.1413
38.4158
55.3072
33.3688
40.5442
36.8296
53.504
36.6527
30.501
12.1744
28.6545
53.6346
36.7382
28.7262
34.8626
28.5334
34.7085
12.9368
35.2543
52.0995
34.8099
6.3029
34.7364
2.67227
40.5866
50.095
33.4313
33.2169
25.5325
33.1698
48.3201
21.2031
38.8959
23.6838
33.3037
23.4016
33.1497
22.0786
3.74447
11.1812
32.0242
40.6517
12.6705
46.1285
20.4021
20.5696
11.2665
18.9397
11.1557
11.1489
42.2422
43.2015
4.03447
17.3743
30.1807
30.4153
3.63934
40.6586
3.45502
28.6401
1.81133
42.5613
43.3297
39.4895
29.9684
15.7168
30.062
39.4977
11.7408
14.1041
36.369
29.8209
9.70548
1.98355
28.4033
28.4289
12.3014
53.408
43.0384
28.4293
36.0782
48.6935
10.8738
28.2556
28.3522
34.1109
34.2515
46.0386
33.6257
25.3263
9.3079
25.4941
50.2021
25.5792
28.2462
23.7975
2.0906
1.89538
8.8339
44.7771
7.75215
23.9462
31.5923
22.2051
6.0607
6.09782
29.8727
4.24176
42.7254
40.6418
4.2932
42.0916
8.1712
42.1288
37.324
37.4813
39.5172
25.2398
25.0878
27.5866
25.0326
25.8762
26.5697
2.97389
39.9571
25.0153
25.0239
1.32714
20.4855
20.579
20.719
23.499
55.0684
24.1932
8.41297
33.3054
24.7477
7.63431
7.50957
23.4199
2.02407
21.1602
0.337168
0.184094
18.7943
20.8495
0.189549
19.9637
51.0985
17.2442
0.319117
17.4322
17.4898
15.8433
27.3208
15.6938
26.0122
15.599
18.1741
5.56134
29.4037
15.6843
5.61178
15.6895
21.9327
21.8147
14.2533
22.305
54.5296
3.72885
53.3598
31.5997
3.74862
21.9689
3.54214
51.6933
3.73958
11.653
10.7771
0.259553
12.1156
51.4118
12.1895
3.97649
0.259777
12.6513
56.501
10.1018
18.8055
10.3379
13.5883
8.79257
12.771
56.2505
56.6144
50.1925
56.3964
56.525
7.23603
48.8484
18.5321
7.41464
18.5988
4.9409
4.52165
9.39727
18.755
4.77303
52.9467
53.1835
1.04676
7.55251
3.4441
1.17455
2.20795
1.92025
2.4523
7.78208
7.45328
17.1418
17.0344
1.16054
56.5715
58.1598
5.92197
5.94924
56.4746
45.2321
6.18007
14.1968
4.56191
8.50747
15.3962
4.39647
54.4519
58.0002
53.8532
4.31549
2.60433
54.4982
43.5753
2.91895
52.8992
52.7626
52.7345
2.91704
51.1709
50.9964
2.75997
50.512
42.6277
41.7897
57.4213
15.4778
54.5656
54.5866
49.2193
15.303
53.2884
45.9898
48.1962
48.3217
48.0534
46.3927
31.2256
52.9519
53.1707
13.9143
45.3864
13.7938
38.574
42.9849
53.0372
49.9338
38.6748
12.2402
15.3137
53.0126
12.0975
41.7179
12.1247
42.0194
12.2861
39.7547
37.2576
37.1171
53.6306
31.092
10.5987
35.7854
52.527
10.5212
10.7011
55.4187
51.2644
52.1909
10.5472
30.9257
51.2398
38.9752
51.1118
36.3864
49.7942
35.5118
43.0991
33.3979
53.6838
50.0112
57.4257
49.8922
49.8024
56.1255
46.479
51.8113
33.1969
52.1512
30.7309
46.4768
46.5585
50.1835
31.7977
48.8977
31.9377
47.2503
53.1284
25.8198
26.9571
1.50763
48.6531
30.2687
30.1242
29.2293
28.475
48.6992
29.2517
21.1777
23.3408
46.6564
50.2443
27.7368
27.5352
23.9532
48.5902
26.5434
46.5669
46.2168
5.62709
5.76865
24.9738
5.65048
46.9495
25.4148
52.4355
26.1902
25.9699
47.0108
23.6159
23.711
5.76303
45.0773
17.6207
22.111
24.1254
4.22662
52.1834
4.12488
24.575
43.4808
20.6272
43.3473
18.6511
45.3282
18.8375
2.50118
5.54769
10.1842
17.3511
22.8216
55.3575
22.9506
7.30926
43.7246
14.6909
43.8204
15.4747
4.22183
43.9386
21.032
47.9404
20.9939
43.7859
42.5118
11.2692
42.3962
2.53351
6.01165
2.26964
19.2962
51.2653
12.2757
2.55698
40.5361
12.1898
40.7305
8.28628
10.8745
19.6593
17.6731
8.69457
2.3944
43.4438
57.5247
38.7532
7.99826
7.981
7.90619
38.7198
41.9382
53.7604
5.85175
6.0354
6.20846
24.4063
41.769
6.41036
38.8812
45.3122
39.2002
43.356
4.13149
40.3388
1.18379
40.1026
40.001
59.2558
35.6447
40.9208
14.2193
35.1209
37.5796
40.7731
40.3239
35.6597
57.6647
35.8609
56.8886
13.2654
38.8202
58.9022
24.4621
59.1435
56.5853
11.3377
11.2971
24.6218
32.6523
54.9087
54.9904
24.6276
39.984
32.0259
54.9965
54.8987
9.46857
54.9338
55.0178
55.7651
31.1833
57.8045
51.8473
53.0759
51.1121
53.2882
25.4251
9.29798
8.09213
22.0478
8.05258
52.0668
23.7445
27.4061
53.1766
51.7308
53.2022
7.95415
49.9662
53.2899
29.2952
29.4161
50.5152
51.5961
51.7701
16.2323
28.5329
36.7652
48.479
37.0081
51.6612
26.2824
53.7791
48.8637
50.0515
48.4316
49.9406
37.1129
24.5159
0.79858
36.8547
21.3042
47.2845
2.99198
3.67961
45.4986
2.35287
33.547
46.48
3.33198
35.0004
45.3945
48.4223
16.3372
51.9574
1.62518
44.9191
44.85
48.5344
33.3955
43.7728
43.9201
43.9559
47.8666
22.7338
33.7873
41.9707
40.8886
6.77637
41.5242
42.0563
21.0544
42.7179
1.64464
46.5915
21.0937
42.0451
21.1551
40.2268
23.3587
26.8893
40.2136
21.4032
33.8968
32.2143
19.475
19.5717
57.8046
19.7138
57.7302
58.0184
39.3065
33.6705
31.4117
37.1611
31.2944
45.247
5.56244
37.1266
55.7541
45.2444
26.7398
56.2376
19.1091
15.9184
22.8717
30.0795
35.849
45.4495
30.2666
55.9164
45.0906
35.328
35.6096
30.2406
14.374
34.0797
54.4313
30.3877
34.5454
13.3636
33.9629
49.6713
33.7318
54.6265
30.2996
30.5087
52.7324
32.4964
32.7346
45.1906
28.8889
30.575
16.3452
52.81
16.4293
4.23522
52.9525
31.1032
31.167
47.5907
17.2752
29.1185
30.3229
30.3218
29.0579
51.0219
23.2598
28.0132
51.4198
27.8634
26.8916
51.0759
30.5578
18.0826
27.5634
42.0848
33.8031
34.1764
41.9939
49.9376
30.6627
26.3293
49.8937
30.4106
13.0186
13.25
17.8566
24.6649
22.6226
23.0697
49.76
17.9163
48.1807
47.917
26.2704
49.0427
48.4365
48.9779
27.0931
27.3288
35.0994
20.7234
27.4347
45.6224
25.5071
21.2949
19.1671
25.4972
9.88684
19.8562
9.88225
38.6539
19.3714
17.9295
18.0051
46.3047
43.9939
38.8343
8.34379
38.8261
36.9935
44.3904
27.183
51.8283
55.1232
15.2622
44.6574
39.7441
42.0076
16.0774
44.4361
23.8531
44.3992
24.0895
24.1944
14.8772
46.1164
43.1047
42.8889
35.5674
20.2618
12.9884
35.4945
36.7838
35.6709
35.5284
22.1731
35.6033
35.113
41.0755
5.16924
41.4252
41.4366
11.7014
41.695
10.233
10.1034
9.92958
5.20937
45.3111
39.7881
39.6408
23.9418
40.1164
9.08979
3.1173
35.3361
42.0469
20.8424
40.0083
39.924
14.647
20.6238
7.0946
32.2607
32.2621
38.4785
29.5103
7.0349
38.2
38.1948
32.368
36.7588
7.87191
32.2921
36.4671
20.6203
0.260123
20.7125
2.57721
21.4285
27.3197
32.2792
17.3727
3.31927
22.5065
36.4692
22.4593
3.2658
39.7004
36.8261
21.6854
0.175927
0.109597
40.0683
34.9119
2.19082
21.7899
34.975
20.3126
39.9803
18.8539
34.9485
57.5949
57.7168
-0.0750944
-0.042581
40.1902
16.8628
15.6114
28.9417
-0.0580489
29.1233
16.89
29.0717
58.6659
20.3989
13.3912
42.7696
27.3211
17.6122
11.6262
57.0695
31.7335
31.7127
55.307
11.3605
55.1729
16.0055
57.1181
55.7737
53.8582
15.9192
54.3905
53.9758
10.0727
54.077
3.93712
25.8948
54.0828
15.5824
25.9281
51.8827
30.1878
52.8143
25.7792
15.7621
50.8709
15.5336
25.7082
14.8822
51.1444
17.7211
28.1773
17.4966
20.7379
49.3316
28.5242
0.63768
47.1628
49.2162
28.5182
48.154
9.05858
28.7938
47.259
47.5411
47.0251
45.8742
5.63772
26.9849
45.8154
41.6424
14.1328
14.3802
22.5658
51.4712
32.3583
22.5771
44.2983
53.172
41.4516
42.3122
27.009
48.4336
40.3637
22.6546
22.6761
45.2324
14.4873
48.3613
25.2077
51.7748
40.5027
43.8834
14.2523
39.3434
38.8451
39.2933
25.2617
25.3188
37.5675
33.3352
35.413
37.4941
25.133
37.7746
5.92365
25.2249
37.5624
23.3593
36.089
33.9283
30.8722
11.2674
23.7711
29.1968
50.1094
36.4845
23.7163
11.0173
23.734
59.2468
19.3954
33.3572
33.7955
33.6617
19.4428
23.6105
32.6631
33.6072
18.2225
17.5827
22.4658
30.5492
19.3008
19.2375
43.6036
21.9236
29.9984
22.3249
10.9289
29.6324
18.4451
9.13966
28.2128
28.0313
28.3224
21.8325
28.1099
28.081
21.9926
26.5362
17.6969
17.5916
9.48037
10.9251
20.4066
20.5099
24.9777
20.5731
8.02158
44.4403
22.6765
16.1595
22.9471
16.0667
8.32663
18.8153
30.6923
18.7894
21.6423
54.4985
18.8218
16.6257
14.3675
20.3239
48.9587
14.4563
17.3341
14.4501
14.3475
7.76664
8.15294
50.8799
12.9872
12.8741
8.46711
43.867
31.5528
14.1835
12.8868
17.0578
15.329
15.6899
15.1245
15.563
15.8638
37.164
15.4242
6.61424
12.9675
12.9968
13.6379
7.7729
13.6081
5.11777
35.9871
13.4634
11.6633
7.68426
49.1546
37.2105
5.48718
11.246
6.03604
7.68123
10.9098
4.79105
12.3178
4.57116
38.8659
44.9896
10.7301
20.3593
10.718
7.90463
9.75272
9.71371
17.8016
12.2306
9.65929
7.02035
6.87858
4.2147
10.9302
4.56839
10.9787
12.6786
8.02283
10.7435
4.68663
3.76921
10.0535
4.15729
23.1208
6.33998
3.69695
5.03614
4.46163
51.1577
3.15829
4.82735
8.76345
9.15649
2.15865
51.7853
9.10514
19.2351
9.12629
9.34895
3.56144
7.48912
7.32772
32.1918
4.44607
1.35494
34.8175
25.034
5.07964
6.29844
58.4595
3.26013
57.8858
7.24775
19.806
34.6372
56.5306
1.74111
5.88214
26.9826
41.6861
5.90469
34.0668
34.7152
5.83116
6.39588
1.43419
36.641
4.28245
1.28193
1.41593
4.22566
26.7091
1.56817
4.33855
51.6314
0.562885
2.92216
23.5075
51.7161
0.404379
2.84224
11.4945
44.5196
2.91476
56.9465
14.8061
50.0256
56.9302
44.8519
48.3267
3.26699
9.07028
3.22914
3.05424
34.3094
3.16115
56.9278
33.2002
1.79773
0.956375
1.86946
55.9651
55.8491
0.861123
56.9677
47.2022
58.0897
51.052
58.2796
1.73886
-0.0249155
-0.124942
-0.104463
-0.237324
56.9683
53.4413
53.3334
41.8154
47.9235
25.0704
40.3474
17.8524
52.2199
8.20992
52.1845
55.4264
24.9441
38.8353
43.8615
38.3861
44.2613
48.2856
48.2064
44.6766
27.2076
37.7378
37.7365
35.3333
25.5338
35.3457
35.8871
8.37524
58.3125
45.0664
34.0319
34.2544
31.2265
45.0724
45.5211
41.4727
30.6619
44.256
44.1983
30.5481
41.805
8.34978
38.531
28.8799
28.7072
50.3323
50.2916
58.2441
58.1804
56.0913
54.4887
35.158
56.0294
56.3285
56.2617
56.084
53.3368
56.0733
24.0817
56.1132
54.354
54.4232
53.0439
32.1843
54.6455
54.4028
21.0121
21.2687
19.4848
19.001
54.535
28.6385
52.7154
16.8588
17.139
17.4395
51.1377
17.7826
25.7251
52.7738
16.3349
28.2796
15.86
49.0644
25.626
14.6283
14.3452
50.1434
53.0145
14.1149
22.1959
49.5364
14.6265
47.3066
16.655
22.0416
52.8038
12.8506
18.9413
11.6007
36.4126
11.7039
51.1673
18.6964
9.85797
51.4174
9.63809
9.78563
51.165
51.2767
45.0848
51.1906
8.07041
44.4661
51.3436
44.9414
50.3161
50.4757
43.7163
44.9161
44.5455
6.54137
12.6403
4.69401
4.93193
8.10719
12.908
12.7858
49.5706
49.5667
2.42099
9.54427
1.63056
1.41615
47.9211
1.34772
48.0519
21.2466
6.1092
6.01255
41.8809
21.5343
42.1551
-0.155342
21.2276
0.0465089
43.2304
13.9833
40.8221
48.0464
18.5927
56.2048
21.1211
47.8702
11.1167
48.1147
-0.11915
48.2881
39.3856
39.4179
0.325223
40.7758
7.57077
36.6487
46.4084
46.2723
37.6471
55.0098
41.4503
46.3317
40.7219
42.9635
55.8434
31.106
37.9076
29.5284
55.4026
46.5413
46.3005
46.4347
22.0639
6.16176
36.3084
45.0496
18.942
51.5712
48.5325
48.5231
19.0832
36.8985
35.4512
30.1764
35.5471
48.6283
33.0684
48.4797
30.283
18.9378
30.3253
45.7296
2.29983
26.3296
1.57832
26.3754
31.8527
3.42007
2.74714
36.1209
45.3868
45.1282
23.2724
42.3476
27.3431
42.1094
25.7699
20.2918
19.0813
20.5421
41.8565
16.6193
5.25999
42.1726
16.6923
13.9322
30.8491
14.0986
7.05883
14.5998
0.840258
30.6469
20.223
9.84507
32.1546
0.713974
57.5436
9.96276
57.9177
10.5608
57.7412
34.1982
44.6868
24.8346
33.7832
32.5106
35.2477
35.4176
44.9066
3.69742
3.95097
59.2663
59.8054
0.84817
44.6768
21.9061
32.489
59.9585
59.3454
44.7943
22.0677
34.2102
55.8432
32.1988
29.3327
32.8164
56.757
29.1338
28.71
52.732
29.0127
29.8026
49.8123
25.9479
52.6427
46.7051
46.0234
52.4294
25.9664
56.7586
43.5783
56.8086
56.6431
43.317
43.4557
39.9289
40.4471
22.8424
43.0606
23.1013
36.8599
22.4831
25.2645
55.1175
19.3247
19.5767
22.5905
19.5236
19.7197
49.5141
19.2973
55.1233
23.2071
12.3364
49.4861
33.6771
16.2432
15.2491
15.3203
30.8801
47.8838
54.8937
14.259
13.2768
55.2368
24.9684
42.6433
45.9685
23.5343
14.1576
12.7914
23.9813
20.6895
20.3889
15.6717
5.39735
43.1983
55.0547
43.1794
17.3422
20.8495
17.4844
10.162
9.60521
9.78339
6.4781
6.50709
14.3121
11.4984
43.0161
35.3866
9.81078
14.0073
11.0554
11.2478
8.06386
41.642
6.7576
6.43123
20.3593
3.22615
3.07974
44.6358
43.033
8.04965
8.93306
15.846
41.7179
29.547
0.413055
4.30854
-0.0333373
20.8777
-0.196688
51.8852
0.262382
56.7792
8.15222
10.0144
41.1832
6.30522
41.3984
57.6117
56.7344
41.3137
10.5475
57.158
17.999
57.2321
55.1056
41.3017
16.1668
17.4211
39.66
15.4095
55.7513
1.45061
13.1551
55.7564
56.0284
53.6846
54.1154
8.99696
51.7397
39.7927
53.7417
13.9368
44.3383
12.0193
38.1628
38.0899
51.6411
38.0767
51.8871
53.3565
37.9415
38.1429
52.926
50.9411
50.8684
51.9971
51.0489
50.6719
49.1298
4.40038
49.4573
52.0164
50.4685
51.7923
8.16658
50.2714
48.5184
36.5677
29.6801
34.9349
48.5174
50.3351
50.2983
46.042
47.0483
50.2719
15.9284
50.1549
45.9931
45.2668
29.9235
30.0861
31.492
44.4958
42.8858
45.4872
41.4021
27.7832
43.027
43.8196
43.902
27.8641
42.3385
48.4349
5.66613
2.92045
48.7908
6.82252
7.17889
5.00187
3.17623
41.1208
42.1088
5.14161
42.0331
2.73641
48.5859
39.6366
48.8171
41.5748
39.756
28.452
39.3876
1.43169
40.4254
0.421089
28.4754
38.7323
47.1714
47.038
1.30556
39.1052
18.9237
46.9199
1.93179
1.13224
0.488927
39.946
39.9352
25.2563
37.0783
36.425
-0.0312521
36.2244
45.3068
35.5081
39.8003
47.0159
55.1297
36.1565
52.9064
47.2489
34.6957
54.812
34.585
38.2255
13.0218
53.3176
43.7602
33.9421
33.045
34.0759
32.3565
52.1739
32.4551
32.4519
43.9936
32.4083
52.6122
52.1167
48.5329
32.623
31.4355
31.636
50.8992
30.5472
21.777
51.2451
21.7121
30.7793
30.3734
29.8146
43.7719
29.097
29.2541
30.0638
48.6353
43.7957
19.543
47.7378
49.8059
48.3513
48.2234
20.3858
45.1985
50.9465
48.1039
43.6658
38.3382
43.8885
27.6251
25.8106
26.569
26.7729
26.0508
43.297
18.5021
45.8463
44.8259
26.0509
24.7046
25.9073
24.0908
24.0818
43.1221
23.7866
38.3793
23.3771
38.883
23.3234
42.1087
42.2322
0.0722358
36.3031
41.9561
42
40.5153
33.2294
22.7731
38.4735
15.333
15.5312
37.9354
39.108
24.3446
40.3474
40.5445
36.1363
13.925
38.2492
40.5683
40.3811
19.4245
38.927
38.8125
39.0888
39.0826
23.0612
38.2258
10.7105
16.753
38.7687
38.943
17.127
36.4119
16.6255
37.3143
16.3218
16.4007
16.3155
14.2512
37.2752
36.721
15.0389
14.7148
14.359
40.8101
14.4997
13.9043
14.0324
9.38761
13.6784
34.142
31.0504
13.112
9.23079
12.2976
37.3578
11.9229
12.9972
37.5715
12.3839
10.5802
10.5221
11.6455
36.8426
10.6089
7.23699
34.0407
9.69714
10.014
24.5853
7.30358
34.0869
7.73394
35.8642
48.1613
7.60684
7.32815
7.46726
9.88748
7.47127
35.8991
5.71812
5.86544
4.22928
29.7903
6.38373
23.345
35.8598
5.21596
6.80223
36.6008
33.9814
6.60317
36.6958
5.35996
3.89523
35.1915
35.2535
35.1027
2.41411
2.17805
35.0033
38.2242
2.18837
24.9759
34.2034
2.24622
3.17682
24.2414
3.32038
20.0112
3.0771
21.3977
3.55533
18.6542
0.95375
0.574544
35.2502
2.99844
58.846
32.621
32.425
57.6599
57.4704
1.7551
53.5604
58.6828
21.1122
20.437
0.0843927
0.180995
0.124023
19.9432
50.6505
50.8975
50.8325
0.105979
19.709
50.8365
20.3457
59.2056
19.3933
32.6627
47.6853
47.2901
59.3052
6.65491
35.0252
35.1795
30.9057
47.6587
47.7391
30.8748
30.7612
47.0834
14.96
17.2512
30.9658
54.8562
14.0954
46.4316
29.3715
29.2967
43.2005
43.5802
43.4241
54.9245
40.9657
29.2737
41.405
40.8752
29.147
14.4722
37.0823
37.8273
54.7996
37.6698
10.84
54.9817
10.0656
37.9984
10.8385
13.3514
9.23183
54.893
33.5152
46.9739
9.24012
34.7806
46.8616
4.76908
27.555
27.6517
27.9199
34.7343
27.6952
27.6786
27.0915
31.6396
27.8694
32.0446
4.37544
48.1569
26.0599
23.83
26.0361
51.3432
51.6917
25.9395
50.1224
17.3294
28.1134
3.01107
10.1175
49.9624
44.0346
12.033
50.0365
49.9393
31.8724
25.5803
48.4857
48.5592
31.9363
0.329815
31.7696
32.0198
22.0279
21.8034
21.1181
4.49295
48.3199
-0.0713979
46.7956
18.2223
46.7167
18.3959
1.05636
42.9539
14.9634
17.9093
18.9054
38.9537
46.7165
15.3756
31.7927
48.0406
56.8886
50.1085
15.2347
56.7235
53.1972
24.5243
24.3121
45.3189
24.4086
50.0841
44.9117
45.0707
12.0508
45.1483
38.038
46.7314
8.35619
45.1132
8.29479
32.2573
8.46535
30.213
47.0629
31.0396
22.8053
43.6911
29.6304
30.5446
5.56832
20.9912
22.7789
22.7719
22.6609
31.9464
5.86004
30.2636
43.4788
21.0845
41.8764
2.06833
2.76382
21.1807
21.269
8.48385
21.3158
3.08759
41.6088
27.8942
21.0183
30.2554
40.058
58.3038
7.02424
6.41369
4.96552
40.2173
19.3773
19.5209
38.5598
21.4509
0.365217
38.6386
54.38
54.3022
20.9605
54.5057
19.4884
19.806
38.5285
58.5776
17.6162
14.5548
19.8217
38.6403
38.6335
47.5813
19.6973
30.1192
53.4342
11.1477
17.7627
36.8706
44.6952
18.1919
18.084
4.6911
51.9393
4.9968
4.81232
52.5491
37.0024
17.895
38.3863
50.9494
18.0227
18.1694
50.7036
35.4145
35.0957
50.0541
50.5356
35.4229
35.5969
48.363
47.9198
45.9149
43.9362
46.332
16.2085
32.4707
43.765
16.2399
31.8678
44.4735
16.3153
44.1189
28.5506
42.575
33.7765
33.6186
28.2836
16.2142
16.386
25.2567
14.7323
41.6364
14.7071
25.387
41.8092
42.783
41.1255
32.0151
14.5729
32.1817
43.7186
14.8049
13.4056
12.9903
38.6363
34.8847
18.9924
30.5704
19.5359
19.3404
30.5594
15.7084
30.6368
37.0003
30.5591
35.8891
28.7289
15.8506
12.5678
12.5405
12.9499
34.938
13.2313
28.8576
-0.113388
34.3719
9.09272
13.0421
28.7961
8.80212
28.8818
13.2846
6.66554
6.60103
32.3705
31.8757
28.7978
28.6572
27.1933
27.5016
29.465
58.0457
57.8103
27.3323
27.3324
27.2205
11.488
44.4271
25.8933
11.37
27.4112
27.432
25.6585
28.4818
25.5675
27.279
24.0812
25.4263
9.95859
9.88134
23.9217
9.86151
9.73681
23.5999
26.9498
22.5051
22.4952
27.1583
8.0753
8.23692
21.0191
56.7783
25.5752
24.2617
22.9257
20.8613
20.8952
20.9403
8.26604
22.0651
21.0312
17.9287
1.59869
1.57904
18.4533
19.4969
55.7994
21.0302
55.9429
55.8615
19.173
8.2459
17.364
8.44262
8.44705
17.4867
17.5988
16.1646
17.6923
26.9458
19.1471
6.83527
52.7177
16.8599
19.2261
6.80824
17.7172
27.009
26.9167
14.4292
56.9918
59.2495
51.9199
12.4842
11.5132
6.48249
12.6322
19.0923
6.73563
27.0533
10.7919
4.84995
5.03999
4.84093
25.4086
11.8692
9.84944
5.10623
3.38446
15.7741
7.77548
6.95627
3.35978
52.8034
7.81051
6.35277
14.3889
3.35861
4.97636
51.7369
5.71852
53.3425
54.638
4.0775
54.344
56.6238
3.25764
25.2548
44.0386
14.3706
51.9243
1.70237
52.5222
12.8093
12.8197
50.632
56.3521
56.1814
1.61577
12.882
12.6127
43.7891
3.15787
57.1036
1.90526
56.057
55.8636
50.1847
56.7104
57.3177
1.7736
11.1669
11.029
54.7665
11.1674
55.0384
9.78534
54.8073
55.0847
52.7917
-0.00718004
54.6977
51.34
56.2821
23.7119
23.7091
9.66698
0.0372601
0.0470938
49.6033
23.9181
56.2383
48.395
53.2644
8.09109
52.511
8.08919
7.92137
7.92049
51.8402
56.0972
48.3303
45.2544
44.775
1.02112
-0.159617
41.463
51.5972
6.29861
23.6777
6.30413
52.0865
4.90516
52.9755
50.8995
51.0722
52.8761
4.90496
23.8119
40.7261
40.4535
53.4438
41.8956
48.0257
4.7
49.0384
48.8997
49.1981
40.5749
45.711
34.8363
49.6364
3.12517
3.07795
34.677
49.5523
40.5193
40.4779
49.6075
33.5053
34.8568
1.42403
32.4254
35.2046
32.7908
49.5694
49.6151
47.3591
31.4411
47.3995
32.103
11.5524
46.4192
45.314
30.6356
48.3959
29.7224
29.4344
29.9019
28.7057
46.5177
0.146983
-0.101864
-0.144683
27.8802
25.3423
-0.301283
37.35
20.4419
57.412
37.4404
57.0581
47.1953
46.3681
19.7468
46.4202
55.6459
22.7438
46.2325
47.2364
22.2474
46.3765
44.58
20.2082
45.8342
44.0235
55.534
45.077
37.4683
1.78585
5.25074
45.8353
42.7425
18.0469
42.943
43.2807
44.035
43.1247
42.7867
44.7162
43.4659
39.9291
43.3028
44.1783
53.6479
54.1688
52.1159
40.0297
13.8261
0.108141
5.15535
4.98504
19.0021
50.9381
12.8611
42.9898
18.9222
18.7658
11.5492
11.7234
50.5212
9.29432
42.0293
36.7975
9.45751
41.5637
42.1509
48.9184
42.3414
36.6277
41.4461
36.5467
42.1169
41.1146
6.3187
6.89414
42.8723
42.5517
36.7074
58.5457
33.4871
41.3257
47.659
33.5866
9.28951
2.63925
4.33529
58.3464
34.3493
34.2509
42.1525
56.3115
30.2458
40.8676
1.19931
45.3467
40.6597
17.2426
0.216551
0.191144
39.8375
56.5314
30.1211
30.1885
44.0198
30.7381
27.0389
27.1375
57.0709
37.9544
17.3242
42.5409
55.7889
37.8927
17.1858
54.3784
54.1741
37.3358
53.7487
38.875
43.556
54.0967
34.0801
54.9299
51.7177
23.7966
51.2849
37.7302
40.8218
50.5228
23.895
49.1809
41.0263
47.2782
53.3549
53.0492
53.1708
50.3546
34.0343
20.5498
20.6501
36.7044
15.7898
37.46
37.801
31.2164
51.6503
37.6519
50.1209
35.61
37.5969
45.6822
37.738
15.847
40.3529
36.0607
35.9937
35.7007
36.9932
40.2839
35.7005
36.076
17.4357
35.9596
37.8047
34.3352
34.651
36.0574
17.3326
34.7314
34.3361
15.7784
34.4222
48.3215
48.1915
33.8746
15.8396
34.1015
33.0134
33.1681
15.6323
31.9229
46.8868
32.9195
32.8548
46.7757
14.047
29.8905
31.5475
31.1493
30.8764
14.0147
4.53241
30.8143
28.3437
25.6748
25.6633
14.0547
29.7088
26.8729
27.0483
10.7817
10.9503
29.8124
15.6112
31.6206
22.5382
23.656
31.3905
45.064
30.2152
27.8568
31.5298
31.4735
31.8383
27.9016
10.8546
44.9136
30.5433
27.6478
27.5642
27.772
30.2492
26.9309
26.5313
10.3104
25.5231
14.7989
26.2959
17.2958
30.9437
15.558
26.3262
30.3013
31.4274
17.6284
7.54065
14.5952
8.96115
29.2264
7.70875
14.2216
13.962
14.1996
13.9096
29.0185
8.74005
24.6863
24.6599
41.9156
8.46461
8.23404
28.5602
14.0715
27.652
23.4537
21.4327
27.322
7.0413
41.9476
27.5027
12.4953
40.2098
21.3867
4.40082
40.2158
27.5653
3.22028
27.0338
26.8482
27.4327
27.1747
3.1924
12.5523
19.8364
20.2361
27.0679
1.028
25.8749
1.0201
1.03275
58.2993
56.617
26.8647
17.8931
26.427
27.0161
26.8224
56.4064
57.1569
38.7027
18.608
18.2195
38.4771
56.5913
56.5878
16.5464
22.5779
53.3203
16.5348
52.468
53.3813
53.2158
15.0351
53.2195
15.1109
14.9214
46.8177
15.1964
51.4443
26.6562
15.1738
52.8392
50.1791
13.5513
22.9347
49.982
23.2501
50.1474
13.505
49.4737
24.6847
47.9037
22.0843
12.1593
49.9832
22.0434
34.7095
46.8499
22.3321
49.4544
22.7294
45.2723
25.0838
46.9136
46.7487
46.7497
43.1538
43.5957
22.1905
43.7155
43.5073
42.0606
43.4569
10.1461
8.89664
40.5005
42.0972
21.4436
8.90893
38.5606
41.8888
41.2704
8.58228
15.5215
23.2019
16.8357
40.3168
39.3804
40.4047
40.2643
19.035
6.86571
36.0826
7.12481
6.98553
36.8319
41.8845
18.3226
20.5496
7.3148
7.30635
18.839
5.52084
40.1942
18.9097
22.3402
34.6508
5.68793
17.7204
32.7269
37.1493
32.02
18.5021
31.1029
37.2109
5.2768
32.9227
34.891
37.0388
37.0221
31.5653
33.9117
30.0565
34.0313
18.1602
3.09082
3.65373
3.75233
2.15454
33.823
19.7626
33.7729
17.1574
28.8373
20.4795
30.7865
25.7642
25.4246
2.15977
2.06228
30.5868
30.7529
0.414017
30.5904
0.516822
27.5596
27.3626
26.0149
17.9152
27.5278
27.3642
23.6277
21.7255
15.8224
15.4543
15.8537
24.225
24.2858
24.12
16.1549
7.63508
15.8109
24.1236
20.3224
21.0892
20.4033
20.8928
13.526
21.0576
15.6035
13.6924
20.8941
19.5268
13.0891
17.7325
17.8508
18.7833
52.6601
17.6443
12.7764
17.5963
13.95
14.5104
14.6261
13.3189
14.411
51.2537
14.3402
11.2993
11.3629
11.3174
11.1981
9.52944
49.6632
10.5984
11.2406
11.1995
9.68
8.14697
8.84927
16.8882
7.94786
8.11329
7.95185
9.7861
17.2784
4.85322
4.72349
-0.135582
9.94948
16.4751
4.93183
9.84295
4.67282
46.7055
1.59648
5.17736
1.70227
1.8401
8.3052
4.99206
12.5155
2.75958
46.3375
1.53963
1.58647
57.7159
14.7987
37.1791
0.866322
12.3932
57.6101
57.5438
15.2056
7.57338
15.119
6.19533
0.22312
14.3798
14.0047
43.1554
55.689
55.7863
5.4769
55.8346
55.6814
6.13356
56.8161
55.5573
56.0326
12.6426
36.9909
54.2324
41.18
54.2206
54.2027
53.8586
4.14152
54.3707
54.2717
53.8685
39.9286
35.275
9.64807
12.6165
35.0063
52.476
52.3933
52.5756
52.5934
52.6624
36.6757
3.36969
47.9315
3.76684
48.9281
1.19493
36.5559
2.14426
47.4187
52.4495
47.7224
51.1307
4.67758
50.7956
44.9538
0.732978
0.893273
11.4239
42.769
11.3902
58.2219
45.8506
11.4179
11.6095
50.896
51.4177
33.774
49.4959
59.317
49.2024
49.3651
33.389
55.8047
33.4806
56.5197
49.6157
49.8706
12.3726
49.3925
33.5631
38.4701
39.5134
38.9584
31.5911
54.1774
53.673
54.0555
47.6328
9.20474
47.7619
9.07308
47.7783
47.8356
46.2214
12.5062
53.1759
46.1577
46.3546
4.3642
46.3815
35.6001
46.6311
32.0947
51.5195
7.86513
51.1376
7.59903
50.9778
31.9406
30.4499
31.1661
44.5959
44.3437
44.4203
33.7757
32.0429
42.7871
29.2624
42.7159
49.3567
49.6678
4.70168
6.312
42.8902
22.2226
42.944
36.2112
42.8884
41.376
41.1717
5.80444
41.206
22.0108
25.0695
5.90422
24.192
46.7513
34.1036
24.5909
41.1781
30.7284
30.9325
39.5516
39.6784
45.9795
26.2424
39.6889
39.501
38.1425
37.9757
43.4509
37.8751
42.4457
37.8935
44.6003
38.1444
36.3135
43.6447
18.5951
18.5467
17.2473
14.6825
36.455
16.6631
43.7501
10.7939
10.7972
9.31461
34.7349
34.6361
29.0195
13.6732
13.4348
13.504
13.5974
41.3676
9.38847
11.8895
3.00003
33.2575
12.3498
33.3504
33.2285
41.4056
2.49325
33.0911
3.07091
40.087
40.1939
3.11038
33.2882
33.0507
31.6983
31.5273
9.47106
8.66902
10.7238
10.6946
1.88565
8.51146
1.73905
31.4356
1.86244
7.99821
37.9446
9.118
27.1622
9.24662
2.76396
4.17205
9.56091
0.681187
3.16069
7.46731
7.52392
0.774821
35.9294
35.8841
34.6284
0.919092
1.57026
29.9996
1.32605
30.2249
0.461989
30.4644
29.5644
29.9743
28.633
28.2496
58.2617
33.8474
28.3747
53.5096
56.159
28.3957
28.4494
26.9922
53.4847
27.0188
31.9707
26.7677
27.2297
26.8298
55.0086
47.7885
26.4968
54.5912
54.5268
25.0992
1.0396
9.14642
44.2739
54.8782
25.809
25.1425
25.1788
42.5369
53.425
23.5959
53.2208
59.2081
58.5871
24.2597
23.7578
23.757
58.6245
58.6463
57.4194
27.1943
26.8812
23.9531
24.0129
51.5002
51.5041
25.4277
24.0746
21.8295
30.8954
30.6887
21.8827
28.6216
22.3353
21.9778
50.2067
9.13772
27.0404
29.1956
53.5651
24.5329
53.6638
52.1415
49.2348
7.69223
20.9623
48.5821
20.1438
21.7348
24.091
20.2533
23.9002
23.1812
21.3851
48.029
50.4572
47.6704
46.94
14.6493
46.727
50.4849
20.2411
14.6676
14.8034
46.713
11.1543
13.7519
46.8858
19.9212
46.7023
50.3938
9.50267
48.9268
49.169
4.69358
49.311
48.9558
3.73375
10.594
48.8925
20.8564
18.1411
2.60358
47.1031
47.2994
3.67877
20.1772
18.5625
20.8036
45.7971
54.1264
53.3773
45.5732
16.6253
44.6472
18.558
17.129
49.9518
19.3128
50.77
19.1609
43.9961
44.019
16.7922
15.2867
17.0361
42.3889
42.4487
14.4926
42.583
41.2444
17.18
40.6767
17.5269
40.5538
17.7907
39.3844
39.2288
17.2138
39.4645
15.3779
15.5124
39.3364
37.648
28.7963
30.4239
15.3485
15.3127
15.2152
19.1543
9.72329
13.6343
35.9668
9.20451
13.8049
9.59001
34.2606
9.48746
14.0554
14.3149
34.1831
17.4495
36.9884
14.2555
13.8306
11.7567
12.1218
36.9984
37.501
32.8199
12.0846
31.002
30.8104
7.61668
5.10058
31.086
5.44589
29.4711
12.2136
1.72909
12.2298
6.48354
0.77677
35.6576
6.17115
35.7532
12.2871
35.0797
10.6968
4.78536
6.02789
34.9724
10.5187
34.9385
35.0765
55.4126
34.7439
10.7078
52.7655
33.8061
54.4341
27.5906
27.6286
33.746
0.507071
1.47025
1.59212
27.7112
2.02486
52.3525
49.1932
48.8069
10.6049
48.5345
10.3456
10.5781
9.06135
8.89498
8.80404
24.5653
46.6627
17.4962
24.468
24.4889
23.0408
44.3625
17.6056
7.2206
7.14335
43.6251
43.7543
40.3668
42.0509
31.4866
31.3818
23.0987
38.6097
40.0048
7.38076
40.0774
4.8196
38.7367
38.2965
21.3193
17.6466
21.4167
37.2035
7.32201
35.5383
17.8047
5.61382
35.3504
34.7788
5.74289
5.75947
33.8909
28.8261
5.81656
32.1796
3.89886
18.0316
31.7094
18.1558
40.1015
4.11544
4.3405
16.523
29.1619
16.5145
28.4981
16.5139
29.114
7.63524
7.6373
4.60616
25.7453
16.1102
14.3681
25.1107
13.4207
26.8418
7.51484
27.0476
27.1398
26.9499
30.934
13.2148
21.4223
14.2117
21.8097
20.2135
16.8094
25.744
0.849028
18.4986
18.9268
0.967687
0.773562
12.3714
25.7911
0.712976
25.6495
10.5534
0.85867
10.0668
12.6494
9.33967
6.55861
57.6136
57.8526
5.03685
57.8598
10.99
8.17478
12.6036
10.7542
8.45286
8.75248
10.8772
1.83082
1.47497
57.8824
2.32553
8.79681
57.9194
8.12173
57.9746
30.7025
58.5813
54.3541
5.27895
5.57138
5.08281
5.29757
3.78614
19.6568
4.03393
3.64325
3.6412
3.38798
2.93836
6.02429
56.6339
1.8953
1.70137
0.265557
1.98273
0.265047
11.1615
0.0337955
0.487471
17.0331
17.2354
53.2867
6.08095
54.2165
53.4207
6.0137
52.7339
53.3427
51.8678
51.8786
51.7747
17.5621
51.3294
17.2655
49.1134
56.8082
45.9188
46.5239
45.5097
50.2821
17.1591
56.6694
16.165
48.7014
9.6095
46.9449
39.844
47.2534
47.1024
56.7974
38.3223
45.7293
35.5634
56.7313
56.7252
52.695
15.5147
51.7433
51.0104
50.8
15.5709
43.6367
15.5495
53.2466
9.60642
47.738
5.88033
7.90482
42.2686
44.6737
40.2337
49.9482
40.4789
44.6351
24.1944
39.0064
38.927
46.3165
12.7721
39.0598
37.4033
12.8843
20.1374
17.4957
37.2149
44.7868
5.28456
46.9477
46.8165
15.5962
44.6688
44.4851
7.90614
12.7774
11.1077
6.37609
6.35986
9.82091
35.6219
34.1828
34.0941
34.1346
41.2447
34.3092
34.4929
32.4371
6.31219
38.0049
3.65952
32.4858
40.3053
30.7909
30.9887
10.6657
29.4359
0.184509
4.74575
4.56712
4.67689
40.7429
34.9815
9.38816
9.54813
35.0912
25.9443
25.4854
26.5929
37.2662
25.9741
26.5986
26.4437
46.3344
24.3244
45.9529
24.4078
37.2108
37.402
24.4787
24.2934
34.7814
31.7746
41.2484
22.9277
22.472
33.7948
31.7219
31.5466
36.6311
21.5033
21.1825
21.8609
21.2075
4.72248
28.3211
32.6251
29.7793
4.87737
30.1469
33.7707
19.4177
33.8746
6.6215
33.9198
2.91534
18.2724
30.3912
22.4321
25.288
2.8427
23.0066
20.0024
31.0807
16.2547
15.7876
25.0945
27.4345
16.1594
22.1785
22.0611
13.4163
3.15024
1.58187
14.3563
13.0534
27.3916
21.8822
24.418
1.64384
7.32244
11.1772
11.3356
3.21481
18.835
3.79131
18.7812
9.44509
24.1513
0.479751
0.0148054
9.93022
10.097
18.6038
20.9614
2.77661
8.5082
-0.242252
-0.261811
2.30231
-0.278647
6.07872
15.3698
12.3751
6.5967
4.88172
17.7099
11.1507
5.03909
2.36583
5.01205
5.49907
17.8666
12.33
-0.0637827
31.9306
-0.265625
1.65626
17.6995
1.75606
12.1904
1.8954
57.6909
1.79492
0.48353
58.1374
57.8091
59.7741
-0.143132
58.3735
14.7146
0.331662
0.105872
30.99
4.43382
14.4656
8.90942
11.3997
49.1766
4.504
11.7094
5.89936
6.01647
54.8198
11.3249
54.3618
54.3788
59.286
5.72025
56.1867
2.91472
55.3912
2.64825
2.61177
2.45872
58.748
58.7124
4.66504
53.5042
58.4008
54.5811
54.7011
54.681
55.0439
54.8565
44.9382
45.1067
1.99952
55.5539
54.7106
4.52701
52.4391
46.9579
51.5668
47.8245
47.8788
47.8487
47.8994
52.2724
37.0727
48.4347
45.9283
56.899
48.3156
46.2776
53.9025
4.27089
45.4671
47.5827
50.0537
44.5353
43.87
4.3125
48.4341
33.8699
50.4322
51.8523
48.9979
50.7348
52.2842
27.5235
50.8131
42.8635
33.6458
50.8906
41.4062
41.3648
47.438
30.7145
47.4979
47.5034
27.7662
44.5805
39.8388
26.7113
49.8274
26.0466
49.6525
38.2044
52.3057
38.1805
49.6536
38.1369
41.7968
41.8197
36.6853
45.666
40.9935
40.9727
45.6594
38.6472
38.718
27.86
35.2568
27.715
46.4262
32.7755
42.4402
18.9048
34.5153
33.14
33.0773
31.9912
31.7413
31.6761
31.8416
34.57
27.4754
35.3057
43.2361
35.1748
35.253
32.1714
32.1131
45.7816
46.0114
28.4541
42.6004
45.3986
27.8366
1.36913
38.7566
46.9513
39.3043
1.2891
24.8434
24.8008
26.262
26.581
1.01862
25.3076
25.0947
25.2736
12.5072
43.6115
25.4967
21.6623
23.2972
43.823
43.3549
23.3055
21.6163
1.05932
35.5049
45.193
18.4015
25.7399
18.1351
35.8272
24.4662
32.8341
19.1907
11.5747
32.7352
37.2643
11.6919
17.8855
18.0733
8.80378
18.4385
42.4426
40.6762
40.568
24.2804
8.70359
8.40094
16.0066
33.895
15.9579
16.7935
15.5597
58.1969
58.0063
32.9147
58.7204
58.2285
32.646
58.0874
6.42051
54.8008
54.7644
12.4869
12.3688
56.1277
40.4788
12.1372
9.81164
12.5582
12.5449
1.4195
58.0649
13.0068
9.03632
37.7442
9.08466
56.0462
9.08213
35.645
9.0402
54.5428
37.4931
38.1643
7.47859
7.39338
55.9838
52.8696
29.8294
55.8869
55.9844
5.88533
5.87542
33.6407
54.6409
5.91415
34.8027
59.7956
51.0847
51.102
2.82871
37.0194
6.50741
59.1373
53.1359
0.33653
52.9987
26.2479
50.1163
26.5346
26.4857
49.6292
34.2174
49.6452
0.666761
48.0274
32.4588
51.3817
0.79082
58.9622
58.1662
51.3365
58.1068
37.4872
56.0584
15.862
55.8372
56.1581
49.4688
56.8832
46.2607
31.7638
49.4915
46.4505
32.9337
30.7988
32.2799
54.8232
29.2362
30.9822
55.0201
52.5784
29.7289
53.1869
30.7464
28.3555
52.2881
28.2689
49.5681
44.8007
23.1404
51.1702
44.6189
44.8141
59.8052
26.2972
27.9142
50.0306
51.2672
59.1541
29.2668
48.3752
48.1924
54.9154
43.2236
6.17573
46.699
28.1907
28.0521
-0.107592
27.1863
46.6046
46.8795
28.3168
24.3312
46.5773
44.6771
41.5606
20.0058
41.6351
51.6478
24.3189
24.5589
44.8022
44.0656
47.6646
27.0361
43.024
43.1681
41.3832
44.7737
40.1656
42.8002
16.4555
40.2873
25.8216
24.3882
16.4859
40.2415
38.3969
43.2724
42.9615
37.7623
16.5479
51.4692
38.0097
36.2927
34.9958
49.6915
13.4496
35.0972
33.0098
38.2327
51.7815
23.3617
23.9676
36.7199
32.1009
36.7774
12.7984
39.9624
22.4652
30.1515
30.3692
28.7982
40.0585
28.9545
35.1732
27.3144
27.095
25.6271
22.023
25.2799
39.8247
38.3224
16.6949
13.4987
20.3729
23.6334
36.745
33.5645
33.3621
22.1697
21.9224
20.1704
20.4895
18.9976
19.4788
33.398
19.9282
20.7486
33.4955
53.9754
20.8446
51.4766
36.5638
19.0005
18.8476
18.0205
18.3567
18.9124
20.7053
19.239
16.8737
17.7718
31.8794
31.9569
10.1067
31.708
16.0803
10.0702
55.3412
13.5738
55.211
13.9294
6.19951
6.00775
6.30256
33.5391
33.5135
12.3516
18.7701
28.7124
14.5577
7.02207
11.2666
16.9281
33.3983
27.0249
54.4015
33.3734
9.20879
9.09434
31.8571
15.7018
49.0597
15.4691
7.35318
12.1169
49.2464
13.3747
13.3726
5.66804
5.90125
25.3214
55.1076
12.9921
4.42076
5.42089
4.24361
30.0993
25.4333
30.2772
13.3581
25.5729
16.0584
14.9196
48.3208
2.65564
23.9047
23.4737
9.38357
30.1797
11.0096
28.6321
1.28631
-0.0380701
-0.0706761
56.1271
-0.315079
22.1846
7.74693
22.2418
55.3524
11.3944
22.0142
55.3868
22.3054
55.4351
3.53547
20.6249
13.1728
9.29148
20.4814
53.7423
53.7841
3.78973
20.8087
52.3967
20.4945
52.5362
48.2749
8.38915
37.5756
20.6715
7.91052
0.588352
48.8073
8.21574
48.7828
19.0126
0.560658
18.697
17.1607
17.3935
55.9342
17.4558
25.311
55.8677
6.89569
15.7102
56.0372
55.9204
55.9097
37.8436
44.869
4.56808
23.6936
24.2586
42.8592
52.6745
42.7284
48.9294
12.4204
3.29735
12.3867
2.42256
22.2588
52.6459
52.8282
57.1195
52.6738
10.8542
2.03638
10.8719
10.8501
10.9936
20.4466
20.4601
49.012
37.4228
9.22619
37.1979
52.662
19.0128
49.2603
36.2811
36.0096
-0.177071
48.9538
7.302
7.6656
34.3105
33.9527
18.9339
57.2333
17.2
17.3059
49.4199
32.3207
49.5746
57.3539
56.3867
54.9861
56.4664
51.4213
31.3313
52.2728
31.3428
29.5325
29.1953
53.5978
49.9404
29.42
17.3365
29.0716
4.35088
49.3753
28.0866
55.7447
4.50399
52.2026
52.8979
26.296
4.30491
26.2996
46.0952
50.1022
26.5549
51.3299
24.5007
45.7194
2.74567
14.0946
2.76487
50.4038
2.58717
2.85415
49.5095
2.83635
46.1832
1.12086
0.997465
1.12499
14.0885
0.900129
46.4152
20.8721
14.1278
46.139
-0.403467
-0.239811
-0.113014
48.0344
-0.129763
48.0291
56.8362
42.8672
56.7972
12.4776
16.0188
15.1402
10.6927
14.0576
57.0054
43.0327
42.9521
44.8443
12.7719
43.9963
10.8952
13.8753
43.1006
11.5537
9.21227
11.949
41.7781
10.504
18.2925
42.9498
7.73494
41.8835
41.7193
7.4239
52.0695
52.3101
7.68753
40.3315
39.6449
39.9553
7.64244
6.84624
50.1743
6.04374
1.24514
39.8
48.8174
39.8132
5.24542
3.01818
3.26092
3.07452
39.7513
42.4608
3.27101
36.4677
4.40738
35.3975
4.25771
0.168491
33.0594
47.2728
47.3901
36.5772
33.4854
-0.112571
36.3772
45.5612
36.4019
33.1001
58.5563
36.5731
1.17075
56.4517
32.7513
1.1661
43.7796
55.6971
0.990667
43.9466
54.8006
33.2134
31.9447
30.5935
1.15555
58.3283
53.4192
53.0301
31.1228
58.4857
59.1165
9.56007
33.6324
30.0745
28.9413
51.421
54.804
54.9464
49.9517
49.9407
33.4863
28.2741
38.8246
39.1092
33.307
51.6086
29.9415
46.8192
48.4469
48.2128
26.6591
29.5497
30.0306
24.6394
30.2707
29.9853
41.6039
43.4865
43.0744
26.7622
26.3192
41.9869
26.8
25.3972
24.1664
26.9576
24.5369
41.7616
22.9583
38.6629
35.4096
35.4397
22.7027
26.755
23.5265
40.2486
19.7139
23.0961
38.7141
2.88059
23.5614
32.02
23.7938
20.6864
36.7213
23.5165
20.2303
28.9618
36.8509
25.8208
14.5514
35.3072
29.2516
20.4137
20.33
22.5782
20.5112
33.3744
34.008
33.6594
32.0772
14.101
32.3329
32.0725
20.329
19.2559
27.7334
19.2054
30.7938
16.3885
17.0404
16.0615
15.763
48.3393
48.328
28.8
12.742
13.109
13.5508
48.427
27.4827
12.8321
25.9995
13.2571
11.6863
26.241
27.1853
45.0787
24.4377
25.8239
13.9574
25.4897
24.5815
12.8135
11.2261
13.3984
22.9607
8.90317
23.9342
24.3248
22.0842
22.9604
9.52804
13.858
22.2383
20.7136
20.8449
5.34128
20.9357
20.9445
9.60017
18.1642
7.80033
8.41765
7.14642
4.79674
6.35368
19.0867
19.1276
5.45111
19.6581
19.5586
6.40704
17.3881
17.4602
6.14475
3.91142
16.0063
15.9117
15.919
3.06771
14.0931
52.895
14.5933
14.2474
13.8068
10.5419
12.6658
2.68983
12.323
18.2274
11.3968
55.3788
11.0202
2.2656
55.3568
10.7199
10.7841
1.70675
0.730726
10.6196
10.6314
9.38954
7.39699
7.47826
9.41779
7.39761
14.7884
7.86139
55.1049
7.91042
7.93187
13.3148
50.0811
7.54821
52.8805
6.00894
18.2441
45.7921
11.6217
45.6965
52.8932
7.39467
3.99596
2.66668
3.70958
4.39442
44.506
43.0791
43.2478
4.16219
4.11068
39.9315
1.33389
1.27203
0.88349
39.8141
38.88
39.2683
39.2049
-0.0865773
35.2583
53.0253
1.14444
55.091
1.00673
36.157
55.4749
21.1928
1.05048
24.6424
54.8143
6.70298
6.53412
0.962832
52.4207
6.8057
52.0312
48.7847
48.6297
57.1803
32.9022
48.6781
32.7795
5.15449
21.8819
45.9095
57.4117
32.9101
45.1232
29.4922
42.7047
29.4936
57.3595
41.7923
3.42727
3.54202
14.2471
50.2669
38.7876
57.286
14.557
26.6526
1.72546
1.73945
38.6252
35.6583
57.2841
-0.0611211
36.1157
0.0535147
11.1087
56.3136
55.6791
32.9345
1.8262
1.82842
2.64111
2.31474
57.3597
55.6859
55.9927
32.1793
57.79
32.3612
57.1702
29.3545
55.5493
57.7333
54.9132
29.009
55.287
55.5337
54.6712
26.1651
26.4952
53.9662
54.1929
25.659
25.733
55.6454
54.0784
22.4639
54.0911
54.4506
16.6075
50.4829
52.8292
22.5753
54.0257
49.2774
48.5522
19.8199
19.167
49.8401
53.8478
16.8591
47.6654
45.149
45.2838
16.0791
50.75
45.078
50.9645
52.4257
13.1022
52.7872
13.5028
52.0565
52.3918
12.8862
43.2005
51.3884
6.86934
47.2255
9.94956
6.8508
41.5337
10.209
9.46422
46.1259
50.7459
50.8521
39.6001
3.61431
51.3159
6.58541
6.93062
44.4909
44.3243
50.504
50.5566
49.0836
49.1084
-0.0397877
49.2775
36.1921
-0.162297
48.9888
49.1343
34.3663
0.101886
49.0533
47.7164
47.4719
32.5551
55.5173
51.5492
33.7552
46.3675
39.5959
32.2591
47.622
31.0508
48.0887
47.4681
49.4138
49.1077
37.4264
30.0962
45.8538
47.3254
45.9033
28.2755
45.6816
42.8538
45.6723
45.8461
45.7108
44.4759
36.2562
44.2301
36.4544
25.9567
34.9119
44.3806
44.8461
44.0758
44.2262
42.5548
42.8053
24.0331
21.5631
42.4959
42.6771
22.2334
21.8666
30.7933
29.7992
42.5611
41.1365
41.0323
40.8797
40.8721
18.6286
29.8371
18.367
23.084
22.8447
29.8047
23.5563
29.9711
20.3703
40.9693
40.8894
15.266
28.5167
16.4008
16.8059
39.3604
16.9192
52.0871
13.8954
13.7729
39.6286
13.8558
42.5006
39.3076
39.3778
10.4701
39.347
37.8212
19.8936
37.6531
11.1548
7.12003
57.0058
8.54557
4.33117
37.6448
8.90757
8.91903
3.85437
1.14973
0.622776
6.02079
37.5952
6.86836
0.806087
37.657
4.10832
36.1461
21.2994
1.51059
19.9343
5.82733
36.3827
36.0759
56.4698
55.3967
55.8136
36.1722
0.40677
36.1148
0.771095
34.7928
0.870851
40.6663
58.7732
34.3523
34.6939
18.6191
53.818
35.1567
58.3321
16.8377
53.9336
53.7383
56.1931
54.0105
16.1052
57.4786
34.2691
54.684
53.8177
19.7009
34.5417
32.8184
52.0956
53.0409
32.7624
33.0216
9.33396
53.2618
32.9015
50.4286
13.7213
13.9645
51.0176
51.1002
49.0653
32.96
31.4408
31.2611
31.4543
31.8171
31.1469
31.2975
10.3219
47.2409
48.4239
48.1257
30.3905
48.9792
47.1504
48.7283
29.7474
29.8444
46.5761
56.1086
46.977
30.2906
46.847
46.0655
29.7327
44.9646
44.42
29.5624
28.7684
45.5382
45.8499
28.1243
7.22861
43.553
7.24999
28.2313
43.9924
28.696
43.3616
27.909
27.9353
26.8461
26.5745
42.7159
42.3006
3.92488
54.5156
26.5962
39.9538
27.0349
41.7189
40.6828
54.1736
39.6759
26.2538
26.6031
24.9765
24.98
40.4791
40.6527
24.758
38.5564
39.1145
0.816657
40.8125
0.732115
24.9922
25.3517
24.579
36.4082
58.2545
58.7484
24.9262
23.2264
23.4204
23.1315
23.2771
36.2716
23.1961
35.7175
52.9495
37.9095
34.7793
36.0274
21.6124
21.7663
31.7357
36.1188
30.4365
31.6668
33.1067
30.9501
22.2335
36.1559
21.4152
21.4695
21.7447
30.4029
19.7815
34.3898
29.7287
34.4341
20.0845
33.4793
32.9081
27.5053
19.8542
20.1916
19.9649
26.8878
51.2612
26.9201
25.9132
25.7608
19.1073
18.4956
49.7144
18.5155
25.4735
50.1828
18.8752
18.0971
18.1987
30.6611
17.1435
16.6679
30.89
29.8663
29.4189
16.883
22.1974
17.3443
46.8004
16.8032
16.5864
19.5425
20.2387
46.7896
19.3154
46.7037
15.176
15.2833
15.0266
15.0148
15.1155
15.0349
26.1108
13.5957
32.5962
31.705
26.3074
17.8315
31.8573
19.2983
49.0838
13.6001
17.4999
17.3059
13.3648
13.3432
16.4016
13.3571
40.0965
13.6788
14.3857
13.5011
48.0785
12.167
13.4946
11.7307
12.14
12.0728
2.78427
12.034
13.101
12.5374
11.75
11.9187
10.9336
11.0287
23.664
10.3486
10.459
21.853
37.006
10.8744
10.2902
10.1293
9.40588
19.8208
9.37055
8.46403
46.2233
20.051
8.79699
8.81622
7.5614
9.18056
8.31171
18.0796
8.6595
6.91025
7.18158
18.1485
7.18281
7.51103
6.78091
16.8231
7.12433
16.9275
5.69521
12.8509
15.6937
5.25986
2.6185
5.60158
6.06272
15.1108
14.8816
5.09235
5.58078
3.68366
3.6633
3.87869
9.23926
3.80254
13.011
3.84897
54.0702
13.7174
11.4834
2.2035
57.3372
2.22993
2.07327
2.11797
11.4609
56.9909
24.0322
2.02458
10.0035
0.473095
55.3781
54.3717
0.623633
0.629841
0.568881
0.562737
22.4295
53.6563
22.5678
22.6295
57.237
57.2471
57.1059
57.1416
52.7228
51.5808
57.1406
57.3192
8.49164
50.7009
49.7809
6.89147
57.1697
53.7629
12.3935
45.0314
51.3565
6.54219
7.15369
49.1171
2.83615
41.8546
52.2928
17.5536
5.28554
41.7511
42.2307
41.9309
50.3842
46.9676
17.3325
46.9103
47.1596
3.53896
3.75303
47.1752
47.242
3.90271
47.1553
45.6193
47.0982
12.7677
45.9146
1.97488
41.7062
38.7068
2.45941
40.5206
10.8864
38.5242
0.170611
43.5321
47.0443
40.737
0.253066
1.17776
40.7355
41.5408
56.6739
40.8926
46.8745
40.886
45.2302
53.678
45.3881
37.4414
37.2787
37.3989
37.738
38.329
6.26959
6.47285
39.1844
34.234
46.8674
36.5549
38.1706
34.3116
37.0963
39.083
4.65503
37.4027
38.3253
47.0333
4.5588
34.1382
34.2111
35.3358
30.9947
44.0683
34.9115
31.0277
31.0243
40.6637
38.7182
38.4778
33.5671
32.846
33.8247
27.811
2.16535
37.114
30.5008
43.7815
37.584
27.8498
34.3072
43.8248
38.5294
30.7093
42.0563
42.1891
42.1351
30.8539
31.4323
21.3464
31.1296
27.7649
30.2786
27.663
29.0194
28.8771
21.307
27.4892
24.4239
57.3387
57.2968
57.502
57.4699
21.3807
40.4823
21.0913
55.6913
26.5729
18.1067
26.3592
26.8525
35.4828
55.2864
18.0869
55.5471
55.6178
23.2081
35.3004
14.3949
22.7256
23.2511
54.2383
23.7772
22.9915
54.0577
54.2664
22.6782
22.3502
35.4309
53.9351
17.9152
35.4039
52.4355
21.9798
52.3695
8.95725
18.1386
52.3424
14.722
14.6995
14.8893
11.6532
50.7922
11.6059
49.163
1.89714
57.4279
57.2355
16.5533
16.4568
2.29284
18.0686
17.6271
16.6246
11.5751
49.4537
49.2917
49.007
53.7382
35.5893
35.7308
17.0192
35.5953
47.7794
47.5165
15.0119
50.502
50.481
47.5806
35.7065
14.8106
35.6501
11.5346
12.4824
45.8613
47.5183
12.6764
12.4789
12.5803
10.6966
45.9598
8.40284
55.6351
45.9927
34.9189
11.201
44.3619
44.4256
10.4452
41.4445
35.3059
10.069
44.4169
32.2496
11.0443
44.594
37.6951
8.47262
42.5646
34.7357
8.38593
42.9995
34.0883
7.78477
7.54594
34.9684
34.3811
6.99921
42.7686
30.8842
6.56081
55.6653
4.55422
7.27597
42.751
5.6475
31.4354
38.9772
27.7117
38.8681
4.85913
28.508
37.1423
41.138
41.2253
24.6818
2.76713
3.31966
2.05314
41.0993
32.0694
1.36344
39.5708
0.701044
33.5099
21.4344
18.5461
39.5321
18.4994
57.5232
58.0211
39.4849
56.8984
14.9585
58.8801
15.0319
39.3902
39.3996
38.02
55.9306
55.0733
53.7845
53.4143
53.3889
37.6876
52.3822
38.0043
52.4817
32.3748
11.7397
37.8648
8.62448
50.5303
8.35142
49.0947
3.93583
8.89108
36.2652
36.3835
36.2667
36.2014
47.2715
2.03841
36.1078
48.1882
45.911
36.1719
33.6175
46.1726
45.4489
2.05327
32.0791
44.3337
44.4169
35.884
33.2322
44.8753
32.4266
35.7539
33.0402
18.1372
33.2106
29.0388
33.0054
41.9041
33.3223
31.7285
37.2397
41.0696
31.5454
57.6882
0.414696
31.3777
39.6351
39.1836
31.5522
19.543
29.7696
5.26779
30.0264
57.6621
57.5444
33.1944
29.5903
28.2161
28.3865
33.0818
28.2734
35.7456
28.1688
33.3149
35.103
33.0696
57.6121
32.2607
54.2418
32.122
54.2245
26.3339
26.7942
32.4238
25.1632
54.1481
53.9905
53.9159
32.1764
14.5276
51.118
50.9868
55.3156
51.0157
23.1492
23.5043
19.7508
23.4344
21.8028
50.6127
50.825
26.1874
21.7467
21.7249
25.0731
59.293
57.3539
19.9736
19.9347
20.0322
20.0916
20.2432
21.247
47.8965
20.6092
20.2599
20.2711
47.7575
47.7819
18.4604
18.3484
55.7284
47.3892
18.6793
55.6685
47.594
17.0893
13.1503
17.7519
53.0395
19.6577
17.1118
14.8799
18.27
16.8816
15.7522
16.8354
47.5679
44.5383
44.5124
29.8481
11.7764
54.7088
44.1416
44.3499
12.9757
13.5929
5.36342
29.2604
13.9022
13.4563
13.5153
11.6138
52.5666
9.42419
53.0646
12.0541
17.7854
41.024
12.1104
12.0331
49.9347
41.2494
50.7287
10.4701
10.3525
10.1718
6.424
10.6812
41.2904
41.0015
41.2105
8.79862
8.98064
41.106
5.75979
8.84588
8.91589
3.84606
3.32413
3.78694
37.7705
6.61313
2.57563
7.05229
38.0262
2.38951
7.27865
2.36456
23.1222
1.31207
7.32509
5.58434
5.70355
0.554349
38.0686
5.6397
37.7968
-0.394728
28.1305
37.9847
57.2451
56.9458
4.84349
3.96426
3.93572
50.3869
3.84465
4.10774
50.4079
23.0765
55.2051
2.31618
2.29709
49.7777
2.39545
53.6132
2.33598
53.7111
48.0611
52.1569
52.1455
34.9562
51.8052
34.8246
34.8537
34.4493
50.8935
0.607237
0.715226
57.5972
57.478
46.5451
47.2885
47.0364
34.6638
19.6915
45.2224
45.7819
26.7403
31.3433
44.0567
5.17672
44.6927
53.9428
53.5614
31.5762
42.6872
41.6956
40.5603
37.8153
54.2128
40.8178
54.3075
50.2105
50.2435
31.5051
31.4153
38.4828
50.9453
37.583
47.6026
35.4895
47.7499
31.2776
35.496
34.3837
24.7194
28.4937
34.1361
33.6804
25.7337
43.7766
33.521
32.3261
32.9006
44.2816
28.3607
44.4869
41.0489
6.44279
40.9775
29.4803
29.0806
29.7738
28.389
41.2419
38.1807
9.07523
27.9885
25.9396
25.6031
9.24176
28.202
34.6786
27.1606
28.1791
24.8851
25.0859
25.2773
25.1202
31.4826
24.958
22.6613
31.4014
22.6232
19.5871
24.8198
39.1917
28.3335
27.6207
22.0409
28.2757
17.9463
28.3204
21.9017
41.0579
24.4414
42.5499
16.3257
24.9148
41.5476
25.0972
14.3292
12.53
25.1858
13.5379
21.3944
21.1687
21.9261
21.5331
21.8834
40.2039
21.7381
19.2534
8.0065
20.9635
18.4015
18.6332
18.7918
21.2436
7.14238
15.0219
19.0719
14.9677
3.69645
4.98912
39.7776
39.6553
15.3706
18.4732
18.3382
37.1483
11.4781
0.0305767
11.9675
26.1163
12.1914
15.1708
8.25327
15.5214
8.91472
9.00085
5.21461
53.6213
5.0074
26.396
15.4032
36.7161
37.1011
15.1407
15.3599
2.15693
2.29917
25.9978
12.3474
12.2091
36.2256
58.5129
12.2332
11.8415
46.2841
58.4041
12.0457
6.13983
43.6346
43.5076
7.30988
8.77582
8.93431
54.5099
54.6066
35.4613
8.86326
8.7032
54.2097
41.0444
8.63898
26.2105
5.64579
37.9556
36.5767
39.588
36.9467
51.2742
34.0977
51.3218
5.37079
5.57447
4.44565
4.63275
4.40606
30.55
30.3671
4.40781
27.7121
26.1989
5.7387
5.84746
48.0308
2.34067
47.8976
21.1888
44.7842
28.8535
29.0019
24.102
17.6085
2.50554
44.6227
31.7582
21.1025
17.6191
2.46649
6.07161
28.8371
41.4533
21.0956
25.6303
41.5449
25.8065
30.7144
30.8054
25.8592
17.7733
21.393
38.2333
16.2877
15.1894
37.8449
38.3204
25.6344
13.4998
14.4671
22.4186
11.7347
27.853
11.0154
28.915
11.4267
29.1103
11.5487
22.4644
7.24894
22.5993
35.0074
22.3363
27.9032
22.5711
28.5486
7.60884
27.4899
19.1472
4.2075
19.3299
1.22495
1.15342
27.6592
27.5828
1.42678
31.7628
1.35167
31.5411
31.7774
19.4079
56.2352
19.237
53.8027
53.5149
19.1309
26.5861
28.6467
26.5888
28.6406
28.462
26.2343
16.0804
28.5421
15.9205
28.6263
24.2468
44.0579
24.4131
24.3381
43.4761
39.5721
25.3081
23.8044
36.5796
37.4415
37.6672
23.0713
34.3329
33.8874
57.9472
24.107
58.1156
23.6375
31.1041
30.5513
27.7731
27.4618
23.8564
22.837
24.2216
25.0494
24.2639
22.1748
22.7294
22.2697
22.1731
16.2078
56.5694
56.5148
22.0756
18.661
14.8293
56.6291
22.3673
56.5629
11.6757
56.3191
56.2605
22.9501
18.7351
7.91694
7.194
18.8185
15.9323
5.11575
15.6788
12.7716
22.6782
15.7258
2.61099
12.7296
22.5802
12.9137
15.2623
57.6665
54.0674
22.519
56.4689
12.8846
53.5885
56.9819
51.6659
53.6224
57.0572
9.62712
21.2425
20.3187
17.9638
9.44095
9.70082
27.9723
9.4241
52.425
24.2368
6.51607
9.11852
8.95275
6.49518
6.14103
51.5859
19.041
10.3189
51.5068
5.7209
6.51723
18.4676
18.739
49.3623
49.5924
40.2223
5.65434
17.8336
21.536
5.91612
6.1442
2.81989
17.7167
9.5493
17.092
17.1665
2.82824
24.1686
2.66271
2.66855
2.46915
3.14953
44.5354
2.96709
3.09683
16.084
43.415
58.4381
42.8871
16.2056
42.8754
16.0045
15.9332
16.2452
16.3266
16.1874
24.0795
58.5278
16.4707
13.1234
15.4461
56.31
39.874
11.4867
2.97582
14.7887
56.6349
15.1043
10.8237
38.4015
29.6177
54.8421
37.1708
36.9891
23.8543
54.8186
36.4393
36.8886
12.3557
33.1122
24.6143
54.9606
35.2155
-0.0950733
0.00467497
53.1699
-0.0410005
33.9613
33.35
12.0422
55.3598
51.421
14.8683
14.6623
14.6909
51.5879
51.5771
14.4927
30.1043
8.36307
55.561
13.4428
51.5115
51.5692
8.1404
55.573
49.9861
28.7053
55.1371
23.9464
55.2078
48.4558
48.5858
26.4017
3.50612
52.1087
26.7382
48.0946
52.3101
46.8194
24.871
52.3451
51.875
45.6288
45.9607
12.499
51.9423
45.1328
10.3739
48.9282
24.0394
48.8916
10.1394
24.1772
48.8122
21.9898
43.5701
43.4704
8.69783
20.1365
43.6636
48.7223
25.8506
43.6473
49.0732
45.6814
45.788
17.9518
45.9331
10.5306
43.0378
10.4121
25.577
10.5443
17.0544
17.1869
17.0043
40.3108
45.6234
9.30761
45.698
40.4067
9.65983
40.2361
14.4363
12.9259
24.5242
21.0057
13.9839
14.1384
6.38966
38.3988
38.5688
12.8781
42.5992
42.2844
42.3501
10.3319
39.246
10.4785
39.2132
39.1181
6.17787
55.6676
55.4441
39.001
6.31712
39.382
36.0188
33.7942
2.08247
35.9781
35.892
35.7935
37.8105
32.226
1.98438
5.81609
32.1043
36.1503
6.29718
29.4793
5.27474
4.41981
58.0675
-0.0117361
-0.0559673
4.93663
4.66972
2.47864
2.58526
28.9587
28.8698
4.63015
28.9706
28.8998
1.42221
58.4942
4.2324
27.5031
32.6705
27.3151
57.8554
58.1268
3.92379
4.01387
32.6075
27.3186
54.3978
4.46513
57.0587
25.7538
56.6442
25.6697
50.7408
50.8592
2.18239
24.0783
50.9693
24.0758
50.812
50.5856
29.5576
22.4704
32.8321
48.2268
55.8365
1.45382
44.8379
22.4742
44.9402
45.228
45.1956
45.6488
22.3568
1.66296
29.414
49.1343
49.1574
49.0898
29.5237
19.3636
47.59
47.3636
19.2544
57.93
47.5136
17.7423
47.636
56.8347
34.2731
57.2955
29.6292
35.0991
29.3395
45.8355
29.3871
15.9645
32.3269
26.2668
44.2659
55.6443
51.8062
14.4851
14.5145
44.3883
44.343
28.7529
44.1161
26.4511
26.4946
53.533
12.7674
25.5717
12.7419
11.3367
26.0394
26.0821
52.5413
52.61
22.1714
22.301
22.3706
29.8277
23.0707
18.3962
51.493
41.0007
23.0341
18.6134
51.3695
19.0515
22.955
23.2157
16.3715
22.8652
39.474
39.3655
8.40785
7.90928
12.4818
8.01956
40.91
7.93552
8.02163
49.8991
47.967
49.7161
19.765
19.6823
27.2727
27.2741
8.8588
19.7345
19.933
20.0673
4.79194
16.6259
16.3057
6.26939
6.21009
3.27292
16.7396
2.45078
2.33323
16.4802
16.3839
2.97034
13.4235
-0.512186
43.1265
13.568
1.45004
13.6597
13.1499
13.3671
42.7411
46.2346
-0.0298252
-0.218679
0.00879132
51.917
32.9885
10.0259
44.7944
41.0392
10.1367
40.9646
40.7341
55.4731
9.9368
52.3699
45.0131
45.1603
48.9413
27.4174
9.97573
39.5634
42.3032
40.0807
38.8222
38.4268
48.9116
43.8968
44.9045
36.6326
9.99773
6.85773
35.9703
7.05878
32.5255
45.7714
43.9587
32.8453
42.3837
42.1737
29.2401
7.08202
39.2284
6.62152
6.69311
39.1667
10.5921
5.00595
10.6205
25.4848
3.55398
42.7378
42.8525
22.7215
28.1195
28.2379
34.5764
32.8387
32.7343
20.8455
28.1892
20.8031
29.3784
27.9637
26.4907
26.3539
3.51957
3.71004
41.573
22.6666
22.696
9.8293
9.83939
0.469725
33.3351
33.075
23.0722
24.9233
6.84131
6.62142
31.6922
4.25958
24.7077
20.1358
0.36662
1.82928
42.2175
16.1492
0.64445
16.7747
23.3001
23.2326
13.5179
28.9695
28.9555
23.2771
1.26314
18.0728
-0.0654881
0.333128
10.0753
21.6579
21.7802
9.97193
16.8975
24.6406
21.7343
21.5076
0.411479
3.80565
-0.0851009
18.0175
36.9503
-0.130652
19.9547
20.1228
19.9309
18.0267
0.477749
23.3191
23.2265
56.9811
7.66197
24.3282
56.8829
23.5966
56.8173
55.9272
55.6805
55.4054
55.9592
55.3168
55.4894
55.5265
15.1796
23.0428
15.089
49.7638
49.7112
55.8448
53.5759
46.2548
53.6881
42.9509
53.679
53.7253
53.5631
22.2982
52.4055
12.0412
39.837
11.8148
56.4809
36.551
19.5724
11.964
12.0866
27.3468
54.6463
32.2551
56.0118
31.0417
52.1357
52.2344
54.8621
33.1905
10.4207
19.0775
10.3886
30.1616
55.1571
10.1454
52.0614
30.3214
8.65615
16.5895
35.1636
26.8301
54.6706
54.7728
55.2662
26.7353
21.3466
14.8235
56.4677
14.6253
15.1423
52.5616
8.77404
15.0675
53.5207
23.1856
52.8099
15.0537
29.9618
52.4752
47.9346
52.6948
6.41701
23.6441
13.5483
6.26069
8.74249
8.52677
50.9071
50.3325
50.8113
20.4033
14.0321
7.1156
6.86985
52.1382
46.8877
52.6087
14.0054
50.446
49.5218
28.6444
50.2785
13.0614
50.4354
48.6617
50.6249
50.392
3.83067
3.84588
11.9539
7.4091
47.0586
32.7428
10.3062
17.946
49.46
24.9515
2.19188
48.991
4.31764
59.2585
48.9162
0.789024
9.54465
41.3656
49.3144
47.6003
58.9977
47.7086
48.5992
45.5456
0.602228
23.3117
7.45348
45.7658
58.7657
45.3966
0.642131
0.546376
48.5995
45.4786
23.256
47.213
43.5763
58.2052
47.2023
21.8942
47.3915
43.9525
56.3462
20.5698
47.0991
18.0787
42.4222
41.9387
4.7863
4.86206
20.5957
35.2331
4.99714
20.5704
4.67962
45.4274
45.3688
54.567
45.5373
32.742
34.8492
3.52132
45.5561
46.6983
2.57986
52.927
32.2187
52.8722
32.9156
52.9992
17.6039
45.5938
43.8971
0.960394
1.08402
1.23474
21.3575
44.1434
44.0502
14.1496
44.1465
42.448
42.225
43.0496
48.0382
48.1567
38.9321
42.4425
42.5534
42.8226
46.4556
46.4006
46.5281
44.917
40.814
40.7509
14.9691
40.6418
39.4989
43.2091
22.7431
37.2457
40.8083
39.2379
39.0514
39.7617
36.5399
41.6111
41.5613
41.6491
35.9844
39.2093
39.9826
41.6545
36.3973
39.9316
36.1615
40.0472
38.3453
38.4398
37.3014
36.5925
24.3476
35.993
39.1974
39.6081
55.0516
37.4024
37.4754
37.6015
34.0074
34.372
37.5887
35.1625
54.5366
14.8222
54.4155
37.0125
16.3576
37.4635
10.8096
35.1725
35.9738
34.5755
36.5527
33.9515
33.541
35.9767
54.0649
35.9857
30.112
36.3773
30.0815
31.8855
31.9827
5.4815
34.2118
28.7833
14.8728
34.3653
34.4585
34.4623
5.23875
33.3452
31.8754
31.557
28.6548
28.7482
4.97113
33.4893
31.5354
32.3719
31.0142
32.7484
32.7507
52.5452
19.6225
19.7196
19.571
16.0052
52.1223
32.6789
33.1254
27.0713
32.4167
32.6329
29.3639
31.0557
29.3011
16.0057
12.2009
31.0461
31.2372
51.6608
14.6246
23.0551
29.4692
23.8326
2.99691
7.77339
29.3646
10.1294
1.82622
29.3043
19.5333
49.7543
55.3157
0.115254
6.08925
55.4531
53.5033
22.1822
22.3005
52.0505
52.2013
29.2462
27.0959
11.9702
48.5105
1.25654
50.3314
26.8683
24.641
50.5394
50.5916
50.3573
50.4732
58.3478
48.815
48.9336
48.8035
29.3502
20.599
20.5442
24.6487
20.6718
27.8267
20.8753
27.8158
54.6764
45.4422
54.9194
45.4473
45.68
53.2703
53.1863
53.1751
40.9595
18.991
52.0283
51.2618
28.0056
19.7649
14.6668
51.6551
45.9018
49.805
50.0522
17.349
46.1482
49.813
46.4172
20.8493
46.4747
46.2498
27.6715
26.8383
26.3944
48.1612
46.6589
21.3397
20.9209
42.4357
45.3702
20.8617
11.1488
46.5695
46.705
42.7028
45.4371
40.814
15.7795
19.0826
45.3315
26.2375
32.8114
26.7661
26.0242
17.1438
17.9631
43.319
43.6899
26.357
43.4599
42.5369
42.4187
41.7195
24.3831
39.2675
40.3206
14.1128
10.3616
40.1055
40.232
40.4466
40.4102
39.2006
38.4977
38.4784
38.7912
24.5498
38.6844
24.7612
36.771
37.0271
36.8628
37.283
37.0926
24.8794
37.3731
16.0016
35.4797
37.5825
35.4942
35.2547
12.4901
35.9795
12.6075
24.5861
33.6732
33.8896
21.3697
43.4601
24.772
33.9803
13.6357
33.2134
31.863
13.6577
12.612
32.0244
43.3562
23.6024
16.5093
23.1337
30.4218
43.1966
23.0595
12.9284
21.6476
12.1096
30.6597
23.4569
30.6196
11.324
30.415
)
;

boundaryField
{
    inlet
    {
        type            zeroGradient;
    }
    Walls
    {
        type            zeroGradient;
    }
    outlet
    {
        type            fixedValue;
        value           uniform 0;
    }
}


// ************************************************************************* //
