/*--------------------------------*- C++ -*----------------------------------*\
  =========                 |
  \\      /  F ield         | OpenFOAM: The Open Source CFD Toolbox
   \\    /   O peration     | Website:  https://openfoam.org
    \\  /    A nd           | Version:  13
     \\/     M anipulation  |
\*---------------------------------------------------------------------------*/
FoamFile
{
    format      ascii;
    class       volScalarField;
    location    "30";
    object      p;
}
// * * * * * * * * * * * * * * * * * * * * * * * * * * * * * * * * * * * * * //

dimensions      [0 2 -2 0 0 0 0];

internalField   nonuniform List<scalar> 
3700
(
0.0911221
0.0871166
0.0855797
0.0825382
0.0804176
0.0777332
0.0753941
0.0728434
0.0704216
0.0679226
0.0654687
0.0629894
0.0605239
0.0580513
0.0555822
0.0531114
0.0506414
0.048171
0.0457008
0.0432304
0.0407603
0.0382899
0.0358197
0.0333494
0.0308791
0.0284088
0.0259385
0.0234683
0.0209978
0.0185276
0.0160571
0.0135869
0.0111163
0.0086462
0.0061756
0.00370558
0.00123497
0.0911184
0.0871165
0.0855798
0.0825381
0.0804176
0.0777332
0.0753941
0.0728434
0.0704216
0.0679226
0.0654687
0.0629894
0.0605239
0.0580513
0.0555822
0.0531114
0.0506414
0.048171
0.0457008
0.0432304
0.0407603
0.0382899
0.0358197
0.0333494
0.0308791
0.0284088
0.0259385
0.0234683
0.0209978
0.0185276
0.0160571
0.0135869
0.0111163
0.0086462
0.0061756
0.00370558
0.00123497
0.0911158
0.0871163
0.0855798
0.0825381
0.0804176
0.0777332
0.0753941
0.0728434
0.0704216
0.0679226
0.0654687
0.0629894
0.0605239
0.0580513
0.0555822
0.0531114
0.0506414
0.048171
0.0457008
0.0432304
0.0407603
0.0382899
0.0358197
0.0333494
0.0308791
0.0284088
0.0259385
0.0234683
0.0209978
0.0185276
0.0160571
0.0135869
0.0111163
0.0086462
0.0061756
0.00370558
0.00123497
0.0911144
0.0871163
0.0855799
0.082538
0.0804176
0.0777332
0.0753941
0.0728434
0.0704216
0.0679226
0.0654687
0.0629894
0.0605239
0.0580513
0.0555822
0.0531114
0.0506414
0.048171
0.0457008
0.0432304
0.0407603
0.0382899
0.0358197
0.0333494
0.0308791
0.0284088
0.0259385
0.0234683
0.0209978
0.0185276
0.0160571
0.0135869
0.0111163
0.0086462
0.0061756
0.00370558
0.00123497
0.0911138
0.0871162
0.0855799
0.082538
0.0804176
0.0777332
0.0753941
0.0728434
0.0704216
0.0679226
0.0654687
0.0629894
0.0605239
0.0580513
0.0555822
0.0531114
0.0506414
0.048171
0.0457008
0.0432304
0.0407603
0.0382899
0.0358197
0.0333494
0.0308791
0.0284088
0.0259385
0.0234683
0.0209978
0.0185276
0.0160571
0.0135869
0.0111163
0.0086462
0.0061756
0.00370558
0.00123497
0.0911138
0.0871162
0.0855799
0.082538
0.0804176
0.0777332
0.0753941
0.0728434
0.0704216
0.0679226
0.0654687
0.0629894
0.0605239
0.0580513
0.0555822
0.0531114
0.0506414
0.048171
0.0457008
0.0432304
0.0407603
0.0382899
0.0358197
0.0333494
0.0308791
0.0284088
0.0259385
0.0234683
0.0209978
0.0185276
0.0160571
0.0135869
0.0111163
0.0086462
0.0061756
0.00370558
0.00123497
0.0911144
0.0871163
0.0855799
0.082538
0.0804176
0.0777332
0.0753941
0.0728434
0.0704216
0.0679226
0.0654687
0.0629894
0.0605239
0.0580513
0.0555822
0.0531114
0.0506414
0.048171
0.0457008
0.0432304
0.0407603
0.0382899
0.0358197
0.0333494
0.0308791
0.0284088
0.0259385
0.0234683
0.0209978
0.0185276
0.0160571
0.0135869
0.0111163
0.0086462
0.0061756
0.00370558
0.00123497
0.0911158
0.0871163
0.0855798
0.0825381
0.0804176
0.0777332
0.0753941
0.0728434
0.0704216
0.0679226
0.0654687
0.0629894
0.0605239
0.0580513
0.0555822
0.0531114
0.0506414
0.048171
0.0457008
0.0432304
0.0407603
0.0382899
0.0358197
0.0333494
0.0308791
0.0284088
0.0259385
0.0234683
0.0209978
0.0185276
0.0160571
0.0135869
0.0111163
0.0086462
0.0061756
0.00370558
0.00123497
0.0911184
0.0871165
0.0855798
0.0825381
0.0804176
0.0777332
0.0753941
0.0728434
0.0704216
0.0679226
0.0654687
0.0629894
0.0605239
0.0580513
0.0555822
0.0531114
0.0506414
0.048171
0.0457008
0.0432304
0.0407603
0.0382899
0.0358197
0.0333494
0.0308791
0.0284088
0.0259385
0.0234683
0.0209978
0.0185276
0.0160571
0.0135869
0.0111163
0.0086462
0.0061756
0.00370558
0.00123497
0.0911221
0.0871166
0.0855797
0.0825382
0.0804176
0.0777332
0.0753941
0.0728434
0.0704216
0.0679226
0.0654687
0.0629894
0.0605239
0.0580513
0.0555822
0.0531114
0.0506414
0.048171
0.0457008
0.0432304
0.0407603
0.0382899
0.0358197
0.0333494
0.0308791
0.0284088
0.0259385
0.0234683
0.0209978
0.0185276
0.0160571
0.0135869
0.0111163
0.0086462
0.0061756
0.00370558
0.00123497
0.0911184
0.0871165
0.0855798
0.0825381
0.0804176
0.0777332
0.0753941
0.0728434
0.0704216
0.0679226
0.0654687
0.0629894
0.0605239
0.0580513
0.0555822
0.0531114
0.0506414
0.048171
0.0457008
0.0432304
0.0407603
0.0382899
0.0358197
0.0333494
0.0308791
0.0284088
0.0259385
0.0234683
0.0209978
0.0185276
0.0160571
0.0135869
0.0111163
0.0086462
0.0061756
0.00370558
0.00123497
0.0911151
0.0871164
0.0855798
0.0825381
0.0804176
0.0777332
0.0753941
0.0728434
0.0704216
0.0679226
0.0654687
0.0629894
0.0605239
0.0580513
0.0555822
0.0531114
0.0506414
0.048171
0.0457008
0.0432304
0.0407603
0.0382899
0.0358197
0.0333494
0.0308791
0.0284088
0.0259385
0.0234683
0.0209978
0.0185276
0.0160571
0.0135869
0.0111163
0.0086462
0.0061756
0.00370558
0.00123497
0.0911126
0.0871163
0.0855799
0.0825381
0.0804176
0.0777332
0.0753941
0.0728434
0.0704216
0.0679226
0.0654687
0.0629894
0.0605239
0.0580513
0.0555822
0.0531114
0.0506414
0.048171
0.0457008
0.0432304
0.0407603
0.0382899
0.0358197
0.0333494
0.0308791
0.0284088
0.0259385
0.0234683
0.0209978
0.0185276
0.0160571
0.0135869
0.0111163
0.0086462
0.0061756
0.00370558
0.00123497
0.0911111
0.0871162
0.0855799
0.082538
0.0804176
0.0777332
0.0753941
0.0728434
0.0704216
0.0679226
0.0654687
0.0629894
0.0605239
0.0580513
0.0555822
0.0531114
0.0506414
0.048171
0.0457008
0.0432304
0.0407603
0.0382899
0.0358197
0.0333494
0.0308791
0.0284088
0.0259385
0.0234683
0.0209978
0.0185276
0.0160571
0.0135869
0.0111163
0.0086462
0.0061756
0.00370558
0.00123497
0.0911104
0.0871162
0.0855799
0.082538
0.0804176
0.0777332
0.0753941
0.0728434
0.0704216
0.0679226
0.0654687
0.0629894
0.0605239
0.0580513
0.0555822
0.0531114
0.0506414
0.048171
0.0457008
0.0432304
0.0407603
0.0382899
0.0358197
0.0333494
0.0308791
0.0284088
0.0259385
0.0234683
0.0209978
0.0185276
0.0160571
0.0135869
0.0111163
0.0086462
0.0061756
0.00370558
0.00123497
0.0911104
0.0871162
0.0855799
0.082538
0.0804176
0.0777332
0.0753941
0.0728434
0.0704216
0.0679226
0.0654687
0.0629894
0.0605239
0.0580513
0.0555822
0.0531114
0.0506414
0.048171
0.0457008
0.0432304
0.0407603
0.0382899
0.0358197
0.0333494
0.0308791
0.0284088
0.0259385
0.0234683
0.0209978
0.0185276
0.0160571
0.0135869
0.0111163
0.0086462
0.0061756
0.00370558
0.00123497
0.0911111
0.0871162
0.0855799
0.082538
0.0804176
0.0777332
0.0753941
0.0728434
0.0704216
0.0679226
0.0654687
0.0629894
0.0605239
0.0580513
0.0555822
0.0531114
0.0506414
0.048171
0.0457008
0.0432304
0.0407603
0.0382899
0.0358197
0.0333494
0.0308791
0.0284088
0.0259385
0.0234683
0.0209978
0.0185276
0.0160571
0.0135869
0.0111163
0.0086462
0.0061756
0.00370558
0.00123497
0.0911126
0.0871163
0.0855799
0.0825381
0.0804176
0.0777332
0.0753941
0.0728434
0.0704216
0.0679226
0.0654687
0.0629894
0.0605239
0.0580513
0.0555822
0.0531114
0.0506414
0.048171
0.0457008
0.0432304
0.0407603
0.0382899
0.0358197
0.0333494
0.0308791
0.0284088
0.0259385
0.0234683
0.0209978
0.0185276
0.0160571
0.0135869
0.0111163
0.0086462
0.0061756
0.00370558
0.00123497
0.0911151
0.0871164
0.0855798
0.0825381
0.0804176
0.0777332
0.0753941
0.0728434
0.0704216
0.0679226
0.0654687
0.0629894
0.0605239
0.0580513
0.0555822
0.0531114
0.0506414
0.048171
0.0457008
0.0432304
0.0407603
0.0382899
0.0358197
0.0333494
0.0308791
0.0284088
0.0259385
0.0234683
0.0209978
0.0185276
0.0160571
0.0135869
0.0111163
0.0086462
0.0061756
0.00370558
0.00123497
0.0911184
0.0871165
0.0855798
0.0825381
0.0804176
0.0777332
0.0753941
0.0728434
0.0704216
0.0679226
0.0654687
0.0629894
0.0605239
0.0580513
0.0555822
0.0531114
0.0506414
0.048171
0.0457008
0.0432304
0.0407603
0.0382899
0.0358197
0.0333494
0.0308791
0.0284088
0.0259385
0.0234683
0.0209978
0.0185276
0.0160571
0.0135869
0.0111163
0.0086462
0.0061756
0.00370558
0.00123497
0.0911158
0.0871163
0.0855798
0.0825381
0.0804176
0.0777332
0.0753941
0.0728434
0.0704216
0.0679226
0.0654687
0.0629894
0.0605239
0.0580513
0.0555822
0.0531114
0.0506414
0.048171
0.0457008
0.0432304
0.0407603
0.0382899
0.0358197
0.0333494
0.0308791
0.0284088
0.0259385
0.0234683
0.0209978
0.0185276
0.0160571
0.0135869
0.0111163
0.0086462
0.0061756
0.00370558
0.00123497
0.0911126
0.0871163
0.0855799
0.0825381
0.0804176
0.0777332
0.0753941
0.0728434
0.0704216
0.0679226
0.0654687
0.0629894
0.0605239
0.0580513
0.0555822
0.0531114
0.0506414
0.048171
0.0457008
0.0432304
0.0407603
0.0382899
0.0358197
0.0333494
0.0308791
0.0284088
0.0259385
0.0234683
0.0209978
0.0185276
0.0160571
0.0135869
0.0111163
0.0086462
0.0061756
0.00370558
0.00123497
0.0911102
0.0871162
0.0855799
0.082538
0.0804176
0.0777332
0.0753941
0.0728434
0.0704216
0.0679226
0.0654687
0.0629894
0.0605239
0.0580513
0.0555822
0.0531114
0.0506414
0.048171
0.0457008
0.0432304
0.0407603
0.0382899
0.0358197
0.0333494
0.0308791
0.0284088
0.0259385
0.0234683
0.0209978
0.0185276
0.0160571
0.0135869
0.0111163
0.0086462
0.0061756
0.00370558
0.00123497
0.0911087
0.0871162
0.08558
0.082538
0.0804176
0.0777331
0.0753942
0.0728434
0.0704216
0.0679226
0.0654688
0.0629894
0.0605239
0.0580513
0.0555822
0.0531114
0.0506414
0.048171
0.0457008
0.0432304
0.0407603
0.0382899
0.0358197
0.0333494
0.0308791
0.0284088
0.0259385
0.0234683
0.0209978
0.0185276
0.0160571
0.0135869
0.0111163
0.0086462
0.0061756
0.00370558
0.00123497
0.091108
0.0871161
0.08558
0.082538
0.0804177
0.0777331
0.0753942
0.0728434
0.0704216
0.0679226
0.0654688
0.0629894
0.0605239
0.0580513
0.0555822
0.0531114
0.0506414
0.048171
0.0457008
0.0432304
0.0407603
0.0382899
0.0358197
0.0333494
0.0308791
0.0284088
0.0259385
0.0234683
0.0209978
0.0185276
0.0160571
0.0135869
0.0111163
0.0086462
0.0061756
0.00370558
0.00123497
0.091108
0.0871161
0.08558
0.082538
0.0804177
0.0777331
0.0753942
0.0728434
0.0704216
0.0679226
0.0654688
0.0629894
0.0605239
0.0580513
0.0555822
0.0531114
0.0506414
0.048171
0.0457008
0.0432304
0.0407603
0.0382899
0.0358197
0.0333494
0.0308791
0.0284088
0.0259385
0.0234683
0.0209978
0.0185276
0.0160571
0.0135869
0.0111163
0.0086462
0.0061756
0.00370558
0.00123497
0.0911087
0.0871162
0.08558
0.082538
0.0804176
0.0777331
0.0753942
0.0728434
0.0704216
0.0679226
0.0654688
0.0629894
0.0605239
0.0580513
0.0555822
0.0531114
0.0506414
0.048171
0.0457008
0.0432304
0.0407603
0.0382899
0.0358197
0.0333494
0.0308791
0.0284088
0.0259385
0.0234683
0.0209978
0.0185276
0.0160571
0.0135869
0.0111163
0.0086462
0.0061756
0.00370558
0.00123497
0.0911102
0.0871162
0.0855799
0.082538
0.0804176
0.0777332
0.0753941
0.0728434
0.0704216
0.0679226
0.0654687
0.0629894
0.0605239
0.0580513
0.0555822
0.0531114
0.0506414
0.048171
0.0457008
0.0432304
0.0407603
0.0382899
0.0358197
0.0333494
0.0308791
0.0284088
0.0259385
0.0234683
0.0209978
0.0185276
0.0160571
0.0135869
0.0111163
0.0086462
0.0061756
0.00370558
0.00123497
0.0911126
0.0871163
0.0855799
0.0825381
0.0804176
0.0777332
0.0753941
0.0728434
0.0704216
0.0679226
0.0654687
0.0629894
0.0605239
0.0580513
0.0555822
0.0531114
0.0506414
0.048171
0.0457008
0.0432304
0.0407603
0.0382899
0.0358197
0.0333494
0.0308791
0.0284088
0.0259385
0.0234683
0.0209978
0.0185276
0.0160571
0.0135869
0.0111163
0.0086462
0.0061756
0.00370558
0.00123497
0.0911158
0.0871163
0.0855798
0.0825381
0.0804176
0.0777332
0.0753941
0.0728434
0.0704216
0.0679226
0.0654687
0.0629894
0.0605239
0.0580513
0.0555822
0.0531114
0.0506414
0.048171
0.0457008
0.0432304
0.0407603
0.0382899
0.0358197
0.0333494
0.0308791
0.0284088
0.0259385
0.0234683
0.0209978
0.0185276
0.0160571
0.0135869
0.0111163
0.0086462
0.0061756
0.00370558
0.00123497
0.0911144
0.0871163
0.0855799
0.082538
0.0804176
0.0777332
0.0753941
0.0728434
0.0704216
0.0679226
0.0654687
0.0629894
0.0605239
0.0580513
0.0555822
0.0531114
0.0506414
0.048171
0.0457008
0.0432304
0.0407603
0.0382899
0.0358197
0.0333494
0.0308791
0.0284088
0.0259385
0.0234683
0.0209978
0.0185276
0.0160571
0.0135869
0.0111163
0.0086462
0.0061756
0.00370558
0.00123497
0.0911111
0.0871162
0.0855799
0.082538
0.0804176
0.0777332
0.0753941
0.0728434
0.0704216
0.0679226
0.0654687
0.0629894
0.0605239
0.0580513
0.0555822
0.0531114
0.0506414
0.048171
0.0457008
0.0432304
0.0407603
0.0382899
0.0358197
0.0333494
0.0308791
0.0284088
0.0259385
0.0234683
0.0209978
0.0185276
0.0160571
0.0135869
0.0111163
0.0086462
0.0061756
0.00370558
0.00123497
0.0911087
0.0871162
0.08558
0.082538
0.0804176
0.0777331
0.0753942
0.0728434
0.0704216
0.0679226
0.0654688
0.0629894
0.0605239
0.0580513
0.0555822
0.0531114
0.0506414
0.048171
0.0457008
0.0432304
0.0407603
0.0382899
0.0358197
0.0333494
0.0308791
0.0284088
0.0259385
0.0234683
0.0209978
0.0185276
0.0160571
0.0135869
0.0111163
0.0086462
0.0061756
0.00370558
0.00123497
0.0911072
0.0871161
0.08558
0.082538
0.0804177
0.0777331
0.0753942
0.0728434
0.0704216
0.0679226
0.0654688
0.0629894
0.0605239
0.0580513
0.0555822
0.0531114
0.0506414
0.048171
0.0457008
0.0432304
0.0407603
0.0382899
0.0358197
0.0333494
0.0308791
0.0284088
0.0259385
0.0234683
0.0209978
0.0185276
0.0160571
0.0135869
0.0111163
0.0086462
0.0061756
0.00370558
0.00123497
0.0911064
0.0871161
0.08558
0.082538
0.0804177
0.0777331
0.0753942
0.0728434
0.0704216
0.0679226
0.0654688
0.0629894
0.0605239
0.0580513
0.0555822
0.0531114
0.0506414
0.048171
0.0457008
0.0432304
0.0407603
0.0382899
0.0358197
0.0333494
0.0308791
0.0284088
0.0259385
0.0234683
0.0209978
0.0185276
0.0160571
0.0135869
0.0111163
0.0086462
0.0061756
0.00370558
0.00123497
0.0911064
0.0871161
0.08558
0.082538
0.0804177
0.0777331
0.0753942
0.0728434
0.0704216
0.0679226
0.0654688
0.0629894
0.0605239
0.0580513
0.0555822
0.0531114
0.0506414
0.048171
0.0457008
0.0432304
0.0407603
0.0382899
0.0358197
0.0333494
0.0308791
0.0284088
0.0259385
0.0234683
0.0209978
0.0185276
0.0160571
0.0135869
0.0111163
0.0086462
0.0061756
0.00370558
0.00123497
0.0911072
0.0871161
0.08558
0.082538
0.0804177
0.0777331
0.0753942
0.0728434
0.0704216
0.0679226
0.0654688
0.0629894
0.0605239
0.0580513
0.0555822
0.0531114
0.0506414
0.048171
0.0457008
0.0432304
0.0407603
0.0382899
0.0358197
0.0333494
0.0308791
0.0284088
0.0259385
0.0234683
0.0209978
0.0185276
0.0160571
0.0135869
0.0111163
0.0086462
0.0061756
0.00370558
0.00123497
0.0911087
0.0871162
0.08558
0.082538
0.0804176
0.0777331
0.0753942
0.0728434
0.0704216
0.0679226
0.0654688
0.0629894
0.0605239
0.0580513
0.0555822
0.0531114
0.0506414
0.048171
0.0457008
0.0432304
0.0407603
0.0382899
0.0358197
0.0333494
0.0308791
0.0284088
0.0259385
0.0234683
0.0209978
0.0185276
0.0160571
0.0135869
0.0111163
0.0086462
0.0061756
0.00370558
0.00123497
0.0911111
0.0871162
0.0855799
0.082538
0.0804176
0.0777332
0.0753941
0.0728434
0.0704216
0.0679226
0.0654687
0.0629894
0.0605239
0.0580513
0.0555822
0.0531114
0.0506414
0.048171
0.0457008
0.0432304
0.0407603
0.0382899
0.0358197
0.0333494
0.0308791
0.0284088
0.0259385
0.0234683
0.0209978
0.0185276
0.0160571
0.0135869
0.0111163
0.0086462
0.0061756
0.00370558
0.00123497
0.0911144
0.0871163
0.0855799
0.082538
0.0804176
0.0777332
0.0753941
0.0728434
0.0704216
0.0679226
0.0654687
0.0629894
0.0605239
0.0580513
0.0555822
0.0531114
0.0506414
0.048171
0.0457008
0.0432304
0.0407603
0.0382899
0.0358197
0.0333494
0.0308791
0.0284088
0.0259385
0.0234683
0.0209978
0.0185276
0.0160571
0.0135869
0.0111163
0.0086462
0.0061756
0.00370558
0.00123497
0.0911138
0.0871162
0.0855799
0.082538
0.0804176
0.0777332
0.0753941
0.0728434
0.0704216
0.0679226
0.0654687
0.0629894
0.0605239
0.0580513
0.0555822
0.0531114
0.0506414
0.048171
0.0457008
0.0432304
0.0407603
0.0382899
0.0358197
0.0333494
0.0308791
0.0284088
0.0259385
0.0234683
0.0209978
0.0185276
0.0160571
0.0135869
0.0111163
0.0086462
0.0061756
0.00370558
0.00123497
0.0911104
0.0871162
0.0855799
0.082538
0.0804176
0.0777332
0.0753941
0.0728434
0.0704216
0.0679226
0.0654687
0.0629894
0.0605239
0.0580513
0.0555822
0.0531114
0.0506414
0.048171
0.0457008
0.0432304
0.0407603
0.0382899
0.0358197
0.0333494
0.0308791
0.0284088
0.0259385
0.0234683
0.0209978
0.0185276
0.0160571
0.0135869
0.0111163
0.0086462
0.0061756
0.00370558
0.00123497
0.091108
0.0871161
0.08558
0.082538
0.0804177
0.0777331
0.0753942
0.0728434
0.0704216
0.0679226
0.0654688
0.0629894
0.0605239
0.0580513
0.0555822
0.0531114
0.0506414
0.048171
0.0457008
0.0432304
0.0407603
0.0382899
0.0358197
0.0333494
0.0308791
0.0284088
0.0259385
0.0234683
0.0209978
0.0185276
0.0160571
0.0135869
0.0111163
0.0086462
0.0061756
0.00370558
0.00123497
0.0911064
0.0871161
0.08558
0.082538
0.0804177
0.0777331
0.0753942
0.0728434
0.0704216
0.0679226
0.0654688
0.0629894
0.0605239
0.0580513
0.0555822
0.0531114
0.0506414
0.048171
0.0457008
0.0432304
0.0407603
0.0382899
0.0358197
0.0333494
0.0308791
0.0284088
0.0259385
0.0234683
0.0209978
0.0185276
0.0160571
0.0135869
0.0111163
0.0086462
0.0061756
0.00370558
0.00123497
0.0911057
0.0871161
0.08558
0.082538
0.0804177
0.0777331
0.0753942
0.0728434
0.0704216
0.0679226
0.0654688
0.0629894
0.0605239
0.0580513
0.0555822
0.0531114
0.0506414
0.048171
0.0457008
0.0432304
0.0407603
0.0382899
0.0358197
0.0333494
0.0308791
0.0284088
0.0259385
0.0234683
0.0209978
0.0185276
0.0160571
0.0135869
0.0111163
0.0086462
0.0061756
0.00370558
0.00123497
0.0911057
0.0871161
0.08558
0.082538
0.0804177
0.0777331
0.0753942
0.0728434
0.0704216
0.0679226
0.0654688
0.0629894
0.0605239
0.0580513
0.0555822
0.0531114
0.0506414
0.048171
0.0457008
0.0432304
0.0407603
0.0382899
0.0358197
0.0333494
0.0308791
0.0284088
0.0259385
0.0234683
0.0209978
0.0185276
0.0160571
0.0135869
0.0111163
0.0086462
0.0061756
0.00370558
0.00123497
0.0911064
0.0871161
0.08558
0.082538
0.0804177
0.0777331
0.0753942
0.0728434
0.0704216
0.0679226
0.0654688
0.0629894
0.0605239
0.0580513
0.0555822
0.0531114
0.0506414
0.048171
0.0457008
0.0432304
0.0407603
0.0382899
0.0358197
0.0333494
0.0308791
0.0284088
0.0259385
0.0234683
0.0209978
0.0185276
0.0160571
0.0135869
0.0111163
0.0086462
0.0061756
0.00370558
0.00123497
0.091108
0.0871161
0.08558
0.082538
0.0804177
0.0777331
0.0753942
0.0728434
0.0704216
0.0679226
0.0654688
0.0629894
0.0605239
0.0580513
0.0555822
0.0531114
0.0506414
0.048171
0.0457008
0.0432304
0.0407603
0.0382899
0.0358197
0.0333494
0.0308791
0.0284088
0.0259385
0.0234683
0.0209978
0.0185276
0.0160571
0.0135869
0.0111163
0.0086462
0.0061756
0.00370558
0.00123497
0.0911104
0.0871162
0.0855799
0.082538
0.0804176
0.0777332
0.0753941
0.0728434
0.0704216
0.0679226
0.0654687
0.0629894
0.0605239
0.0580513
0.0555822
0.0531114
0.0506414
0.048171
0.0457008
0.0432304
0.0407603
0.0382899
0.0358197
0.0333494
0.0308791
0.0284088
0.0259385
0.0234683
0.0209978
0.0185276
0.0160571
0.0135869
0.0111163
0.0086462
0.0061756
0.00370558
0.00123497
0.0911138
0.0871162
0.0855799
0.082538
0.0804176
0.0777332
0.0753941
0.0728434
0.0704216
0.0679226
0.0654687
0.0629894
0.0605239
0.0580513
0.0555822
0.0531114
0.0506414
0.048171
0.0457008
0.0432304
0.0407603
0.0382899
0.0358197
0.0333494
0.0308791
0.0284088
0.0259385
0.0234683
0.0209978
0.0185276
0.0160571
0.0135869
0.0111163
0.0086462
0.0061756
0.00370558
0.00123497
0.0911138
0.0871162
0.0855799
0.082538
0.0804176
0.0777332
0.0753941
0.0728434
0.0704216
0.0679226
0.0654687
0.0629894
0.0605239
0.0580513
0.0555822
0.0531114
0.0506414
0.048171
0.0457008
0.0432304
0.0407603
0.0382899
0.0358197
0.0333494
0.0308791
0.0284088
0.0259385
0.0234683
0.0209978
0.0185276
0.0160571
0.0135869
0.0111163
0.0086462
0.0061756
0.00370558
0.00123497
0.0911104
0.0871162
0.0855799
0.082538
0.0804176
0.0777332
0.0753941
0.0728434
0.0704216
0.0679226
0.0654687
0.0629894
0.0605239
0.0580513
0.0555822
0.0531114
0.0506414
0.048171
0.0457008
0.0432304
0.0407603
0.0382899
0.0358197
0.0333494
0.0308791
0.0284088
0.0259385
0.0234683
0.0209978
0.0185276
0.0160571
0.0135869
0.0111163
0.0086462
0.0061756
0.00370558
0.00123497
0.091108
0.0871161
0.08558
0.082538
0.0804177
0.0777331
0.0753942
0.0728434
0.0704216
0.0679226
0.0654688
0.0629894
0.0605239
0.0580513
0.0555822
0.0531114
0.0506414
0.048171
0.0457008
0.0432304
0.0407603
0.0382899
0.0358197
0.0333494
0.0308791
0.0284088
0.0259385
0.0234683
0.0209978
0.0185276
0.0160571
0.0135869
0.0111163
0.0086462
0.0061756
0.00370558
0.00123497
0.0911064
0.0871161
0.08558
0.082538
0.0804177
0.0777331
0.0753942
0.0728434
0.0704216
0.0679226
0.0654688
0.0629894
0.0605239
0.0580513
0.0555822
0.0531114
0.0506414
0.048171
0.0457008
0.0432304
0.0407603
0.0382899
0.0358197
0.0333494
0.0308791
0.0284088
0.0259385
0.0234683
0.0209978
0.0185276
0.0160571
0.0135869
0.0111163
0.0086462
0.0061756
0.00370558
0.00123497
0.0911057
0.0871161
0.08558
0.082538
0.0804177
0.0777331
0.0753942
0.0728434
0.0704216
0.0679226
0.0654688
0.0629894
0.0605239
0.0580513
0.0555822
0.0531114
0.0506414
0.048171
0.0457008
0.0432304
0.0407603
0.0382899
0.0358197
0.0333494
0.0308791
0.0284088
0.0259385
0.0234683
0.0209978
0.0185276
0.0160571
0.0135869
0.0111163
0.0086462
0.0061756
0.00370558
0.00123497
0.0911057
0.0871161
0.08558
0.082538
0.0804177
0.0777331
0.0753942
0.0728434
0.0704216
0.0679226
0.0654688
0.0629894
0.0605239
0.0580513
0.0555822
0.0531114
0.0506414
0.048171
0.0457008
0.0432304
0.0407603
0.0382899
0.0358197
0.0333494
0.0308791
0.0284088
0.0259385
0.0234683
0.0209978
0.0185276
0.0160571
0.0135869
0.0111163
0.0086462
0.0061756
0.00370558
0.00123497
0.0911064
0.0871161
0.08558
0.082538
0.0804177
0.0777331
0.0753942
0.0728434
0.0704216
0.0679226
0.0654688
0.0629894
0.0605239
0.0580513
0.0555822
0.0531114
0.0506414
0.048171
0.0457008
0.0432304
0.0407603
0.0382899
0.0358197
0.0333494
0.0308791
0.0284088
0.0259385
0.0234683
0.0209978
0.0185276
0.0160571
0.0135869
0.0111163
0.0086462
0.0061756
0.00370558
0.00123497
0.091108
0.0871161
0.08558
0.082538
0.0804177
0.0777331
0.0753942
0.0728434
0.0704216
0.0679226
0.0654688
0.0629894
0.0605239
0.0580513
0.0555822
0.0531114
0.0506414
0.048171
0.0457008
0.0432304
0.0407603
0.0382899
0.0358197
0.0333494
0.0308791
0.0284088
0.0259385
0.0234683
0.0209978
0.0185276
0.0160571
0.0135869
0.0111163
0.0086462
0.0061756
0.00370558
0.00123497
0.0911104
0.0871162
0.0855799
0.082538
0.0804176
0.0777332
0.0753941
0.0728434
0.0704216
0.0679226
0.0654687
0.0629894
0.0605239
0.0580513
0.0555822
0.0531114
0.0506414
0.048171
0.0457008
0.0432304
0.0407603
0.0382899
0.0358197
0.0333494
0.0308791
0.0284088
0.0259385
0.0234683
0.0209978
0.0185276
0.0160571
0.0135869
0.0111163
0.0086462
0.0061756
0.00370558
0.00123497
0.0911138
0.0871162
0.0855799
0.082538
0.0804176
0.0777332
0.0753941
0.0728434
0.0704216
0.0679226
0.0654687
0.0629894
0.0605239
0.0580513
0.0555822
0.0531114
0.0506414
0.048171
0.0457008
0.0432304
0.0407603
0.0382899
0.0358197
0.0333494
0.0308791
0.0284088
0.0259385
0.0234683
0.0209978
0.0185276
0.0160571
0.0135869
0.0111163
0.0086462
0.0061756
0.00370558
0.00123497
0.0911144
0.0871163
0.0855799
0.082538
0.0804176
0.0777332
0.0753941
0.0728434
0.0704216
0.0679226
0.0654687
0.0629894
0.0605239
0.0580513
0.0555822
0.0531114
0.0506414
0.048171
0.0457008
0.0432304
0.0407603
0.0382899
0.0358197
0.0333494
0.0308791
0.0284088
0.0259385
0.0234683
0.0209978
0.0185276
0.0160571
0.0135869
0.0111163
0.0086462
0.0061756
0.00370558
0.00123497
0.0911111
0.0871162
0.0855799
0.082538
0.0804176
0.0777332
0.0753941
0.0728434
0.0704216
0.0679226
0.0654687
0.0629894
0.0605239
0.0580513
0.0555822
0.0531114
0.0506414
0.048171
0.0457008
0.0432304
0.0407603
0.0382899
0.0358197
0.0333494
0.0308791
0.0284088
0.0259385
0.0234683
0.0209978
0.0185276
0.0160571
0.0135869
0.0111163
0.0086462
0.0061756
0.00370558
0.00123497
0.0911087
0.0871162
0.08558
0.082538
0.0804176
0.0777331
0.0753942
0.0728434
0.0704216
0.0679226
0.0654688
0.0629894
0.0605239
0.0580513
0.0555822
0.0531114
0.0506414
0.048171
0.0457008
0.0432304
0.0407603
0.0382899
0.0358197
0.0333494
0.0308791
0.0284088
0.0259385
0.0234683
0.0209978
0.0185276
0.0160571
0.0135869
0.0111163
0.0086462
0.0061756
0.00370558
0.00123497
0.0911072
0.0871161
0.08558
0.082538
0.0804177
0.0777331
0.0753942
0.0728434
0.0704216
0.0679226
0.0654688
0.0629894
0.0605239
0.0580513
0.0555822
0.0531114
0.0506414
0.048171
0.0457008
0.0432304
0.0407603
0.0382899
0.0358197
0.0333494
0.0308791
0.0284088
0.0259385
0.0234683
0.0209978
0.0185276
0.0160571
0.0135869
0.0111163
0.0086462
0.0061756
0.00370558
0.00123497
0.0911064
0.0871161
0.08558
0.082538
0.0804177
0.0777331
0.0753942
0.0728434
0.0704216
0.0679226
0.0654688
0.0629894
0.0605239
0.0580513
0.0555822
0.0531114
0.0506414
0.048171
0.0457008
0.0432304
0.0407603
0.0382899
0.0358197
0.0333494
0.0308791
0.0284088
0.0259385
0.0234683
0.0209978
0.0185276
0.0160571
0.0135869
0.0111163
0.0086462
0.0061756
0.00370558
0.00123497
0.0911064
0.0871161
0.08558
0.082538
0.0804177
0.0777331
0.0753942
0.0728434
0.0704216
0.0679226
0.0654688
0.0629894
0.0605239
0.0580513
0.0555822
0.0531114
0.0506414
0.048171
0.0457008
0.0432304
0.0407603
0.0382899
0.0358197
0.0333494
0.0308791
0.0284088
0.0259385
0.0234683
0.0209978
0.0185276
0.0160571
0.0135869
0.0111163
0.0086462
0.0061756
0.00370558
0.00123497
0.0911072
0.0871161
0.08558
0.082538
0.0804177
0.0777331
0.0753942
0.0728434
0.0704216
0.0679226
0.0654688
0.0629894
0.0605239
0.0580513
0.0555822
0.0531114
0.0506414
0.048171
0.0457008
0.0432304
0.0407603
0.0382899
0.0358197
0.0333494
0.0308791
0.0284088
0.0259385
0.0234683
0.0209978
0.0185276
0.0160571
0.0135869
0.0111163
0.0086462
0.0061756
0.00370558
0.00123497
0.0911087
0.0871162
0.08558
0.082538
0.0804176
0.0777331
0.0753942
0.0728434
0.0704216
0.0679226
0.0654688
0.0629894
0.0605239
0.0580513
0.0555822
0.0531114
0.0506414
0.048171
0.0457008
0.0432304
0.0407603
0.0382899
0.0358197
0.0333494
0.0308791
0.0284088
0.0259385
0.0234683
0.0209978
0.0185276
0.0160571
0.0135869
0.0111163
0.0086462
0.0061756
0.00370558
0.00123497
0.0911111
0.0871162
0.0855799
0.082538
0.0804176
0.0777332
0.0753941
0.0728434
0.0704216
0.0679226
0.0654687
0.0629894
0.0605239
0.0580513
0.0555822
0.0531114
0.0506414
0.048171
0.0457008
0.0432304
0.0407603
0.0382899
0.0358197
0.0333494
0.0308791
0.0284088
0.0259385
0.0234683
0.0209978
0.0185276
0.0160571
0.0135869
0.0111163
0.0086462
0.0061756
0.00370558
0.00123497
0.0911144
0.0871163
0.0855799
0.082538
0.0804176
0.0777332
0.0753941
0.0728434
0.0704216
0.0679226
0.0654687
0.0629894
0.0605239
0.0580513
0.0555822
0.0531114
0.0506414
0.048171
0.0457008
0.0432304
0.0407603
0.0382899
0.0358197
0.0333494
0.0308791
0.0284088
0.0259385
0.0234683
0.0209978
0.0185276
0.0160571
0.0135869
0.0111163
0.0086462
0.0061756
0.00370558
0.00123497
0.0911158
0.0871163
0.0855798
0.0825381
0.0804176
0.0777332
0.0753941
0.0728434
0.0704216
0.0679226
0.0654687
0.0629894
0.0605239
0.0580513
0.0555822
0.0531114
0.0506414
0.048171
0.0457008
0.0432304
0.0407603
0.0382899
0.0358197
0.0333494
0.0308791
0.0284088
0.0259385
0.0234683
0.0209978
0.0185276
0.0160571
0.0135869
0.0111163
0.0086462
0.0061756
0.00370558
0.00123497
0.0911126
0.0871163
0.0855799
0.0825381
0.0804176
0.0777332
0.0753941
0.0728434
0.0704216
0.0679226
0.0654687
0.0629894
0.0605239
0.0580513
0.0555822
0.0531114
0.0506414
0.048171
0.0457008
0.0432304
0.0407603
0.0382899
0.0358197
0.0333494
0.0308791
0.0284088
0.0259385
0.0234683
0.0209978
0.0185276
0.0160571
0.0135869
0.0111163
0.0086462
0.0061756
0.00370558
0.00123497
0.0911102
0.0871162
0.0855799
0.082538
0.0804176
0.0777332
0.0753941
0.0728434
0.0704216
0.0679226
0.0654687
0.0629894
0.0605239
0.0580513
0.0555822
0.0531114
0.0506414
0.048171
0.0457008
0.0432304
0.0407603
0.0382899
0.0358197
0.0333494
0.0308791
0.0284088
0.0259385
0.0234683
0.0209978
0.0185276
0.0160571
0.0135869
0.0111163
0.0086462
0.0061756
0.00370558
0.00123497
0.0911087
0.0871162
0.08558
0.082538
0.0804176
0.0777331
0.0753942
0.0728434
0.0704216
0.0679226
0.0654688
0.0629894
0.0605239
0.0580513
0.0555822
0.0531114
0.0506414
0.048171
0.0457008
0.0432304
0.0407603
0.0382899
0.0358197
0.0333494
0.0308791
0.0284088
0.0259385
0.0234683
0.0209978
0.0185276
0.0160571
0.0135869
0.0111163
0.0086462
0.0061756
0.00370558
0.00123497
0.091108
0.0871161
0.08558
0.082538
0.0804177
0.0777331
0.0753942
0.0728434
0.0704216
0.0679226
0.0654688
0.0629894
0.0605239
0.0580513
0.0555822
0.0531114
0.0506414
0.048171
0.0457008
0.0432304
0.0407603
0.0382899
0.0358197
0.0333494
0.0308791
0.0284088
0.0259385
0.0234683
0.0209978
0.0185276
0.0160571
0.0135869
0.0111163
0.0086462
0.0061756
0.00370558
0.00123497
0.091108
0.0871161
0.08558
0.082538
0.0804177
0.0777331
0.0753942
0.0728434
0.0704216
0.0679226
0.0654688
0.0629894
0.0605239
0.0580513
0.0555822
0.0531114
0.0506414
0.048171
0.0457008
0.0432304
0.0407603
0.0382899
0.0358197
0.0333494
0.0308791
0.0284088
0.0259385
0.0234683
0.0209978
0.0185276
0.0160571
0.0135869
0.0111163
0.0086462
0.0061756
0.00370558
0.00123497
0.0911087
0.0871162
0.08558
0.082538
0.0804176
0.0777331
0.0753942
0.0728434
0.0704216
0.0679226
0.0654688
0.0629894
0.0605239
0.0580513
0.0555822
0.0531114
0.0506414
0.048171
0.0457008
0.0432304
0.0407603
0.0382899
0.0358197
0.0333494
0.0308791
0.0284088
0.0259385
0.0234683
0.0209978
0.0185276
0.0160571
0.0135869
0.0111163
0.0086462
0.0061756
0.00370558
0.00123497
0.0911102
0.0871162
0.0855799
0.082538
0.0804176
0.0777332
0.0753941
0.0728434
0.0704216
0.0679226
0.0654687
0.0629894
0.0605239
0.0580513
0.0555822
0.0531114
0.0506414
0.048171
0.0457008
0.0432304
0.0407603
0.0382899
0.0358197
0.0333494
0.0308791
0.0284088
0.0259385
0.0234683
0.0209978
0.0185276
0.0160571
0.0135869
0.0111163
0.0086462
0.0061756
0.00370558
0.00123497
0.0911126
0.0871163
0.0855799
0.0825381
0.0804176
0.0777332
0.0753941
0.0728434
0.0704216
0.0679226
0.0654687
0.0629894
0.0605239
0.0580513
0.0555822
0.0531114
0.0506414
0.048171
0.0457008
0.0432304
0.0407603
0.0382899
0.0358197
0.0333494
0.0308791
0.0284088
0.0259385
0.0234683
0.0209978
0.0185276
0.0160571
0.0135869
0.0111163
0.0086462
0.0061756
0.00370558
0.00123497
0.0911158
0.0871163
0.0855798
0.0825381
0.0804176
0.0777332
0.0753941
0.0728434
0.0704216
0.0679226
0.0654687
0.0629894
0.0605239
0.0580513
0.0555822
0.0531114
0.0506414
0.048171
0.0457008
0.0432304
0.0407603
0.0382899
0.0358197
0.0333494
0.0308791
0.0284088
0.0259385
0.0234683
0.0209978
0.0185276
0.0160571
0.0135869
0.0111163
0.0086462
0.0061756
0.00370558
0.00123497
0.0911184
0.0871165
0.0855798
0.0825381
0.0804176
0.0777332
0.0753941
0.0728434
0.0704216
0.0679226
0.0654687
0.0629894
0.0605239
0.0580513
0.0555822
0.0531114
0.0506414
0.048171
0.0457008
0.0432304
0.0407603
0.0382899
0.0358197
0.0333494
0.0308791
0.0284088
0.0259385
0.0234683
0.0209978
0.0185276
0.0160571
0.0135869
0.0111163
0.0086462
0.0061756
0.00370558
0.00123497
0.0911151
0.0871164
0.0855798
0.0825381
0.0804176
0.0777332
0.0753941
0.0728434
0.0704216
0.0679226
0.0654687
0.0629894
0.0605239
0.0580513
0.0555822
0.0531114
0.0506414
0.048171
0.0457008
0.0432304
0.0407603
0.0382899
0.0358197
0.0333494
0.0308791
0.0284088
0.0259385
0.0234683
0.0209978
0.0185276
0.0160571
0.0135869
0.0111163
0.0086462
0.0061756
0.00370558
0.00123497
0.0911126
0.0871163
0.0855799
0.0825381
0.0804176
0.0777332
0.0753941
0.0728434
0.0704216
0.0679226
0.0654687
0.0629894
0.0605239
0.0580513
0.0555822
0.0531114
0.0506414
0.048171
0.0457008
0.0432304
0.0407603
0.0382899
0.0358197
0.0333494
0.0308791
0.0284088
0.0259385
0.0234683
0.0209978
0.0185276
0.0160571
0.0135869
0.0111163
0.0086462
0.0061756
0.00370558
0.00123497
0.0911111
0.0871162
0.0855799
0.082538
0.0804176
0.0777332
0.0753941
0.0728434
0.0704216
0.0679226
0.0654687
0.0629894
0.0605239
0.0580513
0.0555822
0.0531114
0.0506414
0.048171
0.0457008
0.0432304
0.0407603
0.0382899
0.0358197
0.0333494
0.0308791
0.0284088
0.0259385
0.0234683
0.0209978
0.0185276
0.0160571
0.0135869
0.0111163
0.0086462
0.0061756
0.00370558
0.00123497
0.0911104
0.0871162
0.0855799
0.082538
0.0804176
0.0777332
0.0753941
0.0728434
0.0704216
0.0679226
0.0654687
0.0629894
0.0605239
0.0580513
0.0555822
0.0531114
0.0506414
0.048171
0.0457008
0.0432304
0.0407603
0.0382899
0.0358197
0.0333494
0.0308791
0.0284088
0.0259385
0.0234683
0.0209978
0.0185276
0.0160571
0.0135869
0.0111163
0.0086462
0.0061756
0.00370558
0.00123497
0.0911104
0.0871162
0.0855799
0.082538
0.0804176
0.0777332
0.0753941
0.0728434
0.0704216
0.0679226
0.0654687
0.0629894
0.0605239
0.0580513
0.0555822
0.0531114
0.0506414
0.048171
0.0457008
0.0432304
0.0407603
0.0382899
0.0358197
0.0333494
0.0308791
0.0284088
0.0259385
0.0234683
0.0209978
0.0185276
0.0160571
0.0135869
0.0111163
0.0086462
0.0061756
0.00370558
0.00123497
0.0911111
0.0871162
0.0855799
0.082538
0.0804176
0.0777332
0.0753941
0.0728434
0.0704216
0.0679226
0.0654687
0.0629894
0.0605239
0.0580513
0.0555822
0.0531114
0.0506414
0.048171
0.0457008
0.0432304
0.0407603
0.0382899
0.0358197
0.0333494
0.0308791
0.0284088
0.0259385
0.0234683
0.0209978
0.0185276
0.0160571
0.0135869
0.0111163
0.0086462
0.0061756
0.00370558
0.00123497
0.0911126
0.0871163
0.0855799
0.0825381
0.0804176
0.0777332
0.0753941
0.0728434
0.0704216
0.0679226
0.0654687
0.0629894
0.0605239
0.0580513
0.0555822
0.0531114
0.0506414
0.048171
0.0457008
0.0432304
0.0407603
0.0382899
0.0358197
0.0333494
0.0308791
0.0284088
0.0259385
0.0234683
0.0209978
0.0185276
0.0160571
0.0135869
0.0111163
0.0086462
0.0061756
0.00370558
0.00123497
0.0911151
0.0871164
0.0855798
0.0825381
0.0804176
0.0777332
0.0753941
0.0728434
0.0704216
0.0679226
0.0654687
0.0629894
0.0605239
0.0580513
0.0555822
0.0531114
0.0506414
0.048171
0.0457008
0.0432304
0.0407603
0.0382899
0.0358197
0.0333494
0.0308791
0.0284088
0.0259385
0.0234683
0.0209978
0.0185276
0.0160571
0.0135869
0.0111163
0.0086462
0.0061756
0.00370558
0.00123497
0.0911184
0.0871165
0.0855798
0.0825381
0.0804176
0.0777332
0.0753941
0.0728434
0.0704216
0.0679226
0.0654687
0.0629894
0.0605239
0.0580513
0.0555822
0.0531114
0.0506414
0.048171
0.0457008
0.0432304
0.0407603
0.0382899
0.0358197
0.0333494
0.0308791
0.0284088
0.0259385
0.0234683
0.0209978
0.0185276
0.0160571
0.0135869
0.0111163
0.0086462
0.0061756
0.00370558
0.00123497
0.0911221
0.0871166
0.0855797
0.0825382
0.0804176
0.0777332
0.0753941
0.0728434
0.0704216
0.0679226
0.0654687
0.0629894
0.0605239
0.0580513
0.0555822
0.0531114
0.0506414
0.048171
0.0457008
0.0432304
0.0407603
0.0382899
0.0358197
0.0333494
0.0308791
0.0284088
0.0259385
0.0234683
0.0209978
0.0185276
0.0160571
0.0135869
0.0111163
0.0086462
0.0061756
0.00370558
0.00123497
0.0911184
0.0871165
0.0855798
0.0825381
0.0804176
0.0777332
0.0753941
0.0728434
0.0704216
0.0679226
0.0654687
0.0629894
0.0605239
0.0580513
0.0555822
0.0531114
0.0506414
0.048171
0.0457008
0.0432304
0.0407603
0.0382899
0.0358197
0.0333494
0.0308791
0.0284088
0.0259385
0.0234683
0.0209978
0.0185276
0.0160571
0.0135869
0.0111163
0.0086462
0.0061756
0.00370558
0.00123497
0.0911158
0.0871163
0.0855798
0.0825381
0.0804176
0.0777332
0.0753941
0.0728434
0.0704216
0.0679226
0.0654687
0.0629894
0.0605239
0.0580513
0.0555822
0.0531114
0.0506414
0.048171
0.0457008
0.0432304
0.0407603
0.0382899
0.0358197
0.0333494
0.0308791
0.0284088
0.0259385
0.0234683
0.0209978
0.0185276
0.0160571
0.0135869
0.0111163
0.0086462
0.0061756
0.00370558
0.00123497
0.0911144
0.0871163
0.0855799
0.082538
0.0804176
0.0777332
0.0753941
0.0728434
0.0704216
0.0679226
0.0654687
0.0629894
0.0605239
0.0580513
0.0555822
0.0531114
0.0506414
0.048171
0.0457008
0.0432304
0.0407603
0.0382899
0.0358197
0.0333494
0.0308791
0.0284088
0.0259385
0.0234683
0.0209978
0.0185276
0.0160571
0.0135869
0.0111163
0.0086462
0.0061756
0.00370558
0.00123497
0.0911138
0.0871162
0.0855799
0.082538
0.0804176
0.0777332
0.0753941
0.0728434
0.0704216
0.0679226
0.0654687
0.0629894
0.0605239
0.0580513
0.0555822
0.0531114
0.0506414
0.048171
0.0457008
0.0432304
0.0407603
0.0382899
0.0358197
0.0333494
0.0308791
0.0284088
0.0259385
0.0234683
0.0209978
0.0185276
0.0160571
0.0135869
0.0111163
0.0086462
0.0061756
0.00370558
0.00123497
0.0911138
0.0871162
0.0855799
0.082538
0.0804176
0.0777332
0.0753941
0.0728434
0.0704216
0.0679226
0.0654687
0.0629894
0.0605239
0.0580513
0.0555822
0.0531114
0.0506414
0.048171
0.0457008
0.0432304
0.0407603
0.0382899
0.0358197
0.0333494
0.0308791
0.0284088
0.0259385
0.0234683
0.0209978
0.0185276
0.0160571
0.0135869
0.0111163
0.0086462
0.0061756
0.00370558
0.00123497
0.0911144
0.0871163
0.0855799
0.082538
0.0804176
0.0777332
0.0753941
0.0728434
0.0704216
0.0679226
0.0654687
0.0629894
0.0605239
0.0580513
0.0555822
0.0531114
0.0506414
0.048171
0.0457008
0.0432304
0.0407603
0.0382899
0.0358197
0.0333494
0.0308791
0.0284088
0.0259385
0.0234683
0.0209978
0.0185276
0.0160571
0.0135869
0.0111163
0.0086462
0.0061756
0.00370558
0.00123497
0.0911158
0.0871163
0.0855798
0.0825381
0.0804176
0.0777332
0.0753941
0.0728434
0.0704216
0.0679226
0.0654687
0.0629894
0.0605239
0.0580513
0.0555822
0.0531114
0.0506414
0.048171
0.0457008
0.0432304
0.0407603
0.0382899
0.0358197
0.0333494
0.0308791
0.0284088
0.0259385
0.0234683
0.0209978
0.0185276
0.0160571
0.0135869
0.0111163
0.0086462
0.0061756
0.00370558
0.00123497
0.0911184
0.0871165
0.0855798
0.0825381
0.0804176
0.0777332
0.0753941
0.0728434
0.0704216
0.0679226
0.0654687
0.0629894
0.0605239
0.0580513
0.0555822
0.0531114
0.0506414
0.048171
0.0457008
0.0432304
0.0407603
0.0382899
0.0358197
0.0333494
0.0308791
0.0284088
0.0259385
0.0234683
0.0209978
0.0185276
0.0160571
0.0135869
0.0111163
0.0086462
0.0061756
0.00370558
0.00123497
0.0911221
0.0871166
0.0855797
0.0825382
0.0804176
0.0777332
0.0753941
0.0728434
0.0704216
0.0679226
0.0654687
0.0629894
0.0605239
0.0580513
0.0555822
0.0531114
0.0506414
0.048171
0.0457008
0.0432304
0.0407603
0.0382899
0.0358197
0.0333494
0.0308791
0.0284088
0.0259385
0.0234683
0.0209978
0.0185276
0.0160571
0.0135869
0.0111163
0.0086462
0.0061756
0.00370558
0.00123497
)
;

boundaryField
{
    inlet
    {
        type            zeroGradient;
    }
    outlet
    {
        type            fixedValue;
        value           uniform 0;
    }
    Walls
    {
        type            zeroGradient;
    }
}


// ************************************************************************* //
