/*--------------------------------*- C++ -*----------------------------------*\
  =========                 |
  \\      /  F ield         | OpenFOAM: The Open Source CFD Toolbox
   \\    /   O peration     | Website:  https://openfoam.org
    \\  /    A nd           | Version:  13
     \\/     M anipulation  |
\*---------------------------------------------------------------------------*/
FoamFile
{
    format      ascii;
    class       volScalarField;
    location    "31";
    object      p;
}
// * * * * * * * * * * * * * * * * * * * * * * * * * * * * * * * * * * * * * //

dimensions      [0 2 -2 0 0 0 0];

internalField   nonuniform List<scalar> 
1372
(
89.3371
82.9414
80.0266
77.1571
73.9748
70.8248
67.6829
64.5339
61.3856
58.2375
55.0896
51.9415
48.7936
45.6455
42.4977
39.3495
36.2017
33.0536
29.9058
26.7576
23.6098
20.4617
17.3139
14.1658
11.0179
7.86989
4.722
1.57393
89.3339
82.9413
80.0266
77.1572
73.9748
70.8248
67.6829
64.5339
61.3856
58.2375
55.0896
51.9415
48.7936
45.6455
42.4977
39.3495
36.2017
33.0536
29.9058
26.7576
23.6098
20.4617
17.3139
14.1658
11.0179
7.86989
4.722
1.57393
89.332
82.9413
80.0266
77.1572
73.9748
70.8248
67.6829
64.5339
61.3856
58.2375
55.0896
51.9415
48.7936
45.6455
42.4977
39.3495
36.2017
33.0536
29.9058
26.7576
23.6098
20.4617
17.3139
14.1658
11.0179
7.86989
4.722
1.57393
89.3315
82.9414
80.0266
77.1572
73.9748
70.8248
67.6829
64.5339
61.3856
58.2375
55.0896
51.9415
48.7936
45.6455
42.4977
39.3495
36.2017
33.0536
29.9058
26.7576
23.6098
20.4617
17.3139
14.1658
11.0179
7.86989
4.722
1.57393
89.332
82.9413
80.0266
77.1572
73.9748
70.8248
67.6829
64.5339
61.3856
58.2375
55.0896
51.9415
48.7936
45.6455
42.4977
39.3495
36.2017
33.0536
29.9058
26.7576
23.6098
20.4617
17.3139
14.1658
11.0179
7.86989
4.722
1.57393
89.3339
82.9413
80.0266
77.1572
73.9748
70.8248
67.6829
64.5339
61.3856
58.2375
55.0896
51.9415
48.7936
45.6455
42.4977
39.3495
36.2017
33.0536
29.9058
26.7576
23.6098
20.4617
17.3139
14.1658
11.0179
7.86989
4.722
1.57393
89.3371
82.9414
80.0266
77.1571
73.9748
70.8248
67.6829
64.5339
61.3856
58.2375
55.0896
51.9415
48.7936
45.6455
42.4977
39.3495
36.2017
33.0536
29.9058
26.7576
23.6098
20.4617
17.3139
14.1658
11.0179
7.86989
4.722
1.57393
89.3339
82.9413
80.0266
77.1572
73.9748
70.8248
67.6829
64.5339
61.3856
58.2375
55.0896
51.9415
48.7936
45.6455
42.4977
39.3495
36.2017
33.0536
29.9058
26.7576
23.6098
20.4617
17.3139
14.1658
11.0179
7.86989
4.722
1.57393
89.3305
82.9414
80.0266
77.1572
73.9748
70.8248
67.6829
64.5339
61.3856
58.2375
55.0896
51.9415
48.7936
45.6455
42.4977
39.3495
36.2017
33.0536
29.9058
26.7576
23.6098
20.4617
17.3139
14.1658
11.0179
7.86989
4.722
1.57393
89.3285
82.9417
80.0266
77.1572
73.9748
70.8248
67.6829
64.5339
61.3856
58.2375
55.0896
51.9415
48.7936
45.6455
42.4977
39.3495
36.2017
33.0536
29.9058
26.7576
23.6098
20.4617
17.3139
14.1658
11.0179
7.86989
4.722
1.57393
89.328
82.9419
80.0266
77.1572
73.9748
70.8248
67.6829
64.5339
61.3856
58.2375
55.0896
51.9415
48.7936
45.6455
42.4977
39.3495
36.2017
33.0536
29.9058
26.7576
23.6098
20.4617
17.3139
14.1658
11.0179
7.86989
4.722
1.57393
89.3285
82.9417
80.0266
77.1572
73.9748
70.8248
67.6829
64.5339
61.3856
58.2375
55.0896
51.9415
48.7936
45.6455
42.4977
39.3495
36.2017
33.0536
29.9058
26.7576
23.6098
20.4617
17.3139
14.1658
11.0179
7.86989
4.722
1.57393
89.3305
82.9414
80.0266
77.1572
73.9748
70.8248
67.6829
64.5339
61.3856
58.2375
55.0896
51.9415
48.7936
45.6455
42.4977
39.3495
36.2017
33.0536
29.9058
26.7576
23.6098
20.4617
17.3139
14.1658
11.0179
7.86989
4.722
1.57393
89.3339
82.9413
80.0266
77.1572
73.9748
70.8248
67.6829
64.5339
61.3856
58.2375
55.0896
51.9415
48.7936
45.6455
42.4977
39.3495
36.2017
33.0536
29.9058
26.7576
23.6098
20.4617
17.3139
14.1658
11.0179
7.86989
4.722
1.57393
89.332
82.9413
80.0266
77.1572
73.9748
70.8248
67.6829
64.5339
61.3856
58.2375
55.0896
51.9415
48.7936
45.6455
42.4977
39.3495
36.2017
33.0536
29.9058
26.7576
23.6098
20.4617
17.3139
14.1658
11.0179
7.86989
4.722
1.57393
89.3285
82.9417
80.0266
77.1572
73.9748
70.8248
67.6829
64.5339
61.3856
58.2375
55.0896
51.9415
48.7936
45.6455
42.4977
39.3495
36.2017
33.0536
29.9058
26.7576
23.6098
20.4617
17.3139
14.1658
11.0179
7.86989
4.722
1.57393
89.3266
82.9423
80.0266
77.1572
73.9748
70.8248
67.6829
64.5339
61.3856
58.2375
55.0896
51.9415
48.7936
45.6455
42.4977
39.3495
36.2017
33.0536
29.9058
26.7576
23.6098
20.4617
17.3139
14.1658
11.0179
7.86989
4.722
1.57393
89.326
82.9426
80.0266
77.1573
73.9748
70.8248
67.6829
64.5339
61.3856
58.2375
55.0896
51.9415
48.7936
45.6455
42.4977
39.3495
36.2017
33.0536
29.9058
26.7576
23.6098
20.4617
17.3139
14.1658
11.0179
7.86989
4.722
1.57393
89.3266
82.9423
80.0266
77.1572
73.9748
70.8248
67.6829
64.5339
61.3856
58.2375
55.0896
51.9415
48.7936
45.6455
42.4977
39.3495
36.2017
33.0536
29.9058
26.7576
23.6098
20.4617
17.3139
14.1658
11.0179
7.86989
4.722
1.57393
89.3285
82.9417
80.0266
77.1572
73.9748
70.8248
67.6829
64.5339
61.3856
58.2375
55.0896
51.9415
48.7936
45.6455
42.4977
39.3495
36.2017
33.0536
29.9058
26.7576
23.6098
20.4617
17.3139
14.1658
11.0179
7.86989
4.722
1.57393
89.332
82.9413
80.0266
77.1572
73.9748
70.8248
67.6829
64.5339
61.3856
58.2375
55.0896
51.9415
48.7936
45.6455
42.4977
39.3495
36.2017
33.0536
29.9058
26.7576
23.6098
20.4617
17.3139
14.1658
11.0179
7.86989
4.722
1.57393
89.3315
82.9414
80.0266
77.1572
73.9748
70.8248
67.6829
64.5339
61.3856
58.2375
55.0896
51.9415
48.7936
45.6455
42.4977
39.3495
36.2017
33.0536
29.9058
26.7576
23.6098
20.4617
17.3139
14.1658
11.0179
7.86989
4.722
1.57393
89.328
82.9419
80.0266
77.1572
73.9748
70.8248
67.6829
64.5339
61.3856
58.2375
55.0896
51.9415
48.7936
45.6455
42.4977
39.3495
36.2017
33.0536
29.9058
26.7576
23.6098
20.4617
17.3139
14.1658
11.0179
7.86989
4.722
1.57393
89.326
82.9426
80.0266
77.1573
73.9748
70.8248
67.6829
64.5339
61.3856
58.2375
55.0896
51.9415
48.7936
45.6455
42.4977
39.3495
36.2017
33.0536
29.9058
26.7576
23.6098
20.4617
17.3139
14.1658
11.0179
7.86989
4.722
1.57393
89.3255
82.943
80.0266
77.1573
73.9748
70.8248
67.6829
64.5339
61.3856
58.2375
55.0896
51.9415
48.7936
45.6455
42.4977
39.3495
36.2017
33.0536
29.9058
26.7576
23.6098
20.4617
17.3139
14.1658
11.0179
7.86989
4.722
1.57393
89.326
82.9426
80.0266
77.1573
73.9748
70.8248
67.6829
64.5339
61.3856
58.2375
55.0896
51.9415
48.7936
45.6455
42.4977
39.3495
36.2017
33.0536
29.9058
26.7576
23.6098
20.4617
17.3139
14.1658
11.0179
7.86989
4.722
1.57393
89.328
82.9419
80.0266
77.1572
73.9748
70.8248
67.6829
64.5339
61.3856
58.2375
55.0896
51.9415
48.7936
45.6455
42.4977
39.3495
36.2017
33.0536
29.9058
26.7576
23.6098
20.4617
17.3139
14.1658
11.0179
7.86989
4.722
1.57393
89.3315
82.9414
80.0266
77.1572
73.9748
70.8248
67.6829
64.5339
61.3856
58.2375
55.0896
51.9415
48.7936
45.6455
42.4977
39.3495
36.2017
33.0536
29.9058
26.7576
23.6098
20.4617
17.3139
14.1658
11.0179
7.86989
4.722
1.57393
89.332
82.9413
80.0266
77.1572
73.9748
70.8248
67.6829
64.5339
61.3856
58.2375
55.0896
51.9415
48.7936
45.6455
42.4977
39.3495
36.2017
33.0536
29.9058
26.7576
23.6098
20.4617
17.3139
14.1658
11.0179
7.86989
4.722
1.57393
89.3285
82.9417
80.0266
77.1572
73.9748
70.8248
67.6829
64.5339
61.3856
58.2375
55.0896
51.9415
48.7936
45.6455
42.4977
39.3495
36.2017
33.0536
29.9058
26.7576
23.6098
20.4617
17.3139
14.1658
11.0179
7.86989
4.722
1.57393
89.3266
82.9423
80.0266
77.1572
73.9748
70.8248
67.6829
64.5339
61.3856
58.2375
55.0896
51.9415
48.7936
45.6455
42.4977
39.3495
36.2017
33.0536
29.9058
26.7576
23.6098
20.4617
17.3139
14.1658
11.0179
7.86989
4.722
1.57393
89.326
82.9426
80.0266
77.1573
73.9748
70.8248
67.6829
64.5339
61.3856
58.2375
55.0896
51.9415
48.7936
45.6455
42.4977
39.3495
36.2017
33.0536
29.9058
26.7576
23.6098
20.4617
17.3139
14.1658
11.0179
7.86989
4.722
1.57393
89.3266
82.9423
80.0266
77.1572
73.9748
70.8248
67.6829
64.5339
61.3856
58.2375
55.0896
51.9415
48.7936
45.6455
42.4977
39.3495
36.2017
33.0536
29.9058
26.7576
23.6098
20.4617
17.3139
14.1658
11.0179
7.86989
4.722
1.57393
89.3285
82.9417
80.0266
77.1572
73.9748
70.8248
67.6829
64.5339
61.3856
58.2375
55.0896
51.9415
48.7936
45.6455
42.4977
39.3495
36.2017
33.0536
29.9058
26.7576
23.6098
20.4617
17.3139
14.1658
11.0179
7.86989
4.722
1.57393
89.332
82.9413
80.0266
77.1572
73.9748
70.8248
67.6829
64.5339
61.3856
58.2375
55.0896
51.9415
48.7936
45.6455
42.4977
39.3495
36.2017
33.0536
29.9058
26.7576
23.6098
20.4617
17.3139
14.1658
11.0179
7.86989
4.722
1.57393
89.3339
82.9413
80.0266
77.1572
73.9748
70.8248
67.6829
64.5339
61.3856
58.2375
55.0896
51.9415
48.7936
45.6455
42.4977
39.3495
36.2017
33.0536
29.9058
26.7576
23.6098
20.4617
17.3139
14.1658
11.0179
7.86989
4.722
1.57393
89.3305
82.9414
80.0266
77.1572
73.9748
70.8248
67.6829
64.5339
61.3856
58.2375
55.0896
51.9415
48.7936
45.6455
42.4977
39.3495
36.2017
33.0536
29.9058
26.7576
23.6098
20.4617
17.3139
14.1658
11.0179
7.86989
4.722
1.57393
89.3285
82.9417
80.0266
77.1572
73.9748
70.8248
67.6829
64.5339
61.3856
58.2375
55.0896
51.9415
48.7936
45.6455
42.4977
39.3495
36.2017
33.0536
29.9058
26.7576
23.6098
20.4617
17.3139
14.1658
11.0179
7.86989
4.722
1.57393
89.328
82.9419
80.0266
77.1572
73.9748
70.8248
67.6829
64.5339
61.3856
58.2375
55.0896
51.9415
48.7936
45.6455
42.4977
39.3495
36.2017
33.0536
29.9058
26.7576
23.6098
20.4617
17.3139
14.1658
11.0179
7.86989
4.722
1.57393
89.3285
82.9417
80.0266
77.1572
73.9748
70.8248
67.6829
64.5339
61.3856
58.2375
55.0896
51.9415
48.7936
45.6455
42.4977
39.3495
36.2017
33.0536
29.9058
26.7576
23.6098
20.4617
17.3139
14.1658
11.0179
7.86989
4.722
1.57393
89.3305
82.9414
80.0266
77.1572
73.9748
70.8248
67.6829
64.5339
61.3856
58.2375
55.0896
51.9415
48.7936
45.6455
42.4977
39.3495
36.2017
33.0536
29.9058
26.7576
23.6098
20.4617
17.3139
14.1658
11.0179
7.86989
4.722
1.57393
89.3339
82.9413
80.0266
77.1572
73.9748
70.8248
67.6829
64.5339
61.3856
58.2375
55.0896
51.9415
48.7936
45.6455
42.4977
39.3495
36.2017
33.0536
29.9058
26.7576
23.6098
20.4617
17.3139
14.1658
11.0179
7.86989
4.722
1.57393
89.3371
82.9414
80.0267
77.1571
73.9748
70.8248
67.6829
64.5339
61.3856
58.2375
55.0896
51.9415
48.7936
45.6455
42.4977
39.3495
36.2017
33.0536
29.9058
26.7576
23.6098
20.4617
17.3139
14.1658
11.0179
7.86989
4.722
1.57393
89.3339
82.9413
80.0266
77.1572
73.9748
70.8248
67.6829
64.5339
61.3856
58.2375
55.0896
51.9415
48.7936
45.6455
42.4977
39.3495
36.2017
33.0536
29.9058
26.7576
23.6098
20.4617
17.3139
14.1658
11.0179
7.86989
4.722
1.57393
89.332
82.9413
80.0266
77.1572
73.9748
70.8248
67.6829
64.5339
61.3856
58.2375
55.0896
51.9415
48.7936
45.6455
42.4977
39.3495
36.2017
33.0536
29.9058
26.7576
23.6098
20.4617
17.3139
14.1658
11.0179
7.86989
4.722
1.57393
89.3315
82.9414
80.0266
77.1572
73.9748
70.8248
67.6829
64.5339
61.3856
58.2375
55.0896
51.9415
48.7936
45.6455
42.4977
39.3495
36.2017
33.0536
29.9058
26.7576
23.6098
20.4617
17.3139
14.1658
11.0179
7.86989
4.722
1.57393
89.332
82.9413
80.0266
77.1572
73.9748
70.8248
67.6829
64.5339
61.3856
58.2375
55.0896
51.9415
48.7936
45.6455
42.4977
39.3495
36.2017
33.0536
29.9058
26.7576
23.6098
20.4617
17.3139
14.1658
11.0179
7.86989
4.722
1.57393
89.3339
82.9413
80.0266
77.1572
73.9748
70.8248
67.6829
64.5339
61.3856
58.2375
55.0896
51.9415
48.7936
45.6455
42.4977
39.3495
36.2017
33.0536
29.9058
26.7576
23.6098
20.4617
17.3139
14.1658
11.0179
7.86989
4.722
1.57393
89.3371
82.9414
80.0267
77.1571
73.9748
70.8248
67.6829
64.5339
61.3856
58.2375
55.0896
51.9415
48.7936
45.6455
42.4977
39.3495
36.2017
33.0536
29.9058
26.7576
23.6098
20.4617
17.3139
14.1658
11.0179
7.86989
4.722
1.57393
)
;

boundaryField
{
    inlet
    {
        type            zeroGradient;
    }
    outlet
    {
        type            fixedValue;
        value           uniform 0;
    }
    Walls
    {
        type            zeroGradient;
    }
}


// ************************************************************************* //
