/*--------------------------------*- C++ -*----------------------------------*\
  =========                 |
  \\      /  F ield         | OpenFOAM: The Open Source CFD Toolbox
   \\    /   O peration     | Website:  https://openfoam.org
    \\  /    A nd           | Version:  13
     \\/     M anipulation  |
\*---------------------------------------------------------------------------*/
FoamFile
{
    format      ascii;
    class       volVectorField;
    location    "31";
    object      U;
}
// * * * * * * * * * * * * * * * * * * * * * * * * * * * * * * * * * * * * * //

dimensions      [0 1 -1 0 0 0 0];

internalField   nonuniform List<vector> 
1372
(
(0.527403 0.00578159 0.0057816)
(0.51219 0.00101076 0.00101077)
(0.407304 -2.00355e-05 -2.01405e-05)
(0.408365 -7.37368e-05 -7.36466e-05)
(0.420924 4.35605e-06 4.35395e-06)
(0.420415 1.85133e-06 1.84271e-06)
(0.420183 -1.56822e-06 -1.55559e-06)
(0.420414 1.23152e-07 1.14532e-07)
(0.420395 6.48814e-08 6.29159e-08)
(0.420373 5.27329e-08 5.45839e-08)
(0.420375 -6.09838e-08 -6.30459e-08)
(0.420373 7.27397e-08 7.50854e-08)
(0.420374 -6.83881e-08 -7.11336e-08)
(0.420372 6.95376e-08 7.19902e-08)
(0.420374 -6.92546e-08 -7.24058e-08)
(0.420373 7.08024e-08 7.49431e-08)
(0.420374 -6.85307e-08 -7.18016e-08)
(0.420372 7.08648e-08 7.38118e-08)
(0.420373 -7.1285e-08 -7.39271e-08)
(0.420372 6.77849e-08 7.06773e-08)
(0.420373 -6.41075e-08 -6.77334e-08)
(0.420372 6.01337e-08 5.94939e-08)
(0.42037 -5.17312e-08 -4.80606e-08)
(0.420371 4.19303e-08 4.27178e-08)
(0.420372 -4.11517e-08 -4.42345e-08)
(0.420372 3.96197e-08 4.121e-08)
(0.420373 -4.27151e-08 -4.29931e-08)
(0.420371 4.84581e-08 5.04368e-08)
(0.854285 0.0104198 0.00844516)
(0.929142 0.00238979 0.00203901)
(0.803549 0.000336029 3.48279e-05)
(0.794098 -0.000164057 -0.000157606)
(0.811115 -4.25726e-05 -4.74502e-06)
(0.811608 6.90107e-07 5.48392e-06)
(0.811185 -2.72026e-06 -2.71432e-06)
(0.811446 -4.11681e-07 1.7057e-08)
(0.811439 2.95812e-07 8.7886e-08)
(0.811407 1.69974e-07 1.83017e-07)
(0.811409 -6.18342e-08 -2.1907e-07)
(0.811406 1.03135e-07 2.28701e-07)
(0.811408 -8.26393e-08 -2.29778e-07)
(0.811405 8.9563e-08 2.22977e-07)
(0.811409 -8.41292e-08 -2.32473e-07)
(0.811406 9.31007e-08 2.27776e-07)
(0.811409 -8.49286e-08 -2.22999e-07)
(0.811405 9.20123e-08 2.2703e-07)
(0.811408 -9.40568e-08 -2.26781e-07)
(0.811406 8.69729e-08 2.18666e-07)
(0.811407 -8.18766e-08 -2.11226e-07)
(0.811405 8.95106e-08 1.89066e-07)
(0.811404 -7.70783e-08 -1.43072e-07)
(0.811403 4.67796e-08 1.49502e-07)
(0.811406 -6.27892e-08 -1.24054e-07)
(0.811404 4.46615e-08 1.4213e-07)
(0.811407 -5.35652e-08 -1.29097e-07)
(0.811403 6.49792e-08 1.56636e-07)
(0.955964 0.006469 0.00819524)
(1.10074 0.00154646 0.00194689)
(0.994523 0.000284902 4.45785e-05)
(0.980829 -9.9157e-05 -0.000176767)
(0.996289 -3.73777e-05 -8.79076e-06)
(0.996907 -3.79428e-06 6.48464e-06)
(0.99642 -2.49556e-06 -3.23486e-06)
(0.996651 -3.29028e-07 -6.51968e-08)
(0.996653 3.32469e-07 1.66391e-07)
(0.996623 1.14491e-07 2.23327e-07)
(0.996626 2.54374e-08 -2.44203e-07)
(0.996623 1.77728e-08 2.62358e-07)
(0.996626 2.14821e-09 -2.56893e-07)
(0.996622 5.94978e-09 2.52986e-07)
(0.996626 7.7206e-09 -2.56344e-07)
(0.996624 7.42423e-09 2.60975e-07)
(0.996627 -1.27355e-09 -2.52486e-07)
(0.996623 3.20867e-09 2.57283e-07)
(0.996626 -8.3602e-09 -2.58955e-07)
(0.996623 9.99724e-10 2.49352e-07)
(0.996625 -7.61078e-09 -2.38438e-07)
(0.996622 1.96581e-08 2.19926e-07)
(0.996622 -3.21487e-08 -1.654e-07)
(0.996621 -9.49209e-10 1.56845e-07)
(0.996623 -1.49962e-08 -1.54673e-07)
(0.996621 -8.64095e-09 1.6231e-07)
(0.996624 -6.20924e-11 -1.46711e-07)
(0.996619 -4.60202e-09 1.70439e-07)
(0.979002 -6.29934e-08 0.00799344)
(1.14747 -2.46217e-07 0.00181626)
(1.05163 -8.01422e-08 3.7968e-05)
(1.03761 8.97959e-07 -0.00018042)
(1.05207 -2.36613e-07 -9.52118e-06)
(1.05252 -2.09175e-07 6.86224e-06)
(1.05199 8.26612e-08 -3.38992e-06)
(1.0522 -7.72862e-08 -1.16148e-07)
(1.05221 9.17782e-08 2.11823e-07)
(1.05218 -5.39495e-08 2.21146e-07)
(1.05219 7.16108e-08 -2.33648e-07)
(1.05218 -8.05064e-08 2.50308e-07)
(1.05219 7.76373e-08 -2.43701e-07)
(1.05218 -7.99847e-08 2.39021e-07)
(1.05219 8.8881e-08 -2.3973e-07)
(1.05218 -8.44223e-08 2.48349e-07)
(1.05219 7.89073e-08 -2.42026e-07)
(1.05218 -8.57071e-08 2.46165e-07)
(1.05219 8.15677e-08 -2.48258e-07)
(1.05218 -8.53082e-08 2.38799e-07)
(1.05219 7.09061e-08 -2.29097e-07)
(1.05218 -5.93607e-08 2.06806e-07)
(1.05218 3.25778e-08 -1.46978e-07)
(1.05218 -3.50167e-08 1.39134e-07)
(1.05218 4.78317e-08 -1.51789e-07)
(1.05218 -5.25044e-08 1.57127e-07)
(1.05219 5.39158e-08 -1.37775e-07)
(1.05218 -6.41461e-08 1.61024e-07)
(0.955963 -0.0064691 0.00819524)
(1.10074 -0.00154682 0.00194689)
(0.994519 -0.000285207 4.47768e-05)
(0.98083 0.000100717 -0.000176686)
(0.996292 3.70027e-05 -8.9004e-06)
(0.996909 3.43837e-06 6.394e-06)
(0.99642 2.64514e-06 -3.15519e-06)
(0.99665 1.88946e-07 -6.99454e-08)
(0.996653 -1.68134e-07 1.79071e-07)
(0.996623 -2.05972e-07 1.98758e-07)
(0.996626 1.01495e-07 -2.20426e-07)
(0.996623 -1.54323e-07 2.30364e-07)
(0.996626 1.33612e-07 -2.26749e-07)
(0.996622 -1.42141e-07 2.17841e-07)
(0.996626 1.4606e-07 -2.19196e-07)
(0.996624 -1.51391e-07 2.24507e-07)
(0.996627 1.37231e-07 -2.18547e-07)
(0.996623 -1.50736e-07 2.23448e-07)
(0.996626 1.47446e-07 -2.22382e-07)
(0.996623 -1.47641e-07 2.13832e-07)
(0.996625 1.29014e-07 -2.06471e-07)
(0.996622 -1.2302e-07 1.75267e-07)
(0.996622 8.47774e-08 -1.18502e-07)
(0.996621 -5.96706e-08 1.29955e-07)
(0.996623 9.42511e-08 -1.32519e-07)
(0.996621 -8.21043e-08 1.44077e-07)
(0.996624 9.09083e-08 -1.28521e-07)
(0.996619 -1.10173e-07 1.53351e-07)
(0.854285 -0.0104198 0.00844515)
(0.929141 -0.00238985 0.00203905)
(0.803545 -0.000336454 3.48751e-05)
(0.794099 0.000164982 -0.000157409)
(0.811119 4.23702e-05 -4.85295e-06)
(0.81161 -8.94819e-07 5.34293e-06)
(0.811185 2.83577e-06 -2.6133e-06)
(0.811445 3.2187e-07 -2.66488e-10)
(0.811439 -1.93026e-07 1.22369e-07)
(0.811407 -2.19222e-07 1.47408e-07)
(0.81141 1.35775e-07 -1.73797e-07)
(0.811406 -1.76607e-07 1.81231e-07)
(0.811408 1.60401e-07 -1.79378e-07)
(0.811405 -1.62783e-07 1.70083e-07)
(0.811409 1.71174e-07 -1.73982e-07)
(0.811406 -1.71557e-07 1.73883e-07)
(0.811409 1.61017e-07 -1.71646e-07)
(0.811405 -1.74754e-07 1.75869e-07)
(0.811408 1.71065e-07 -1.75311e-07)
(0.811406 -1.69595e-07 1.66912e-07)
(0.811407 1.49286e-07 -1.63625e-07)
(0.811405 -1.54752e-07 1.3016e-07)
(0.811404 1.0593e-07 -9.01105e-08)
(0.811403 -8.18776e-08 1.13312e-07)
(0.811406 1.03865e-07 -9.93326e-08)
(0.811404 -9.388e-08 1.13838e-07)
(0.811407 1.00716e-07 -1.04787e-07)
(0.811402 -1.37766e-07 1.23212e-07)
(0.527403 -0.00578161 0.0057816)
(0.51219 -0.0010107 0.00101083)
(0.407302 1.98045e-05 -2.0211e-05)
(0.408366 7.40096e-05 -7.35301e-05)
(0.420926 -4.41903e-06 4.26899e-06)
(0.420415 -1.90315e-06 1.80285e-06)
(0.420182 1.61967e-06 -1.50926e-06)
(0.420413 -1.53273e-07 1.05422e-07)
(0.420395 -3.49191e-08 7.59604e-08)
(0.420373 -6.50919e-08 4.65267e-08)
(0.420375 8.102e-08 -5.15584e-08)
(0.420373 -9.08039e-08 6.28364e-08)
(0.420374 8.93053e-08 -5.75906e-08)
(0.420372 -8.70472e-08 5.95795e-08)
(0.420374 9.21736e-08 -5.67833e-08)
(0.420373 -9.06315e-08 6.05949e-08)
(0.420374 8.89603e-08 -5.80658e-08)
(0.420372 -9.30801e-08 5.95537e-08)
(0.420373 9.2071e-08 -5.95042e-08)
(0.420372 -9.02685e-08 5.58606e-08)
(0.420373 8.17934e-08 -5.41446e-08)
(0.420372 -8.20928e-08 4.18296e-08)
(0.42037 6.06896e-08 -3.60381e-08)
(0.420371 -5.24268e-08 3.34593e-08)
(0.420372 5.21783e-08 -3.76642e-08)
(0.420372 -5.26383e-08 3.43959e-08)
(0.420373 5.45759e-08 -3.79298e-08)
(0.42037 -7.16861e-08 3.6257e-08)
(0.854285 0.00844515 0.0104198)
(0.929142 0.00203898 0.00238994)
(0.803549 3.49712e-05 0.000335615)
(0.794097 -0.000157704 -0.00016386)
(0.811115 -4.74816e-06 -4.25533e-05)
(0.811608 5.49782e-06 6.64269e-07)
(0.811185 -2.73471e-06 -2.66542e-06)
(0.811446 2.54797e-08 -4.32604e-07)
(0.811439 9.14479e-08 2.85484e-07)
(0.811407 1.80852e-07 1.78265e-07)
(0.811409 -2.1649e-07 -7.06118e-08)
(0.811406 2.25847e-07 1.13378e-07)
(0.811408 -2.26311e-07 -9.36548e-08)
(0.811405 2.20082e-07 1.00967e-07)
(0.811409 -2.28918e-07 -9.66198e-08)
(0.811406 2.22503e-07 1.08226e-07)
(0.811409 -2.19253e-07 -9.68377e-08)
(0.811405 2.23351e-07 1.03594e-07)
(0.811408 -2.23735e-07 -1.04431e-07)
(0.811406 2.15024e-07 9.84471e-08)
(0.811407 -2.06913e-07 -9.47648e-08)
(0.811405 1.9175e-07 8.42751e-08)
(0.811404 -1.48936e-07 -6.50584e-08)
(0.811403 1.48288e-07 4.93337e-08)
(0.811406 -1.19632e-07 -7.3805e-08)
(0.811404 1.4078e-07 4.97776e-08)
(0.811407 -1.2881e-07 -5.57147e-08)
(0.811403 1.53754e-07 7.31882e-08)
(1.51438 0.0164057 0.0164057)
(1.87652 0.00534557 0.00534587)
(1.76078 0.000893016 0.000892612)
(1.72009 -0.000300025 -0.000300045)
(1.73759 -0.000131502 -0.000131463)
(1.74098 -8.65816e-06 -8.68088e-06)
(1.74047 -3.23549e-06 -3.14879e-06)
(1.74063 -9.38116e-07 -9.50038e-07)
(1.74065 5.33984e-07 5.20334e-07)
(1.74061 3.71134e-07 3.8048e-07)
(1.74061 -3.08911e-08 -3.91359e-08)
(1.74061 1.35848e-07 1.45136e-07)
(1.74061 -9.26448e-08 -1.0249e-07)
(1.74061 1.09073e-07 1.19498e-07)
(1.74061 -1.02066e-07 -1.09919e-07)
(1.74061 1.24137e-07 1.35057e-07)
(1.74061 -1.02743e-07 -1.11182e-07)
(1.74061 1.21343e-07 1.31204e-07)
(1.74061 -1.22191e-07 -1.3035e-07)
(1.74061 1.10121e-07 1.19822e-07)
(1.74061 -1.00029e-07 -1.09648e-07)
(1.74061 1.14239e-07 9.71561e-08)
(1.74061 -9.9221e-08 -7.81738e-08)
(1.74061 4.38087e-08 4.03339e-08)
(1.74061 -8.76537e-08 -9.67937e-08)
(1.74061 4.46222e-08 4.6815e-08)
(1.74061 -7.46454e-08 -7.5239e-08)
(1.7406 9.51959e-08 1.05697e-07)
(1.74339 0.0107767 0.0175422)
(2.30055 0.00389877 0.00593572)
(2.25694 0.000841949 0.00116024)
(2.20949 -0.0001581 -0.000312429)
(2.21805 -0.000117409 -0.000177897)
(2.22055 -2.14699e-05 -2.1456e-05)
(2.22 -4.5896e-06 -4.65815e-06)
(2.22008 -5.80169e-07 -8.84268e-07)
(2.22012 6.09027e-07 7.19042e-07)
(2.2201 3.54681e-07 5.36948e-07)
(2.2201 3.88818e-08 -3.82794e-08)
(2.2201 7.90498e-08 1.93254e-07)
(2.2201 -4.34317e-08 -1.37255e-07)
(2.2201 5.62871e-08 1.59975e-07)
(2.22011 -4.42846e-08 -1.45699e-07)
(2.2201 6.74917e-08 1.78297e-07)
(2.22011 -4.60097e-08 -1.45499e-07)
(2.2201 5.46132e-08 1.71259e-07)
(2.22011 -6.11145e-08 -1.70883e-07)
(2.2201 4.73234e-08 1.58294e-07)
(2.22011 -5.72602e-08 -1.47568e-07)
(2.2201 7.11383e-08 1.31727e-07)
(2.2201 -8.13164e-08 -1.13387e-07)
(2.2201 2.95739e-08 5.88957e-08)
(2.2201 -4.53706e-08 -1.25664e-07)
(2.2201 1.37735e-08 6.18599e-08)
(2.2201 -3.39469e-08 -9.85583e-08)
(2.2201 3.48174e-08 1.33702e-07)
(1.79656 -7.47955e-08 0.0176089)
(2.4179 -4.48558e-07 0.00586287)
(2.408 -4.47966e-07 0.00120415)
(2.36271 1.12401e-06 -0.000306844)
(2.36748 2.33138e-07 -0.00018908)
(2.36886 -2.40129e-07 -2.62576e-05)
(2.36815 -8.09892e-08 -5.56133e-06)
(2.3682 -1.09954e-07 -8.74503e-07)
(2.36825 1.20216e-07 8.22013e-07)
(2.36824 -2.72242e-08 5.88629e-07)
(2.36825 6.4975e-08 -2.32544e-08)
(2.36825 -5.63324e-08 1.93689e-07)
(2.36825 5.40085e-08 -1.35108e-07)
(2.36825 -5.46811e-08 1.59367e-07)
(2.36825 6.28275e-08 -1.42232e-07)
(2.36825 -5.14553e-08 1.77172e-07)
(2.36826 5.12947e-08 -1.42774e-07)
(2.36825 -6.21708e-08 1.69126e-07)
(2.36825 5.12336e-08 -1.6882e-07)
(2.36825 -5.96141e-08 1.56109e-07)
(2.36825 3.96595e-08 -1.44373e-07)
(2.36825 -2.51576e-08 1.31747e-07)
(2.36825 -1.36461e-08 -1.19768e-07)
(2.36825 -1.72363e-08 5.7246e-08)
(2.36825 3.36605e-08 -1.27789e-07)
(2.36824 -3.78179e-08 5.80807e-08)
(2.36825 3.67382e-08 -9.76114e-08)
(2.36824 -5.23405e-08 1.32057e-07)
(1.74339 -0.0107768 0.0175422)
(2.30055 -0.00389944 0.00593575)
(2.25693 -0.000842892 0.0011604)
(2.20949 0.00016002 -0.00031237)
(2.21806 0.000117823 -0.000178132)
(2.22056 2.1066e-05 -2.15032e-05)
(2.22 4.4832e-06 -4.63531e-06)
(2.22008 3.80629e-07 -8.6461e-07)
(2.22012 -3.98976e-07 7.2597e-07)
(2.2201 -3.94172e-07 5.3977e-07)
(2.2201 7.24726e-08 -4.05678e-08)
(2.2201 -1.68948e-07 1.86569e-07)
(2.2201 1.35061e-07 -1.35444e-07)
(2.2201 -1.43929e-07 1.57108e-07)
(2.22011 1.51096e-07 -1.41868e-07)
(2.2201 -1.50135e-07 1.7217e-07)
(2.22011 1.31884e-07 -1.44067e-07)
(2.2201 -1.58614e-07 1.66557e-07)
(2.22011 1.45818e-07 -1.66999e-07)
(2.2201 -1.48335e-07 1.53898e-07)
(2.22011 1.21657e-07 -1.42155e-07)
(2.2201 -1.18755e-07 1.30224e-07)
(2.2201 5.7855e-08 -1.13218e-07)
(2.2201 -6.10981e-08 6.41628e-08)
(2.2201 1.00482e-07 -1.25593e-07)
(2.2201 -7.75438e-08 5.98475e-08)
(2.2201 9.29029e-08 -9.50123e-08)
(2.22009 -1.3257e-07 1.28157e-07)
(1.51438 -0.0164057 0.0164057)
(1.87652 -0.00534583 0.0053459)
(1.76077 -0.000893721 0.000892756)
(1.72009 0.000301123 -0.000299932)
(1.7376 0.000131802 -0.000131771)
(1.74098 8.35384e-06 -8.72057e-06)
(1.74047 3.24886e-06 -3.1198e-06)
(1.74062 8.0329e-07 -9.27813e-07)
(1.74065 -3.80835e-07 5.2821e-07)
(1.74061 -4.10995e-07 3.90808e-07)
(1.74061 1.17792e-07 -4.81284e-08)
(1.74061 -2.05027e-07 1.41934e-07)
(1.74061 1.69241e-07 -1.05376e-07)
(1.74061 -1.8297e-07 1.22275e-07)
(1.74061 1.93131e-07 -1.10956e-07)
(1.74061 -1.91258e-07 1.33653e-07)
(1.74062 1.74371e-07 -1.14368e-07)
(1.74061 -2.01323e-07 1.2987e-07)
(1.74061 1.90295e-07 -1.29726e-07)
(1.74061 -1.89429e-07 1.18315e-07)
(1.74061 1.54837e-07 -1.07335e-07)
(1.74061 -1.80754e-07 9.69314e-08)
(1.74061 1.20282e-07 -8.18898e-08)
(1.74061 -8.06507e-08 5.17049e-08)
(1.74061 1.25071e-07 -9.7268e-08)
(1.74061 -8.77442e-08 4.62222e-08)
(1.74061 1.12738e-07 -7.3608e-08)
(1.7406 -1.73111e-07 9.6445e-08)
(0.854285 -0.00844517 0.0104198)
(0.929142 -0.00203884 0.00239002)
(0.803543 -3.55003e-05 0.000335595)
(0.7941 0.000158055 -0.000163748)
(0.811119 4.73954e-06 -4.27365e-05)
(0.81161 -5.50408e-06 6.09551e-07)
(0.811185 2.75159e-06 -2.59504e-06)
(0.811445 -6.30528e-08 -4.35959e-07)
(0.811439 -6.50752e-08 3.03485e-07)
(0.811407 -1.67105e-07 1.6911e-07)
(0.81141 2.16944e-07 -6.17967e-08)
(0.811406 -2.17935e-07 9.79576e-08)
(0.811408 2.22329e-07 -7.91647e-08)
(0.811405 -2.06503e-07 8.71355e-08)
(0.811409 2.23054e-07 -7.86026e-08)
(0.811406 -2.12351e-07 8.98983e-08)
(0.811409 2.13339e-07 -8.17077e-08)
(0.811405 -2.21264e-07 8.6724e-08)
(0.811408 2.18037e-07 -8.67433e-08)
(0.811405 -2.12913e-07 8.03378e-08)
(0.811407 1.99029e-07 -7.76679e-08)
(0.811405 -1.86019e-07 6.1814e-08)
(0.811404 1.20137e-07 -4.54143e-08)
(0.811403 -1.38394e-07 3.67135e-08)
(0.811406 1.18057e-07 -6.50189e-08)
(0.811404 -1.40006e-07 4.30638e-08)
(0.811407 1.27321e-07 -5.12452e-08)
(0.811402 -1.73659e-07 5.50975e-08)
(0.955963 0.00819524 0.00646904)
(1.10075 0.00194687 0.00154676)
(0.994522 4.46457e-05 0.000284277)
(0.980828 -0.000176824 -9.89823e-05)
(0.996289 -8.79052e-06 -3.73427e-05)
(0.996907 6.50454e-06 -3.82381e-06)
(0.99642 -3.2639e-06 -2.40902e-06)
(0.996651 -5.5053e-08 -3.47996e-07)
(0.996653 1.67641e-07 3.14546e-07)
(0.996623 2.22975e-07 1.29592e-07)
(0.996626 -2.45331e-07 9.93964e-09)
(0.996623 2.62842e-07 3.65505e-08)
(0.996626 -2.57456e-07 -1.63549e-08)
(0.996622 2.5482e-07 2.68978e-08)
(0.996626 -2.57956e-07 -1.43272e-08)
(0.996624 2.60594e-07 3.1716e-08)
(0.996627 -2.52484e-07 -2.14741e-08)
(0.996623 2.57671e-07 2.27644e-08)
(0.996626 -2.59282e-07 -2.67113e-08)
(0.996623 2.49851e-07 2.04265e-08)
(0.996625 -2.38621e-07 -2.71764e-08)
(0.996622 2.29e-07 1.0934e-08)
(0.996622 -1.77267e-07 -1.88364e-08)
(0.996621 1.58925e-07 4.77563e-09)
(0.996623 -1.52479e-07 -3.1962e-08)
(0.996621 1.61911e-07 1.01232e-10)
(0.996624 -1.48203e-07 -4.97611e-09)
(0.996619 1.68811e-07 1.02698e-08)
(1.74339 0.0175422 0.0107768)
(2.30055 0.00593537 0.00389928)
(2.25694 0.00116059 0.000841409)
(2.20949 -0.000312313 -0.000158251)
(2.21805 -0.000177914 -0.000117378)
(2.22055 -2.14377e-05 -2.15074e-05)
(2.22 -4.73773e-06 -4.44967e-06)
(2.22008 -8.91755e-07 -5.76909e-07)
(2.22012 7.29661e-07 5.88494e-07)
(2.2201 5.27884e-07 3.68241e-07)
(2.2201 -2.86085e-08 2.71836e-08)
(2.2201 1.83432e-07 9.29628e-08)
(2.2201 -1.26805e-07 -5.6445e-08)
(2.2201 1.4842e-07 7.09811e-08)
(2.22011 -1.37267e-07 -5.42881e-08)
(2.2201 1.66955e-07 8.20131e-08)
(2.22011 -1.37246e-07 -5.78497e-08)
(2.2201 1.60655e-07 6.78995e-08)
(2.22011 -1.6248e-07 -7.28033e-08)
(2.2201 1.47959e-07 6.04202e-08)
(2.22011 -1.38606e-07 -6.95386e-08)
(2.2201 1.48165e-07 3.86586e-08)
(2.2201 -1.27967e-07 -4.78799e-08)
(2.2201 5.93971e-08 2.6438e-08)
(2.2201 -1.17056e-07 -5.9259e-08)
(2.2201 6.11724e-08 1.59895e-08)
(2.2201 -9.66322e-08 -3.46052e-08)
(2.2201 1.21971e-07 5.17801e-08)
(2.02781 0.0117839 0.0117839)
(2.85241 0.00456536 0.00456597)
(2.92831 0.00115881 0.00115831)
(2.8837 -0.000128693 -0.000128947)
(2.87778 -0.00015839 -0.000158396)
(2.87642 -4.05884e-05 -4.06326e-05)
(2.87537 -8.1857e-06 -8.04069e-06)
(2.87538 -5.48595e-07 -5.206e-07)
(2.87546 9.31852e-07 9.17624e-07)
(2.87548 5.3671e-07 5.49938e-07)
(2.87549 8.38132e-08 7.05928e-08)
(2.87549 1.03955e-07 1.18222e-07)
(2.8755 -5.14145e-08 -6.44897e-08)
(2.8755 6.98251e-08 8.54598e-08)
(2.8755 -5.06543e-08 -6.06882e-08)
(2.8755 8.59742e-08 1.01364e-07)
(2.87551 -5.50071e-08 -6.63397e-08)
(2.8755 6.76921e-08 8.17e-08)
(2.87551 -7.62923e-08 -8.78227e-08)
(2.8755 5.97504e-08 7.34659e-08)
(2.8755 -7.14228e-08 -8.15269e-08)
(2.8755 8.4858e-08 4.93059e-08)
(2.8755 -9.11196e-08 -6.4e-08)
(2.8755 2.13836e-08 2.07544e-08)
(2.8755 -6.7288e-08 -8.14072e-08)
(2.87549 1.3621e-08 1.39168e-08)
(2.8755 -4.25666e-08 -4.48061e-08)
(2.87549 4.00124e-08 5.91532e-08)
(2.09468 -7.69149e-08 0.0118888)
(3.00578 -4.8126e-07 0.00458515)
(3.13388 -4.82949e-07 0.00122747)
(3.09767 1.09863e-06 -0.000109848)
(3.08662 3.63618e-07 -0.000167465)
(3.08262 -2.15023e-07 -4.76655e-05)
(3.08103 -1.07033e-07 -9.89279e-06)
(3.08099 -1.26093e-07 -5.66346e-07)
(3.08111 1.06987e-07 1.06487e-06)
(3.08115 -1.54812e-08 6.25926e-07)
(3.08117 7.22431e-08 8.96995e-08)
(3.08118 -5.19132e-08 1.22507e-07)
(3.08118 5.24301e-08 -6.50025e-08)
(3.08118 -5.41934e-08 8.65229e-08)
(3.08118 6.2887e-08 -6.01339e-08)
(3.08118 -4.91538e-08 1.03199e-07)
(3.08119 5.01728e-08 -6.75839e-08)
(3.08118 -6.257e-08 8.33261e-08)
(3.08119 4.83033e-08 -9.00247e-08)
(3.08118 -5.94609e-08 7.49456e-08)
(3.08119 3.50727e-08 -8.21902e-08)
(3.08118 -2.88049e-08 4.72183e-08)
(3.08118 -1.22038e-08 -6.13573e-08)
(3.08118 -2.06378e-08 1.64738e-08)
(3.08118 3.41243e-08 -8.70541e-08)
(3.08117 -3.70499e-08 1.28921e-08)
(3.08118 3.61848e-08 -4.6304e-08)
(3.08117 -5.36071e-08 6.03828e-08)
(2.02781 -0.011784 0.0117839)
(2.85241 -0.00456604 0.00456607)
(2.9283 -0.0011599 0.00115854)
(2.8837 0.000130581 -0.000129094)
(2.87779 0.00015907 -0.000158616)
(2.87643 4.02211e-05 -4.06758e-05)
(2.87537 8.0226e-06 -8.00105e-06)
(2.87538 3.19132e-07 -4.89825e-07)
(2.87546 -7.36195e-07 9.16315e-07)
(2.87548 -5.55841e-07 5.54412e-07)
(2.87549 4.63468e-08 6.69186e-08)
(2.87549 -1.88199e-07 1.14286e-07)
(2.8755 1.45409e-07 -6.37296e-08)
(2.8755 -1.59149e-07 8.34481e-08)
(2.8755 1.61913e-07 -5.85772e-08)
(2.8755 -1.66567e-07 9.57301e-08)
(2.87551 1.42599e-07 -6.67278e-08)
(2.8755 -1.75559e-07 7.84497e-08)
(2.87551 1.58396e-07 -8.51959e-08)
(2.8755 -1.63501e-07 7.01151e-08)
(2.8755 1.31114e-07 -7.68957e-08)
(2.8755 -1.39402e-07 3.82066e-08)
(2.8755 6.65108e-08 -4.86152e-08)
(2.8755 -6.06128e-08 1.90178e-08)
(2.8755 1.22642e-07 -8.10719e-08)
(2.87549 -7.97463e-08 1.45273e-08)
(2.8755 1.0101e-07 -4.4743e-08)
(2.87549 -1.45332e-07 6.00647e-08)
(1.74339 -0.0175422 0.0107768)
(2.30055 -0.00593564 0.00389941)
(2.25692 -0.00116147 0.000841707)
(2.2095 0.000313396 -0.000158466)
(2.21807 0.000178416 -0.000117657)
(2.22056 2.11665e-05 -2.15322e-05)
(2.22 4.69576e-06 -4.40856e-06)
(2.22007 7.41353e-07 -5.33958e-07)
(2.22012 -5.81042e-07 5.81021e-07)
(2.2201 -5.48636e-07 3.81867e-07)
(2.2201 1.22944e-07 1.57947e-08)
(2.2201 -2.42626e-07 9.48409e-08)
(2.2201 2.00612e-07 -6.1858e-08)
(2.2201 -2.15613e-07 7.48894e-08)
(2.22011 2.25371e-07 -5.73696e-08)
(2.2201 -2.25232e-07 8.2389e-08)
(2.22011 2.04587e-07 -6.42873e-08)
(2.2201 -2.37783e-07 7.07788e-08)
(2.22011 2.23328e-07 -7.58201e-08)
(2.2201 -2.23198e-07 6.31054e-08)
(2.22011 1.83973e-07 -6.87195e-08)
(2.2201 -2.1063e-07 3.03608e-08)
(2.2201 1.37779e-07 -3.31669e-08)
(2.2201 -9.89961e-08 2.83781e-08)
(2.2201 1.50148e-07 -6.48258e-08)
(2.2201 -1.03745e-07 2.00865e-08)
(2.2201 1.30993e-07 -4.07574e-08)
(2.22009 -2.05336e-07 5.44587e-08)
(0.955963 -0.00819526 0.00646907)
(1.10075 -0.00194675 0.00154681)
(0.994514 -4.52122e-05 0.000284444)
(0.980831 0.00017723 -9.92533e-05)
(0.996295 8.84046e-06 -3.74351e-05)
(0.996909 -6.51282e-06 -3.78135e-06)
(0.99642 3.25513e-06 -2.4099e-06)
(0.99665 1.83136e-08 -3.17414e-07)
(0.996653 -1.40705e-07 3.00975e-07)
(0.996623 -2.02438e-07 1.4486e-07)
(0.996627 2.4499e-07 -1.47916e-08)
(0.996623 -2.49052e-07 5.41744e-08)
(0.996626 2.48639e-07 -3.72218e-08)
(0.996622 -2.3566e-07 4.68772e-08)
(0.996627 2.46808e-07 -3.52892e-08)
(0.996623 -2.41755e-07 4.85234e-08)
(0.996627 2.40629e-07 -4.24385e-08)
(0.996623 -2.48859e-07 4.24936e-08)
(0.996626 2.46291e-07 -4.44926e-08)
(0.996623 -2.40307e-07 3.85771e-08)
(0.996625 2.249e-07 -4.11342e-08)
(0.996622 -2.16626e-07 2.06585e-08)
(0.996622 1.31886e-07 -1.79226e-08)
(0.99662 -1.38143e-07 9.3744e-09)
(0.996623 1.46553e-07 -4.16039e-08)
(0.996621 -1.59337e-07 1.56939e-08)
(0.996624 1.42469e-07 -2.26777e-08)
(0.996619 -1.90207e-07 2.30184e-08)
(0.979002 0.00799344 -1.39833e-08)
(1.14747 0.00181629 1.07065e-07)
(1.05163 3.78877e-05 -6.8707e-07)
(1.03761 -0.000180412 9.77644e-07)
(1.05207 -9.51002e-06 -2.0946e-07)
(1.05252 6.89226e-06 -2.32525e-07)
(1.05199 -3.431e-06 1.7199e-07)
(1.0522 -1.03664e-07 -8.74932e-08)
(1.05221 2.10542e-07 7.30534e-08)
(1.05218 2.24721e-07 -3.57552e-08)
(1.05219 -2.39908e-07 5.4154e-08)
(1.05218 2.57236e-07 -5.84715e-08)
(1.05219 -2.50113e-07 5.74503e-08)
(1.05218 2.48956e-07 -5.56475e-08)
(1.05219 -2.50667e-07 6.35218e-08)
(1.05218 2.56176e-07 -5.8889e-08)
(1.05219 -2.48703e-07 5.59513e-08)
(1.05218 2.53118e-07 -6.43641e-08)
(1.05219 -2.5492e-07 6.02448e-08)
(1.05218 2.46186e-07 -6.41684e-08)
(1.05219 -2.32983e-07 5.03139e-08)
(1.05218 2.24444e-07 -6.86012e-08)
(1.05218 -1.76711e-07 4.38574e-08)
(1.05218 1.49753e-07 -2.79106e-08)
(1.05218 -1.52401e-07 3.03037e-08)
(1.05218 1.5894e-07 -4.26963e-08)
(1.05219 -1.41514e-07 4.82976e-08)
(1.05218 1.62464e-07 -4.50553e-08)
(1.79656 0.0176088 -1.6827e-08)
(2.4179 0.00586251 1.03962e-07)
(2.408 0.00120438 -9.11741e-07)
(2.3627 -0.00030667 8.66205e-07)
(2.36748 -0.000189062 2.28727e-07)
(2.36886 -2.62362e-05 -2.78182e-07)
(2.36815 -5.62244e-06 6.34485e-08)
(2.3682 -8.96542e-07 -9.13202e-08)
(2.36825 8.26398e-07 1.00855e-07)
(2.36824 5.80469e-07 -1.20669e-08)
(2.36825 -1.53658e-08 5.30539e-08)
(2.36825 1.86211e-07 -4.13107e-08)
(2.36825 -1.26953e-07 4.16484e-08)
(2.36825 1.49993e-07 -3.88781e-08)
(2.36825 -1.36783e-07 5.27011e-08)
(2.36825 1.68623e-07 -3.8213e-08)
(2.36826 -1.37212e-07 3.86927e-08)
(2.36825 1.60773e-07 -4.93158e-08)
(2.36825 -1.62797e-07 3.861e-08)
(2.36825 1.48145e-07 -4.71131e-08)
(2.36825 -1.39255e-07 2.79394e-08)
(2.36825 1.464e-07 -5.94388e-08)
(2.36825 -1.26991e-07 1.86658e-08)
(2.36825 5.61104e-08 -1.99708e-08)
(2.36825 -1.20969e-07 2.05638e-08)
(2.36824 5.97077e-08 -3.61849e-08)
(2.36825 -9.56507e-08 3.67612e-08)
(2.36824 1.22084e-07 -3.15187e-08)
(2.09468 0.0118888 -1.76665e-08)
(3.00578 0.00458454 1.73658e-07)
(3.13388 0.00122786 -9.39699e-07)
(3.09767 -0.000109537 7.5286e-07)
(3.08662 -0.000167419 3.16914e-07)
(3.08262 -4.76058e-05 -2.59515e-07)
(3.08103 -1.00346e-05 4.5018e-08)
(3.08099 -6.05642e-07 -8.33666e-08)
(3.08111 1.07154e-06 9.45287e-08)
(3.08115 6.13512e-07 -1.29172e-10)
(3.08117 1.00504e-07 5.78945e-08)
(3.08118 1.11332e-07 -3.5736e-08)
(3.08118 -5.4952e-08 3.93445e-08)
(3.08118 7.4143e-08 -3.63628e-08)
(3.08118 -5.43439e-08 5.1474e-08)
(3.08118 9.13479e-08 -3.42046e-08)
(3.08119 -5.95044e-08 3.69156e-08)
(3.08118 7.23097e-08 -4.82134e-08)
(3.08119 -8.14812e-08 3.48682e-08)
(3.08118 6.44625e-08 -4.54934e-08)
(3.08119 -7.53234e-08 2.45199e-08)
(3.08118 8.60045e-08 -6.51066e-08)
(3.08118 -9.0368e-08 1.26969e-08)
(3.08118 1.86704e-08 -2.1273e-08)
(3.08118 -7.43324e-08 2.09825e-08)
(3.08117 1.4823e-08 -3.67052e-08)
(3.08118 -4.42018e-08 3.48176e-08)
(3.08117 4.26371e-08 -2.90775e-08)
(2.16503 -6.69253e-08 -7.99208e-09)
(3.16925 -4.08877e-07 2.61673e-07)
(3.35638 -4.2485e-07 -8.50884e-07)
(3.33184 9.25607e-07 5.56185e-07)
(3.31555 3.40291e-07 2.73242e-07)
(3.30825 -1.71514e-07 -2.22794e-07)
(3.30587 -1.04648e-07 4.86584e-08)
(3.30577 -1.19507e-07 -6.88543e-08)
(3.30593 9.15932e-08 8.34798e-08)
(3.306 -5.53219e-09 9.77066e-09)
(3.30603 6.83436e-08 5.35992e-08)
(3.30603 -4.2541e-08 -2.69582e-08)
(3.30604 4.60393e-08 3.32579e-08)
(3.30604 -4.67647e-08 -2.93162e-08)
(3.30604 5.47105e-08 4.39619e-08)
(3.30604 -4.24161e-08 -2.77647e-08)
(3.30605 4.22385e-08 2.9736e-08)
(3.30604 -5.58037e-08 -4.16369e-08)
(3.30605 3.99647e-08 2.72005e-08)
(3.30604 -5.27095e-08 -3.90434e-08)
(3.30605 2.83293e-08 1.8862e-08)
(3.30604 -2.64161e-08 -6.40498e-08)
(3.30604 -1.21958e-08 1.13601e-08)
(3.30604 -1.96081e-08 -2.05713e-08)
(3.30604 2.94458e-08 1.73047e-08)
(3.30603 -3.18511e-08 -3.17941e-08)
(3.30604 3.11483e-08 2.92009e-08)
(3.30603 -4.74355e-08 -2.28728e-08)
(2.09468 -0.0118889 1.98827e-08)
(3.00578 -0.00458516 2.97177e-07)
(3.13388 -0.00122881 -7.24717e-07)
(3.09767 0.000111148 3.92095e-07)
(3.08662 0.00016804 1.51197e-07)
(3.08263 4.73242e-05 -1.81554e-07)
(3.08103 9.86955e-06 6.24067e-08)
(3.08099 3.91711e-07 -4.93891e-08)
(3.08111 -9.08844e-07 6.48697e-08)
(3.08115 -6.09003e-07 2.49705e-08)
(3.08117 1.40521e-08 3.37375e-08)
(3.08118 -1.71851e-07 -1.08864e-08)
(3.08118 1.29338e-07 1.68069e-08)
(3.08118 -1.42846e-07 -1.20665e-08)
(3.08118 1.44354e-07 2.64157e-08)
(3.08118 -1.51341e-07 -1.24222e-08)
(3.08119 1.26472e-07 1.25344e-08)
(3.08118 -1.60391e-07 -2.5846e-08)
(3.08119 1.42243e-07 1.19506e-08)
(3.08118 -1.48751e-07 -2.38517e-08)
(3.08119 1.16665e-07 6.1031e-09)
(3.08118 -1.28153e-07 -5.27374e-08)
(3.08118 6.02805e-08 9.99142e-09)
(3.08118 -5.10024e-08 -1.22203e-08)
(3.08118 1.16228e-07 7.30078e-09)
(3.08117 -6.79141e-08 -2.23567e-08)
(3.08118 8.84863e-08 1.89183e-08)
(3.08117 -1.34235e-07 -9.94761e-09)
(1.79656 -0.0176089 3.57289e-08)
(2.4179 -0.00586276 2.48234e-07)
(2.40799 -0.00120518 -5.20651e-07)
(2.36271 0.000307635 3.1311e-07)
(2.36749 0.000189517 3.03506e-08)
(2.36886 2.60132e-05 -1.76616e-07)
(2.36815 5.57441e-06 7.58387e-08)
(2.3682 7.56541e-07 -3.6382e-08)
(2.36825 -6.9746e-07 5.91173e-08)
(2.36824 -5.84878e-07 1.84705e-08)
(2.36825 9.94193e-08 2.73807e-08)
(2.36825 -2.30835e-07 -1.65683e-08)
(2.36825 1.88254e-07 1.8781e-08)
(2.36825 -2.03727e-07 -1.53701e-08)
(2.36825 2.11551e-07 2.78555e-08)
(2.36825 -2.13112e-07 -1.62013e-08)
(2.36826 1.91988e-07 1.38975e-08)
(2.36825 -2.25601e-07 -2.51829e-08)
(2.36826 2.10776e-07 1.47374e-08)
(2.36825 -2.1118e-07 -2.34299e-08)
(2.36825 1.72961e-07 9.57902e-09)
(2.36825 -1.99152e-07 -4.91246e-08)
(2.36825 1.29663e-07 2.4057e-08)
(2.36825 -8.95519e-08 -1.54142e-08)
(2.36825 1.45393e-07 5.49484e-09)
(2.36824 -9.47881e-08 -2.02322e-08)
(2.36825 1.21295e-07 1.6937e-08)
(2.36824 -1.9968e-07 -9.82577e-09)
(0.979001 -0.00799346 3.76361e-08)
(1.14747 -0.00181618 9.76348e-08)
(1.05162 -3.83028e-05 -4.2358e-07)
(1.03761 0.000180831 4.18629e-07)
(1.05207 9.53373e-06 -1.40446e-07)
(1.05252 -6.92245e-06 -8.57818e-08)
(1.05199 3.42465e-06 9.34473e-08)
(1.0522 7.57509e-08 -3.6104e-08)
(1.05221 -1.86863e-07 2.90623e-08)
(1.05218 -2.0504e-07 7.26563e-09)
(1.05219 2.40157e-07 3.52676e-09)
(1.05218 -2.45001e-07 -4.9699e-09)
(1.05219 2.42372e-07 4.3514e-09)
(1.05218 -2.32492e-07 -2.21398e-09)
(1.05219 2.43205e-07 6.73257e-09)
(1.05218 -2.38358e-07 -4.06166e-09)
(1.05219 2.39304e-07 7.35293e-10)
(1.05218 -2.45287e-07 -8.97654e-09)
(1.05219 2.44074e-07 6.46011e-09)
(1.05218 -2.37504e-07 -1.00757e-08)
(1.05219 2.21333e-07 2.27462e-09)
(1.05218 -2.14229e-07 -2.58321e-08)
(1.05218 1.3524e-07 1.73076e-08)
(1.05218 -1.31333e-07 -3.63388e-09)
(1.05218 1.45939e-07 4.81581e-10)
(1.05218 -1.56973e-07 -8.74102e-09)
(1.05219 1.34081e-07 1.00064e-08)
(1.05218 -1.85192e-07 -7.70971e-09)
(0.955963 0.00819524 -0.00646907)
(1.10075 0.00194695 -0.00154658)
(0.99452 4.46171e-05 -0.000285549)
(0.980828 -0.000176644 0.000100709)
(0.996291 -8.88724e-06 3.70104e-05)
(0.996908 6.43685e-06 3.42279e-06)
(0.99642 -3.20627e-06 2.7067e-06)
(0.99665 -5.71743e-08 1.85792e-07)
(0.996653 1.75386e-07 -1.79947e-07)
(0.996623 2.05994e-07 -1.93233e-07)
(0.996626 -2.303e-07 9.0314e-08)
(0.996623 2.42548e-07 -1.3978e-07)
(0.996626 -2.37287e-07 1.20779e-07)
(0.996622 2.33914e-07 -1.26345e-07)
(0.996627 -2.37501e-07 1.29954e-07)
(0.996624 2.37541e-07 -1.35693e-07)
(0.996627 -2.30702e-07 1.22187e-07)
(0.996623 2.3451e-07 -1.37185e-07)
(0.996626 -2.34173e-07 1.33335e-07)
(0.996623 2.25503e-07 -1.34397e-07)
(0.996625 -2.14496e-07 1.15308e-07)
(0.996622 1.984e-07 -1.29901e-07)
(0.996622 -1.56845e-07 9.57126e-08)
(0.996621 1.47244e-07 -5.64992e-08)
(0.996623 -1.36246e-07 8.21633e-08)
(0.996621 1.48337e-07 -7.62074e-08)
(0.996624 -1.33706e-07 8.76215e-08)
(0.996619 1.57497e-07 -9.56127e-08)
(1.74339 0.0175422 -0.0107768)
(2.30056 0.00593541 -0.00389911)
(2.25693 0.00116057 -0.000843085)
(2.20949 -0.000312191 0.000159801)
(2.21806 -0.000178098 0.000117792)
(2.22055 -2.14786e-05 2.10399e-05)
(2.22 -4.68257e-06 4.57288e-06)
(2.22008 -8.91323e-07 4.02262e-07)
(2.22012 7.27899e-07 -4.09794e-07)
(2.2201 5.31676e-07 -3.85041e-07)
(2.2201 -3.43087e-08 6.60396e-08)
(2.2201 1.80126e-07 -1.60794e-07)
(2.2201 -1.28999e-07 1.28766e-07)
(2.2201 1.48898e-07 -1.35913e-07)
(2.22011 -1.38136e-07 1.46839e-07)
(2.2201 1.65718e-07 -1.44012e-07)
(2.22011 -1.39756e-07 1.2513e-07)
(2.2201 1.60283e-07 -1.52082e-07)
(2.22011 -1.6223e-07 1.38968e-07)
(2.2201 1.48093e-07 -1.42155e-07)
(2.22011 -1.38902e-07 1.15657e-07)
(2.2201 1.44407e-07 -1.43178e-07)
(2.2201 -1.18469e-07 8.07234e-08)
(2.2201 6.18291e-08 -6.16656e-08)
(2.2201 -1.19476e-07 9.25947e-08)
(2.2201 6.20926e-08 -7.87007e-08)
(2.2201 -9.32356e-08 9.44501e-08)
(2.22009 1.19953e-07 -1.16636e-07)
(2.02781 0.0117839 -0.011784)
(2.85241 0.00456547 -0.00456563)
(2.9283 0.0011589 -0.0011601)
(2.8837 -0.000128782 0.000130307)
(2.87779 -0.000158564 0.000159006)
(2.87642 -4.06103e-05 4.01877e-05)
(2.87537 -8.13869e-06 8.12632e-06)
(2.87538 -5.26983e-07 3.54869e-07)
(2.87546 9.22727e-07 -7.43974e-07)
(2.87548 5.42072e-07 -5.46562e-07)
(2.87549 7.56602e-08 3.76845e-08)
(2.87549 1.04243e-07 -1.79048e-07)
(2.8755 -5.53864e-08 1.38007e-07)
(2.8755 7.23948e-08 -1.49416e-07)
(2.8755 -5.49299e-08 1.56646e-07)
(2.8755 8.59231e-08 -1.58987e-07)
(2.87551 -5.97426e-08 1.3506e-07)
(2.8755 6.93301e-08 -1.67707e-07)
(2.87551 -7.77514e-08 1.50788e-07)
(2.8755 6.16224e-08 -1.56161e-07)
(2.8755 -7.11328e-08 1.24269e-07)
(2.8755 7.73661e-08 -1.65623e-07)
(2.8755 -7.96041e-08 8.98131e-08)
(2.8755 2.22429e-08 -6.11808e-08)
(2.8755 -6.8439e-08 1.13349e-07)
(2.87549 1.68929e-08 -8.20557e-08)
(2.8755 -4.31304e-08 1.0129e-07)
(2.87549 4.38627e-08 -1.26226e-07)
(2.09468 -3.89817e-08 -0.0118888)
(3.00578 -3.60616e-07 -0.00458471)
(3.13388 -2.71184e-07 -0.00122906)
(3.09767 7.41444e-07 0.000110871)
(3.08662 2.01319e-07 0.000167979)
(3.08263 -1.35811e-07 4.72905e-05)
(3.08103 -8.99352e-08 9.9821e-06)
(3.08099 -9.2924e-08 4.30552e-07)
(3.08111 7.68807e-08 -9.16734e-07)
(3.08115 9.50482e-09 -5.98748e-07)
(3.08117 4.80305e-08 3.15868e-09)
(3.08118 -2.70716e-08 -1.61033e-07)
(3.08118 2.97961e-08 1.20173e-07)
(3.08118 -2.99212e-08 -1.31047e-07)
(3.08118 3.77174e-08 1.36921e-07)
(3.08118 -2.73363e-08 -1.41406e-07)
(3.08119 2.5781e-08 1.17312e-07)
(3.08118 -4.01557e-08 -1.50523e-07)
(3.08119 2.53838e-08 1.33092e-07)
(3.08118 -3.77374e-08 -1.39326e-07)
(3.08119 1.65882e-08 1.08728e-07)
(3.08118 -1.6128e-08 -1.55648e-07)
(3.08118 -1.47461e-08 8.2077e-08)
(3.08118 -1.16358e-08 -5.07815e-08)
(3.08118 2.03854e-08 1.06511e-07)
(3.08117 -2.27067e-08 -6.94163e-08)
(3.08118 2.02767e-08 8.80771e-08)
(3.08117 -3.45148e-08 -1.13251e-07)
(2.02781 -0.011784 -0.0117839)
(2.85241 -0.004566 -0.00456555)
(2.92829 -0.00115953 -0.00115988)
(2.8837 0.000130125 0.000129877)
(2.8778 0.000158944 0.000158914)
(2.87643 4.03202e-05 4.02982e-05)
(2.87537 8.00913e-06 8.12911e-06)
(2.87538 3.61625e-07 3.91581e-07)
(2.87546 -7.68331e-07 -7.83424e-07)
(2.87548 -5.32178e-07 -5.20644e-07)
(2.87549 2.75807e-08 1.463e-08)
(2.8755 -1.64345e-07 -1.5025e-07)
(2.8755 1.26979e-07 1.15023e-07)
(2.8755 -1.38357e-07 -1.23352e-07)
(2.8755 1.41416e-07 1.29973e-07)
(2.8755 -1.4545e-07 -1.32142e-07)
(2.87551 1.22489e-07 1.10028e-07)
(2.8755 -1.53724e-07 -1.40919e-07)
(2.87551 1.36647e-07 1.24299e-07)
(2.8755 -1.42328e-07 -1.29784e-07)
(2.8755 1.14048e-07 1.02704e-07)
(2.8755 -1.22607e-07 -1.491e-07)
(2.8755 6.30114e-08 8.43512e-08)
(2.8755 -5.60923e-08 -5.33877e-08)
(2.8755 1.07753e-07 9.62093e-08)
(2.87549 -6.67697e-08 -6.6186e-08)
(2.8755 8.12155e-08 8.06642e-08)
(2.87549 -1.27609e-07 -1.05052e-07)
(1.74339 -0.0175422 -0.0107767)
(2.30056 -0.00593563 -0.00389896)
(2.25692 -0.00116122 -0.000842779)
(2.20949 0.000313095 0.00015917)
(2.21807 0.000178369 0.00011773)
(2.22056 2.125e-05 2.11978e-05)
(2.22 4.66214e-06 4.56248e-06)
(2.22007 7.7478e-07 4.53592e-07)
(2.22012 -6.07094e-07 -4.70261e-07)
(2.2201 -5.31775e-07 -3.48669e-07)
(2.2201 1.08916e-07 3.50374e-08)
(2.2201 -2.23071e-07 -1.22705e-07)
(2.22011 1.85417e-07 9.66357e-08)
(2.2201 -1.98464e-07 -1.02038e-07)
(2.22011 2.07303e-07 1.10976e-07)
(2.2201 -2.06881e-07 -1.08845e-07)
(2.22011 1.89178e-07 9.27799e-08)
(2.2201 -2.19716e-07 -1.16818e-07)
(2.22011 2.06163e-07 1.05012e-07)
(2.2201 -2.0577e-07 -1.07824e-07)
(2.22011 1.7009e-07 8.74193e-08)
(2.2201 -1.92256e-07 -1.24371e-07)
(2.2201 1.21821e-07 7.80963e-08)
(2.2201 -8.95732e-08 -5.36458e-08)
(2.2201 1.40953e-07 7.25e-08)
(2.2201 -9.34948e-08 -5.59964e-08)
(2.2201 1.15392e-07 6.71742e-08)
(2.22009 -1.95956e-07 -8.7992e-08)
(0.955963 -0.00819527 -0.00646903)
(1.10075 -0.00194675 -0.0015466)
(0.994514 -4.50744e-05 -0.000285334)
(0.980831 0.000177194 0.000100143)
(0.996296 8.92395e-06 3.72024e-05)
(0.996909 -6.57096e-06 3.57853e-06)
(0.996421 3.2407e-06 2.59973e-06)
(0.996649 1.97999e-08 2.36055e-07)
(0.996653 -1.27941e-07 -2.32188e-07)
(0.996623 -2.17803e-07 -1.44721e-07)
(0.996627 2.66608e-07 4.06411e-08)
(0.996623 -2.69473e-07 -7.89901e-08)
(0.996626 2.68393e-07 6.3615e-08)
(0.996622 -2.57655e-07 -6.75684e-08)
(0.996627 2.72755e-07 6.80253e-08)
(0.996623 -2.61834e-07 -7.17737e-08)
(0.996627 2.6264e-07 6.21701e-08)
(0.996623 -2.67121e-07 -7.53365e-08)
(0.996626 2.64336e-07 7.22515e-08)
(0.996623 -2.56856e-07 -7.28332e-08)
(0.996625 2.41341e-07 5.87764e-08)
(0.996622 -2.28611e-07 -8.00166e-08)
(0.996622 1.50697e-07 6.01859e-08)
(0.99662 -1.58939e-07 -2.85533e-08)
(0.996623 1.51587e-07 4.72879e-08)
(0.996621 -1.66446e-07 -4.02745e-08)
(0.996624 1.45979e-07 4.68233e-08)
(0.996619 -2.03322e-07 -5.58152e-08)
(0.854285 0.00844516 -0.0104198)
(0.929143 0.00203906 -0.00238983)
(0.803546 3.47978e-05 -0.000336464)
(0.794098 -0.000157381 0.000164948)
(0.811117 -4.84743e-06 4.23708e-05)
(0.811609 5.38209e-06 -8.93184e-07)
(0.811185 -2.65521e-06 2.84799e-06)
(0.811446 7.31951e-09 3.21229e-07)
(0.811439 1.18431e-07 -1.95382e-07)
(0.811407 1.52368e-07 -2.17217e-07)
(0.81141 -1.81053e-07 1.3452e-07)
(0.811406 1.89759e-07 -1.7475e-07)
(0.811408 -1.87088e-07 1.58874e-07)
(0.811405 1.81721e-07 -1.61174e-07)
(0.811409 -1.87413e-07 1.69563e-07)
(0.811406 1.83424e-07 -1.7e-07)
(0.811409 -1.80662e-07 1.58943e-07)
(0.811405 1.83997e-07 -1.73037e-07)
(0.811408 -1.84002e-07 1.6908e-07)
(0.811406 1.75297e-07 -1.68006e-07)
(0.811407 -1.70489e-07 1.46939e-07)
(0.811405 1.51856e-07 -1.55988e-07)
(0.811404 -1.17323e-07 1.108e-07)
(0.811403 1.25021e-07 -8.31049e-08)
(0.811406 -1.04409e-07 1.01547e-07)
(0.811404 1.16661e-07 -9.29903e-08)
(0.811407 -1.08104e-07 1.00894e-07)
(0.811402 1.26594e-07 -1.34638e-07)
(1.51437 0.0164057 -0.0164057)
(1.87653 0.00534561 -0.00534571)
(1.76077 0.000892951 -0.000893756)
(1.72009 -0.000299812 0.000301018)
(1.7376 -0.00013175 0.000131775)
(1.74098 -8.69927e-06 8.37641e-06)
(1.74047 -3.15924e-06 3.24591e-06)
(1.74062 -9.47221e-07 8.22279e-07)
(1.74065 5.32018e-07 -3.85053e-07)
(1.74061 3.8202e-07 -4.0607e-07)
(1.74061 -4.19976e-08 1.12291e-07)
(1.74061 1.35125e-07 -1.98924e-07)
(1.74061 -9.88145e-08 1.63931e-07)
(1.74061 1.13865e-07 -1.74629e-07)
(1.74061 -1.05936e-07 1.85615e-07)
(1.74061 1.26589e-07 -1.85994e-07)
(1.74062 -1.08973e-07 1.68706e-07)
(1.74061 1.2341e-07 -1.95843e-07)
(1.74061 -1.23997e-07 1.8452e-07)
(1.74061 1.12244e-07 -1.84109e-07)
(1.74061 -1.03342e-07 1.50406e-07)
(1.74061 1.08557e-07 -1.74271e-07)
(1.74061 -8.53478e-08 1.09027e-07)
(1.74061 4.73826e-08 -7.42597e-08)
(1.74061 -9.13027e-08 1.20999e-07)
(1.74061 4.70204e-08 -8.80396e-08)
(1.74061 -7.23237e-08 1.12292e-07)
(1.7406 8.93238e-08 -1.66021e-07)
(1.74339 0.0107767 -0.0175422)
(2.30056 0.00389893 -0.00593549)
(2.25693 0.000842061 -0.0011615)
(2.20949 -0.000158247 0.000313269)
(2.21806 -0.000117639 0.000178378)
(2.22056 -2.14765e-05 2.11729e-05)
(2.22 -4.53046e-06 4.71495e-06)
(2.22008 -5.53219e-07 7.62471e-07)
(2.22012 5.90865e-07 -5.83746e-07)
(2.2201 3.70567e-07 -5.45153e-07)
(2.2201 2.25434e-08 1.1831e-07)
(2.2201 8.60266e-08 -2.38334e-07)
(2.2201 -5.45749e-08 1.96564e-07)
(2.2201 6.58316e-08 -2.09537e-07)
(2.22011 -5.42661e-08 2.20798e-07)
(2.2201 7.44251e-08 -2.21414e-07)
(2.22011 -5.78465e-08 2.00803e-07)
(2.2201 6.32233e-08 -2.33352e-07)
(2.22011 -6.90544e-08 2.19235e-07)
(2.2201 5.59923e-08 -2.19046e-07)
(2.22011 -6.2939e-08 1.81164e-07)
(2.2201 6.61205e-08 -2.1134e-07)
(2.2201 -6.42641e-08 1.32828e-07)
(2.2201 3.13821e-08 -9.39433e-08)
(2.2201 -5.48704e-08 1.46701e-07)
(2.2201 2.09186e-08 -1.05394e-07)
(2.2201 -4.06997e-08 1.30664e-07)
(2.22009 4.11476e-08 -1.98205e-07)
(1.79656 -2.12601e-08 -0.0176089)
(2.4179 -2.772e-07 -0.00586257)
(2.40799 -7.50612e-08 -0.0012053)
(2.36271 5.56306e-07 0.000307514)
(2.36749 3.56191e-08 0.000189491)
(2.36886 -1.44231e-07 2.60118e-05)
(2.36815 -6.10665e-08 5.61596e-06)
(2.3682 -5.48581e-08 7.73673e-07)
(2.36825 7.75877e-08 -7.0243e-07)
(2.36824 4.14358e-09 -5.79628e-07)
(2.36825 3.9342e-08 9.31512e-08)
(2.36825 -3.1116e-08 -2.24721e-07)
(2.36825 3.10492e-08 1.82513e-07)
(2.36825 -3.07699e-08 -1.9593e-07)
(2.36825 3.79425e-08 2.05514e-07)
(2.36825 -2.92561e-08 -2.07224e-07)
(2.36826 2.60598e-08 1.86359e-07)
(2.36825 -3.78647e-08 -2.19394e-07)
(2.36826 2.68609e-08 2.04929e-07)
(2.36825 -3.57207e-08 -2.05236e-07)
(2.36825 2.10458e-08 1.67395e-07)
(2.36825 -1.74319e-08 -2.04608e-07)
(2.36825 -5.98462e-09 1.31705e-07)
(2.36825 -1.22916e-08 -8.63977e-08)
(2.36825 1.78333e-08 1.40808e-07)
(2.36824 -2.16781e-08 -9.53301e-08)
(2.36825 1.67555e-08 1.20861e-07)
(2.36824 -3.04224e-08 -1.90305e-07)
(1.74339 -0.0107768 -0.0175422)
(2.30056 -0.00389933 -0.00593542)
(2.25692 -0.000842403 -0.00116144)
(2.20949 0.000159333 0.000312996)
(2.21807 0.00011772 0.00017837)
(2.22056 2.12084e-05 2.12494e-05)
(2.22 4.45332e-06 4.72192e-06)
(2.22007 4.45717e-07 7.82196e-07)
(2.22012 -4.49671e-07 -6.18004e-07)
(2.2201 -3.60471e-07 -5.24637e-07)
(2.2201 4.64395e-08 1.01e-07)
(2.2201 -1.36169e-07 -2.14306e-07)
(2.22011 1.08586e-07 1.77393e-07)
(2.2201 -1.15904e-07 -1.88465e-07)
(2.22011 1.22067e-07 1.9871e-07)
(2.2201 -1.21602e-07 -1.9828e-07)
(2.22011 1.05063e-07 1.80929e-07)
(2.2201 -1.29124e-07 -2.11245e-07)
(2.22011 1.16923e-07 1.97911e-07)
(2.2201 -1.19938e-07 -1.97557e-07)
(2.22011 9.98667e-08 1.61203e-07)
(2.2201 -1.02211e-07 -2.00994e-07)
(2.2201 5.29824e-08 1.31261e-07)
(2.2201 -5.3104e-08 -8.78977e-08)
(2.2201 8.43141e-08 1.34348e-07)
(2.2201 -5.79824e-08 -9.22477e-08)
(2.2201 6.6334e-08 1.15028e-07)
(2.22009 -1.0783e-07 -1.84085e-07)
(1.51437 -0.0164057 -0.0164057)
(1.87653 -0.00534585 -0.00534567)
(1.76076 -0.000893442 -0.000893689)
(1.72009 0.00030065 0.000300604)
(1.73761 0.000131813 0.000131835)
(1.74098 8.51163e-06 8.51326e-06)
(1.74047 3.17453e-06 3.23406e-06)
(1.74062 8.49728e-07 8.43157e-07)
(1.74065 -4.25461e-07 -4.39481e-07)
(1.74061 -3.79981e-07 -3.71815e-07)
(1.74061 8.75942e-08 8.0118e-08)
(1.74061 -1.65821e-07 -1.56769e-07)
(1.74061 1.35386e-07 1.26896e-07)
(1.74061 -1.46738e-07 -1.37087e-07)
(1.74061 1.5449e-07 1.4576e-07)
(1.74061 -1.53811e-07 -1.44799e-07)
(1.74062 1.41027e-07 1.32129e-07)
(1.74061 -1.64518e-07 -1.55824e-07)
(1.74061 1.54287e-07 1.4576e-07)
(1.74061 -1.53354e-07 -1.44795e-07)
(1.74061 1.23767e-07 1.13858e-07)
(1.74061 -1.41641e-07 -1.49953e-07)
(1.74061 8.55255e-08 9.99812e-08)
(1.74061 -6.00937e-08 -6.11412e-08)
(1.74061 1.06035e-07 9.82375e-08)
(1.74061 -6.64026e-08 -6.35601e-08)
(1.74061 8.68838e-08 8.72058e-08)
(1.7406 -1.5158e-07 -1.40106e-07)
(0.854285 -0.00844519 -0.0104198)
(0.929143 -0.00203886 -0.00238982)
(0.803542 -3.52554e-05 -0.000336357)
(0.7941 0.000157919 0.000164557)
(0.81112 4.85302e-06 4.25843e-05)
(0.81161 -5.54176e-06 -8.06387e-07)
(0.811185 2.72363e-06 2.76159e-06)
(0.811445 -4.95851e-08 3.56766e-07)
(0.811439 -6.42733e-08 -2.35838e-07)
(0.811407 -1.80857e-07 -1.87653e-07)
(0.81141 2.30507e-07 1.0387e-07)
(0.811406 -2.34263e-07 -1.36246e-07)
(0.811408 2.34977e-07 1.21303e-07)
(0.811405 -2.2461e-07 -1.23893e-07)
(0.811409 2.40636e-07 1.27795e-07)
(0.811406 -2.28751e-07 -1.27704e-07)
(0.811409 2.3051e-07 1.20357e-07)
(0.811405 -2.34797e-07 -1.31972e-07)
(0.811408 2.3267e-07 1.28516e-07)
(0.811405 -2.25355e-07 -1.26267e-07)
(0.811407 2.14687e-07 1.0966e-07)
(0.811404 -1.99727e-07 -1.22589e-07)
(0.811404 1.32867e-07 8.80667e-08)
(0.811403 -1.4968e-07 -6.46474e-08)
(0.811405 1.30043e-07 7.9108e-08)
(0.811404 -1.4206e-07 -6.9156e-08)
(0.811407 1.30316e-07 7.61546e-08)
(0.811402 -1.78922e-07 -1.04031e-07)
(0.527403 0.0057816 -0.00578161)
(0.51219 0.00101078 -0.00101074)
(0.407302 -2.01459e-05 1.98675e-05)
(0.408366 -7.35356e-05 7.39953e-05)
(0.420925 4.27273e-06 -4.41626e-06)
(0.420415 1.81439e-06 -1.89925e-06)
(0.420183 -1.52551e-06 1.61364e-06)
(0.420413 1.07053e-07 -1.53508e-07)
(0.420395 7.63557e-08 -3.39695e-08)
(0.420373 4.49284e-08 -6.66267e-08)
(0.420375 -5.04685e-08 8.27507e-08)
(0.420373 6.14773e-08 -9.28405e-08)
(0.420374 -5.63412e-08 9.11718e-08)
(0.420372 5.81118e-08 -8.97081e-08)
(0.420374 -5.57276e-08 9.48493e-08)
(0.420373 5.90528e-08 -9.30864e-08)
(0.420374 -5.682e-08 9.10086e-08)
(0.420372 5.82478e-08 -9.50001e-08)
(0.420373 -5.83292e-08 9.39799e-08)
(0.420372 5.46659e-08 -9.21341e-08)
(0.420373 -5.30989e-08 8.35218e-08)
(0.420372 4.59563e-08 -8.19259e-08)
(0.42037 -4.00883e-08 6.1127e-08)
(0.420371 3.4303e-08 -5.36361e-08)
(0.420372 -3.6908e-08 5.3568e-08)
(0.420372 3.40098e-08 -5.33053e-08)
(0.420373 -3.74559e-08 5.54979e-08)
(0.420371 3.46708e-08 -7.2884e-08)
(0.854285 0.0104198 -0.00844518)
(0.929143 0.00238984 -0.002039)
(0.803544 0.000335838 -3.52439e-05)
(0.794099 -0.000163773 0.000158015)
(0.811118 -4.27336e-05 4.74063e-06)
(0.811609 6.34812e-07 -5.51762e-06)
(0.811185 -2.64162e-06 2.76119e-06)
(0.811445 -4.31249e-07 -7.15804e-08)
(0.811439 3.07424e-07 -5.90485e-08)
(0.811407 1.6255e-07 -1.76679e-07)
(0.81141 -5.64338e-08 2.28001e-07)
(0.811406 9.15257e-08 -2.31169e-07)
(0.811408 -7.30851e-08 2.34309e-07)
(0.811405 7.96952e-08 -2.23724e-07)
(0.811409 -7.22421e-08 2.41264e-07)
(0.811406 8.24844e-08 -2.27462e-07)
(0.811409 -7.54617e-08 2.26702e-07)
(0.811405 8.06386e-08 -2.33803e-07)
(0.811408 -8.10086e-08 2.30851e-07)
(0.811405 7.4588e-08 -2.25471e-07)
(0.811407 -7.13659e-08 2.09369e-07)
(0.811405 7.05087e-08 -2.00066e-07)
(0.811404 -5.68252e-08 1.41766e-07)
(0.811403 3.8802e-08 -1.50972e-07)
(0.811406 -5.99364e-08 1.26485e-07)
(0.811404 4.07771e-08 -1.44041e-07)
(0.811407 -4.93065e-08 1.32679e-07)
(0.811402 4.91607e-08 -1.80903e-07)
(0.955963 0.00646904 -0.00819526)
(1.10075 0.00154652 -0.00194687)
(0.994515 0.000284907 -4.49952e-05)
(0.98083 -9.9315e-05 0.00017719)
(0.996294 -3.74485e-05 8.83428e-06)
(0.996908 -3.75277e-06 -6.52814e-06)
(0.99642 -2.48376e-06 3.2716e-06)
(0.99665 -3.0888e-07 5.84014e-09)
(0.996653 3.12027e-07 -1.35559e-07)
(0.996623 1.32033e-07 -2.10033e-07)
(0.996627 -3.1344e-09 2.55101e-07)
(0.996623 3.97679e-08 -2.61332e-07)
(0.996626 -2.38124e-08 2.59687e-07)
(0.996622 3.05033e-08 -2.5123e-07)
(0.996627 -1.94127e-08 2.64818e-07)
(0.996624 3.14974e-08 -2.56579e-07)
(0.996627 -2.7794e-08 2.53361e-07)
(0.996623 2.84905e-08 -2.61372e-07)
(0.996626 -3.10165e-08 2.58985e-07)
(0.996623 2.48982e-08 -2.53168e-07)
(0.996625 -2.76498e-08 2.3246e-07)
(0.996622 3.03309e-08 -2.29382e-07)
(0.996622 -3.03465e-08 1.6354e-07)
(0.99662 8.27013e-09 -1.58793e-07)
(0.996623 -2.95343e-08 1.52236e-07)
(0.996621 9.86406e-09 -1.62775e-07)
(0.996624 -1.87742e-08 1.4721e-07)
(0.996619 1.04191e-08 -1.96825e-07)
(0.979001 -8.41598e-09 -0.00799346)
(1.14747 -1.79831e-07 -0.00181623)
(1.05162 1.08026e-07 -3.82297e-05)
(1.03761 3.22102e-07 0.000180833)
(1.05207 -1.69258e-07 9.53288e-06)
(1.05252 -6.81428e-08 -6.93461e-06)
(1.05199 1.50895e-08 3.43841e-06)
(1.0522 -2.42894e-08 6.48916e-08)
(1.05221 4.58783e-08 -1.83679e-07)
(1.05218 -7.39386e-09 -2.08255e-07)
(1.05219 1.83179e-08 2.45896e-07)
(1.05218 -2.32995e-08 -2.51449e-07)
(1.05219 2.1583e-08 2.4852e-07)
(1.05218 -2.23328e-08 -2.40674e-07)
(1.05219 2.81734e-08 2.5325e-07)
(1.05218 -2.63375e-08 -2.46314e-07)
(1.05219 2.02536e-08 2.4624e-07)
(1.05218 -2.74701e-08 -2.52394e-07)
(1.05219 2.44722e-08 2.51424e-07)
(1.05218 -2.84757e-08 -2.44816e-07)
(1.05219 1.99748e-08 2.2646e-07)
(1.05218 -1.83321e-08 -2.22451e-07)
(1.05218 8.1864e-09 1.55291e-07)
(1.05218 -1.04843e-08 -1.46679e-07)
(1.05218 1.5947e-08 1.48093e-07)
(1.05218 -1.69457e-08 -1.58095e-07)
(1.05219 1.40785e-08 1.36521e-07)
(1.05218 -2.42062e-08 -1.88988e-07)
(0.955963 -0.00646907 -0.00819527)
(1.10075 -0.00154677 -0.00194675)
(0.994514 -0.000284906 -4.51137e-05)
(0.980831 0.000100026 0.00017723)
(0.996295 3.71737e-05 8.92751e-06)
(0.996908 3.58612e-06 -6.57706e-06)
(0.996421 2.5388e-06 3.25161e-06)
(0.99665 2.5075e-07 1.2664e-08)
(0.996653 -2.15146e-07 -1.28817e-07)
(0.996623 -1.56859e-07 -2.17197e-07)
(0.996627 5.3485e-08 2.66971e-07)
(0.996623 -9.49851e-08 -2.69448e-07)
(0.996626 7.90375e-08 2.68421e-07)
(0.996622 -8.45608e-08 -2.58358e-07)
(0.996627 8.72285e-08 2.73463e-07)
(0.996623 -9.18148e-08 -2.61531e-07)
(0.996627 8.00714e-08 2.62377e-07)
(0.996623 -9.19259e-08 -2.67303e-07)
(0.996626 8.86165e-08 2.64658e-07)
(0.996623 -8.93826e-08 -2.56891e-07)
(0.996625 7.64481e-08 2.41366e-07)
(0.996622 -7.67707e-08 -2.32131e-07)
(0.996622 5.07669e-08 1.57745e-07)
(0.99662 -3.60047e-08 -1.6258e-07)
(0.996623 6.23339e-08 1.49856e-07)
(0.996621 -4.80061e-08 -1.65188e-07)
(0.996624 4.97878e-08 1.46372e-07)
(0.996619 -7.0551e-08 -2.02815e-07)
(0.854285 -0.0104198 -0.00844518)
(0.929144 -0.00238988 -0.00203885)
(0.803542 -0.000336108 -3.53332e-05)
(0.7941 0.000164439 0.000157976)
(0.81112 4.25658e-05 4.85764e-06)
(0.81161 -8.01333e-07 -5.54555e-06)
(0.811186 2.73042e-06 2.73289e-06)
(0.811445 3.71367e-07 -5.51398e-08)
(0.811439 -2.25738e-07 -6.75384e-08)
(0.811407 -1.949e-07 -1.78702e-07)
(0.81141 1.11074e-07 2.2846e-07)
(0.811406 -1.45495e-07 -2.31461e-07)
(0.811408 1.30513e-07 2.32119e-07)
(0.811405 -1.33452e-07 -2.21992e-07)
(0.811409 1.39171e-07 2.37241e-07)
(0.811406 -1.4004e-07 -2.24594e-07)
(0.811409 1.31381e-07 2.26892e-07)
(0.811405 -1.41867e-07 -2.31719e-07)
(0.811408 1.3831e-07 2.29634e-07)
(0.811405 -1.36109e-07 -2.22265e-07)
(0.811407 1.21336e-07 2.10742e-07)
(0.811404 -1.22722e-07 -1.99705e-07)
(0.811404 8.03699e-08 1.3658e-07)
(0.811403 -6.82284e-08 -1.4857e-07)
(0.811405 8.91948e-08 1.25963e-07)
(0.811404 -7.44693e-08 -1.40197e-07)
(0.811407 7.76958e-08 1.2989e-07)
(0.811402 -1.12016e-07 -1.7647e-07)
(0.527403 -0.00578161 -0.00578161)
(0.51219 -0.00101074 -0.00101074)
(0.407301 1.99714e-05 1.991e-05)
(0.408366 7.38037e-05 7.38601e-05)
(0.420926 -4.33588e-06 -4.33361e-06)
(0.420415 -1.87576e-06 -1.87864e-06)
(0.420183 1.576e-06 1.58111e-06)
(0.420413 -1.33178e-07 -1.39044e-07)
(0.420395 -4.76269e-08 -4.94833e-08)
(0.420373 -5.94927e-08 -5.76768e-08)
(0.420376 7.32111e-08 7.15954e-08)
(0.420373 -8.28329e-08 -8.0645e-08)
(0.420374 8.00862e-08 7.77862e-08)
(0.420372 -7.95734e-08 -7.74539e-08)
(0.420374 8.26371e-08 7.97994e-08)
(0.420373 -8.22378e-08 -7.88636e-08)
(0.420374 8.06961e-08 7.77263e-08)
(0.420372 -8.32939e-08 -8.07928e-08)
(0.420373 8.24417e-08 7.99794e-08)
(0.420372 -7.99754e-08 -7.7476e-08)
(0.420373 7.40384e-08 7.08841e-08)
(0.420372 -7.01443e-08 -6.93622e-08)
(0.42037 5.15369e-08 5.375e-08)
(0.42037 -4.69213e-08 -4.6171e-08)
(0.420372 4.93106e-08 4.63599e-08)
(0.420371 -4.70213e-08 -4.5247e-08)
(0.420373 4.86591e-08 4.82416e-08)
(0.42037 -6.14182e-08 -5.98942e-08)
)
;

boundaryField
{
    inlet
    {
        type            fixedValue;
        value           uniform (1.667 0 0);
    }
    outlet
    {
        type            zeroGradient;
    }
    Walls
    {
        type            noSlip;
    }
}


// ************************************************************************* //
